id_station;date;time;datetime;sss;RRR;T;Td;t(t-r);n;kp
30622;2020-12-31 00:00:00;23:00;2020-12-31 23:00:00;;;-40.6;-46.2;-229.64343750000018;22.0;-2600.7596874999995
30622;2020-12-31 00:00:00;20:00;2020-12-31 20:00:00;;0.0;-40.0;-45.5;-229.64343750000018;22.0;-2600.7596874999995
30622;2020-12-31 00:00:00;17:00;2020-12-31 17:00:00;;;-37.4;-43.1;-229.64343750000018;22.0;-2600.7596874999995
30622;2020-12-31 00:00:00;14:00;2020-12-31 14:00:00;;;-37.4;-43.8;-229.64343750000018;22.0;-2600.7596874999995
30622;2020-12-31 00:00:00;11:00;2020-12-31 11:00:00;;;-40.9;-46.6;-229.64343750000018;22.0;-2600.7596874999995
30622;2020-12-31 00:00:00;08:00;2020-12-31 08:00:00;19.0;0.0;-42.6;-48.4;-229.64343750000018;22.0;-2600.7596874999995
30622;2020-12-31 00:00:00;05:00;2020-12-31 05:00:00;;;-40.7;-46.3;-229.64343750000018;22.0;-2600.7596874999995
30622;2020-12-31 00:00:00;02:00;2020-12-31 02:00:00;;;-40.6;-46.2;-229.64343750000018;22.0;-2600.7596874999995
30622;2020-12-30 00:00:00;23:00;2020-12-30 23:00:00;;;-40.2;-45.7;-208.4828125;21.0;-2371.116249999999
30622;2020-12-30 00:00:00;20:00;2020-12-30 20:00:00;;0.0;-38.3;-43.5;-208.4828125;21.0;-2371.116249999999
30622;2020-12-30 00:00:00;17:00;2020-12-30 17:00:00;;;-36.7;-42.5;-208.4828125;21.0;-2371.116249999999
30622;2020-12-30 00:00:00;14:00;2020-12-30 14:00:00;;;-36.7;-43.0;-208.4828125;21.0;-2371.116249999999
30622;2020-12-30 00:00:00;11:00;2020-12-30 11:00:00;;;-39.3;-44.7;-208.4828125;21.0;-2371.116249999999
30622;2020-12-30 00:00:00;08:00;2020-12-30 08:00:00;19.0;0.0;-40.9;-45.4;-208.4828125;21.0;-2371.116249999999
30622;2020-12-30 00:00:00;05:00;2020-12-30 05:00:00;;;-39.8;-45.1;-208.4828125;21.0;-2371.116249999999
30622;2020-12-30 00:00:00;02:00;2020-12-30 02:00:00;;;-38.4;-43.4;-208.4828125;21.0;-2371.116249999999
30622;2020-12-29 00:00:00;23:00;2020-12-29 23:00:00;;;-36.3;-41.2;-195.4328124999999;20.0;-2162.633437499999
30622;2020-12-29 00:00:00;20:00;2020-12-29 20:00:00;;0.0;-32.8;-38.1;-195.4328124999999;20.0;-2162.633437499999
30622;2020-12-29 00:00:00;17:00;2020-12-29 17:00:00;;;-32.5;-38.4;-195.4328124999999;20.0;-2162.633437499999
30622;2020-12-29 00:00:00;14:00;2020-12-29 14:00:00;;;-32.9;-39.6;-195.4328124999999;20.0;-2162.633437499999
30622;2020-12-29 00:00:00;11:00;2020-12-29 11:00:00;;;-34.3;-39.9;-195.4328124999999;20.0;-2162.633437499999
30622;2020-12-29 00:00:00;08:00;2020-12-29 08:00:00;19.0;0.0;-35.3;-40.8;-195.4328124999999;20.0;-2162.633437499999
30622;2020-12-29 00:00:00;05:00;2020-12-29 05:00:00;;;-36.1;-41.7;-195.4328124999999;20.0;-2162.633437499999
30622;2020-12-29 00:00:00;02:00;2020-12-29 02:00:00;;;-35.3;-41.2;-195.4328124999999;20.0;-2162.633437499999
30622;2020-12-28 00:00:00;23:00;2020-12-28 23:00:00;;;-35.1;-41.1;-192.47515624999988;19.0;-1967.2006249999995
30622;2020-12-28 00:00:00;20:00;2020-12-28 20:00:00;;0.0;-33.8;-39.5;-192.47515624999988;19.0;-1967.2006249999995
30622;2020-12-28 00:00:00;17:00;2020-12-28 17:00:00;;;-31.6;-37.9;-192.47515624999988;19.0;-1967.2006249999995
30622;2020-12-28 00:00:00;14:00;2020-12-28 14:00:00;;;-30.8;-37.3;-192.47515624999988;19.0;-1967.2006249999995
30622;2020-12-28 00:00:00;11:00;2020-12-28 11:00:00;;;-31.5;-37.8;-192.47515624999988;19.0;-1967.2006249999995
30622;2020-12-28 00:00:00;08:00;2020-12-28 08:00:00;19.0;0.2;-31.6;-37.4;-192.47515624999988;19.0;-1967.2006249999995
30622;2020-12-28 00:00:00;05:00;2020-12-28 05:00:00;;;-30.9;-36.8;-192.47515624999988;19.0;-1967.2006249999995
30622;2020-12-28 00:00:00;02:00;2020-12-28 02:00:00;;;-30.8;-36.4;-192.47515624999988;19.0;-1967.2006249999995
30622;2020-12-27 00:00:00;23:00;2020-12-27 23:00:00;;;-31.2;-36.5;-168.48999999999995;18.0;-1774.7254687499997
30622;2020-12-27 00:00:00;20:00;2020-12-27 20:00:00;;0.0;-32.2;-37.2;-168.48999999999995;18.0;-1774.7254687499997
30622;2020-12-27 00:00:00;17:00;2020-12-27 17:00:00;;;-30.2;-36.1;-168.48999999999995;18.0;-1774.7254687499997
30622;2020-12-27 00:00:00;14:00;2020-12-27 14:00:00;;;-28.3;-35.7;-168.48999999999995;18.0;-1774.7254687499997
30622;2020-12-27 00:00:00;11:00;2020-12-27 11:00:00;;;-28.6;-36.0;-168.48999999999995;18.0;-1774.7254687499997
30622;2020-12-27 00:00:00;08:00;2020-12-27 08:00:00;19.0;0.0;-27.8;-33.3;-168.48999999999995;18.0;-1774.7254687499997
30622;2020-12-27 00:00:00;05:00;2020-12-27 05:00:00;;;-31.0;-35.4;-168.48999999999995;18.0;-1774.7254687499997
30622;2020-12-27 00:00:00;02:00;2020-12-27 02:00:00;;;-31.4;-35.3;-168.48999999999995;18.0;-1774.7254687499997
30622;2020-12-26 00:00:00;23:00;2020-12-26 23:00:00;;;-28.9;-33.0;-109.41328125000001;17.0;-1606.2354687499997
30622;2020-12-26 00:00:00;20:00;2020-12-26 20:00:00;;0.0;-23.6;-29.6;-109.41328125000001;17.0;-1606.2354687499997
30622;2020-12-26 00:00:00;17:00;2020-12-26 17:00:00;;;-21.0;-27.1;-109.41328125000001;17.0;-1606.2354687499997
30622;2020-12-26 00:00:00;14:00;2020-12-26 14:00:00;;;-17.8;-26.1;-109.41328125000001;17.0;-1606.2354687499997
30622;2020-12-26 00:00:00;11:00;2020-12-26 11:00:00;;;-20.8;-24.8;-109.41328125000001;17.0;-1606.2354687499997
30622;2020-12-26 00:00:00;08:00;2020-12-26 08:00:00;19.0;0.6;-18.8;-22.6;-109.41328125000001;17.0;-1606.2354687499997
30622;2020-12-26 00:00:00;05:00;2020-12-26 05:00:00;;;-21.5;-25.5;-109.41328125000001;17.0;-1606.2354687499997
30622;2020-12-26 00:00:00;02:00;2020-12-26 02:00:00;;;-23.1;-26.7;-109.41328125000001;17.0;-1606.2354687499997
30622;2020-12-25 00:00:00;23:00;2020-12-25 23:00:00;;;-23.2;-26.8;-118.67437500000003;16.0;-1496.8221874999997
30622;2020-12-25 00:00:00;20:00;2020-12-25 20:00:00;;0.0;-25.8;-29.6;-118.67437500000003;16.0;-1496.8221874999997
30622;2020-12-25 00:00:00;17:00;2020-12-25 17:00:00;;;-29.8;-34.2;-118.67437500000003;16.0;-1496.8221874999997
30622;2020-12-25 00:00:00;14:00;2020-12-25 14:00:00;;;-27.4;-32.0;-118.67437500000003;16.0;-1496.8221874999997
30622;2020-12-25 00:00:00;11:00;2020-12-25 11:00:00;;;-31.6;-36.0;-118.67437500000003;16.0;-1496.8221874999997
30622;2020-12-25 00:00:00;08:00;2020-12-25 08:00:00;18.0;0.4;-31.2;-35.5;-118.67437500000003;16.0;-1496.8221874999997
30622;2020-12-25 00:00:00;05:00;2020-12-25 05:00:00;;;-29.1;-33.3;-118.67437500000003;16.0;-1496.8221874999997
30622;2020-12-25 00:00:00;02:00;2020-12-25 02:00:00;;;-29.3;-33.4;-118.67437500000003;16.0;-1496.8221874999997
30622;2020-12-24 00:00:00;23:00;2020-12-24 23:00:00;;;-26.8;-30.7;-117.39031249999994;15.0;-1378.1478124999996
30622;2020-12-24 00:00:00;20:00;2020-12-24 20:00:00;;0.2;-27.2;-31.1;-117.39031249999994;15.0;-1378.1478124999996
30622;2020-12-24 00:00:00;17:00;2020-12-24 17:00:00;;;-28.4;-32.5;-117.39031249999994;15.0;-1378.1478124999996
30622;2020-12-24 00:00:00;14:00;2020-12-24 14:00:00;;;-27.9;-32.0;-117.39031249999994;15.0;-1378.1478124999996
30622;2020-12-24 00:00:00;11:00;2020-12-24 11:00:00;;;-31.2;-35.4;-117.39031249999994;15.0;-1378.1478124999996
30622;2020-12-24 00:00:00;08:00;2020-12-24 08:00:00;18.0;0.0;-33.2;-37.4;-117.39031249999994;15.0;-1378.1478124999996
30622;2020-12-24 00:00:00;05:00;2020-12-24 05:00:00;;;-30.4;-34.4;-117.39031249999994;15.0;-1378.1478124999996
30622;2020-12-24 00:00:00;02:00;2020-12-24 02:00:00;;;-27.5;-31.4;-117.39031249999994;15.0;-1378.1478124999996
30622;2020-12-23 00:00:00;23:00;2020-12-23 23:00:00;;;-27.0;-30.4;-85.09031250000007;14.0;-1260.7574999999997
30622;2020-12-23 00:00:00;20:00;2020-12-23 20:00:00;;0.0;-20.9;-23.7;-85.09031250000007;14.0;-1260.7574999999997
30622;2020-12-23 00:00:00;17:00;2020-12-23 17:00:00;;;-22.4;-25.9;-85.09031250000007;14.0;-1260.7574999999997
30622;2020-12-23 00:00:00;14:00;2020-12-23 14:00:00;;;-23.6;-27.6;-85.09031250000007;14.0;-1260.7574999999997
30622;2020-12-23 00:00:00;11:00;2020-12-23 11:00:00;;;-27.4;-31.3;-85.09031250000007;14.0;-1260.7574999999997
30622;2020-12-23 00:00:00;08:00;2020-12-23 08:00:00;18.0;0.5;-28.2;-32.1;-85.09031250000007;14.0;-1260.7574999999997
30622;2020-12-23 00:00:00;05:00;2020-12-23 05:00:00;;;-21.4;-24.7;-85.09031250000007;14.0;-1260.7574999999997
30622;2020-12-23 00:00:00;02:00;2020-12-23 02:00:00;;;-22.9;-26.2;-85.09031250000007;14.0;-1260.7574999999997
30622;2020-12-22 00:00:00;23:00;2020-12-22 23:00:00;;;-20.6;-23.6;-81.34656249999998;13.0;-1175.6671874999997
30622;2020-12-22 00:00:00;20:00;2020-12-22 20:00:00;;0.2;-20.2;-23.3;-81.34656249999998;13.0;-1175.6671874999997
30622;2020-12-22 00:00:00;17:00;2020-12-22 17:00:00;;;-18.8;-22.2;-81.34656249999998;13.0;-1175.6671874999997
30622;2020-12-22 00:00:00;14:00;2020-12-22 14:00:00;;;-19.2;-23.6;-81.34656249999998;13.0;-1175.6671874999997
30622;2020-12-22 00:00:00;11:00;2020-12-22 11:00:00;;;-22.9;-26.4;-81.34656249999998;13.0;-1175.6671874999997
30622;2020-12-22 00:00:00;08:00;2020-12-22 08:00:00;18.0;0.0;-25.2;-28.9;-81.34656249999998;13.0;-1175.6671874999997
30622;2020-12-22 00:00:00;05:00;2020-12-22 05:00:00;;;-26.2;-29.9;-81.34656249999998;13.0;-1175.6671874999997
30622;2020-12-22 00:00:00;02:00;2020-12-22 02:00:00;;;-28.3;-32.2;-81.34656249999998;13.0;-1175.6671874999997
30622;2020-12-21 00:00:00;23:00;2020-12-21 23:00:00;;;-26.4;-30.0;-65.34000000000002;12.0;-1094.3206249999998
30622;2020-12-21 00:00:00;20:00;2020-12-21 20:00:00;;0.0;-22.8;-25.7;-65.34000000000002;12.0;-1094.3206249999998
30622;2020-12-21 00:00:00;17:00;2020-12-21 17:00:00;;;-18.9;-22.1;-65.34000000000002;12.0;-1094.3206249999998
30622;2020-12-21 00:00:00;14:00;2020-12-21 14:00:00;;;-14.7;-19.4;-65.34000000000002;12.0;-1094.3206249999998
30622;2020-12-21 00:00:00;11:00;2020-12-21 11:00:00;;;-18.7;-21.9;-65.34000000000002;12.0;-1094.3206249999998
30622;2020-12-21 00:00:00;08:00;2020-12-21 08:00:00;18.0;0.0;-20.2;-23.1;-65.34000000000002;12.0;-1094.3206249999998
30622;2020-12-21 00:00:00;05:00;2020-12-21 05:00:00;;;-17.9;-20.7;-65.34000000000002;12.0;-1094.3206249999998
30622;2020-12-21 00:00:00;02:00;2020-12-21 02:00:00;;;-18.8;-21.9;-65.34000000000002;12.0;-1094.3206249999998
30622;2020-12-20 00:00:00;23:00;2020-12-20 23:00:00;;;-17.5;-20.8;-74.60125;11.0;-1028.980625
30622;2020-12-20 00:00:00;20:00;2020-12-20 20:00:00;;0.0;-20.8;-24.0;-74.60125;11.0;-1028.980625
30622;2020-12-20 00:00:00;17:00;2020-12-20 17:00:00;;;-21.5;-25.4;-74.60125;11.0;-1028.980625
30622;2020-12-20 00:00:00;14:00;2020-12-20 14:00:00;;;-18.6;-23.4;-74.60125;11.0;-1028.980625
30622;2020-12-20 00:00:00;11:00;2020-12-20 11:00:00;;;-21.4;-25.0;-74.60125;11.0;-1028.980625
30622;2020-12-20 00:00:00;08:00;2020-12-20 08:00:00;18.0;0.0;-20.2;-23.7;-74.60125;11.0;-1028.980625
30622;2020-12-20 00:00:00;05:00;2020-12-20 05:00:00;;;-20.0;-23.7;-74.60125;11.0;-1028.980625
30622;2020-12-20 00:00:00;02:00;2020-12-20 02:00:00;;;-21.3;-24.9;-74.60125;11.0;-1028.980625
30622;2020-12-19 00:00:00;23:00;2020-12-19 23:00:00;;;-21.9;-25.5;-88.69421874999998;10.0;-954.3793749999999
30622;2020-12-19 00:00:00;20:00;2020-12-19 20:00:00;;0.0;-24.2;-27.7;-88.69421874999998;10.0;-954.3793749999999
30622;2020-12-19 00:00:00;17:00;2020-12-19 17:00:00;;;-21.9;-26.0;-88.69421874999998;10.0;-954.3793749999999
30622;2020-12-19 00:00:00;14:00;2020-12-19 14:00:00;;;-21.4;-26.4;-88.69421874999998;10.0;-954.3793749999999
30622;2020-12-19 00:00:00;11:00;2020-12-19 11:00:00;;;-24.7;-28.6;-88.69421874999998;10.0;-954.3793749999999
30622;2020-12-19 00:00:00;08:00;2020-12-19 08:00:00;18.0;0.4;-25.3;-28.9;-88.69421874999998;10.0;-954.3793749999999
30622;2020-12-19 00:00:00;05:00;2020-12-19 05:00:00;;;-23.3;-26.6;-88.69421874999998;10.0;-954.3793749999999
30622;2020-12-19 00:00:00;02:00;2020-12-19 02:00:00;;;-22.2;-25.9;-88.69421874999998;10.0;-954.3793749999999
30622;2020-12-18 00:00:00;23:00;2020-12-18 23:00:00;;;-22.9;-26.5;-110.65468750000008;9.0;-865.6851562499999
30622;2020-12-18 00:00:00;20:00;2020-12-18 20:00:00;;0.3;-22.8;-26.7;-110.65468750000008;9.0;-865.6851562499999
30622;2020-12-18 00:00:00;17:00;2020-12-18 17:00:00;;;-24.8;-29.2;-110.65468750000008;9.0;-865.6851562499999
30622;2020-12-18 00:00:00;14:00;2020-12-18 14:00:00;;;-24.4;-29.3;-110.65468750000008;9.0;-865.6851562499999
30622;2020-12-18 00:00:00;11:00;2020-12-18 11:00:00;;;-26.4;-30.4;-110.65468750000008;9.0;-865.6851562499999
30622;2020-12-18 00:00:00;08:00;2020-12-18 08:00:00;17.0;0.0;-28.9;-33.1;-110.65468750000008;9.0;-865.6851562499999
30622;2020-12-18 00:00:00;05:00;2020-12-18 05:00:00;;;-28.9;-33.0;-110.65468750000008;9.0;-865.6851562499999
30622;2020-12-18 00:00:00;02:00;2020-12-18 02:00:00;;;-32.3;-36.7;-110.65468750000008;9.0;-865.6851562499999
30622;2020-12-17 00:00:00;23:00;2020-12-17 23:00:00;;;-33.6;-38.1;-109.85937499999999;8.0;-755.0304687499997
30622;2020-12-17 00:00:00;20:00;2020-12-17 20:00:00;;0.0;-32.4;-36.4;-109.85937499999999;8.0;-755.0304687499997
30622;2020-12-17 00:00:00;17:00;2020-12-17 17:00:00;;;-27.1;-30.8;-109.85937499999999;8.0;-755.0304687499997
30622;2020-12-17 00:00:00;14:00;2020-12-17 14:00:00;;;-25.7;-30.0;-109.85937499999999;8.0;-755.0304687499997
30622;2020-12-17 00:00:00;11:00;2020-12-17 11:00:00;;;-28.2;-32.2;-109.85937499999999;8.0;-755.0304687499997
30622;2020-12-17 00:00:00;08:00;2020-12-17 08:00:00;17.0;0.0;-30.1;-33.8;-109.85937499999999;8.0;-755.0304687499997
30622;2020-12-17 00:00:00;05:00;2020-12-17 05:00:00;;;-25.2;-28.1;-109.85937499999999;8.0;-755.0304687499997
30622;2020-12-17 00:00:00;02:00;2020-12-17 02:00:00;;;-20.2;-24.7;-109.85937499999999;8.0;-755.0304687499997
30622;2020-12-16 00:00:00;23:00;2020-12-16 23:00:00;;;-15.7;-22.8;-71.42906249999999;7.0;-645.1710937499997
30622;2020-12-16 00:00:00;20:00;2020-12-16 20:00:00;;0.4;-13.0;-16.0;-71.42906249999999;7.0;-645.1710937499997
30622;2020-12-16 00:00:00;17:00;2020-12-16 17:00:00;;;-12.3;-16.1;-71.42906249999999;7.0;-645.1710937499997
30622;2020-12-16 00:00:00;14:00;2020-12-16 14:00:00;;;-16.4;-21.0;-71.42906249999999;7.0;-645.1710937499997
30622;2020-12-16 00:00:00;11:00;2020-12-16 11:00:00;;;-20.1;-23.6;-71.42906249999999;7.0;-645.1710937499997
30622;2020-12-16 00:00:00;08:00;2020-12-16 08:00:00;17.0;0.0;-20.5;-23.9;-71.42906249999999;7.0;-645.1710937499997
30622;2020-12-16 00:00:00;05:00;2020-12-16 05:00:00;;;-20.6;-24.2;-71.42906249999999;7.0;-645.1710937499997
30622;2020-12-16 00:00:00;02:00;2020-12-16 02:00:00;;;-21.2;-24.9;-71.42906249999999;7.0;-645.1710937499997
30622;2020-12-15 00:00:00;23:00;2020-12-15 23:00:00;;;-22.4;-26.2;-110.765625;6.0;-573.7420312499997
30622;2020-12-15 00:00:00;20:00;2020-12-15 20:00:00;;0.2;-22.1;-26.1;-110.765625;6.0;-573.7420312499997
30622;2020-12-15 00:00:00;17:00;2020-12-15 17:00:00;;;-23.4;-27.7;-110.765625;6.0;-573.7420312499997
30622;2020-12-15 00:00:00;14:00;2020-12-15 14:00:00;;;-24.7;-30.0;-110.765625;6.0;-573.7420312499997
30622;2020-12-15 00:00:00;11:00;2020-12-15 11:00:00;;;-28.3;-32.5;-110.765625;6.0;-573.7420312499997
30622;2020-12-15 00:00:00;08:00;2020-12-15 08:00:00;17.0;0.7;-30.8;-34.8;-110.765625;6.0;-573.7420312499997
30622;2020-12-15 00:00:00;05:00;2020-12-15 05:00:00;;;-28.1;-32.2;-110.765625;6.0;-573.7420312499997
30622;2020-12-15 00:00:00;02:00;2020-12-15 02:00:00;;;-28.7;-33.0;-110.765625;6.0;-573.7420312499997
30622;2020-12-14 00:00:00;23:00;2020-12-14 23:00:00;;;-26.9;-31.4;-157.59656249999986;5.0;-462.97640624999974
30622;2020-12-14 00:00:00;20:00;2020-12-14 20:00:00;;0.4;-28.4;-33.0;-157.59656249999986;5.0;-462.97640624999974
30622;2020-12-14 00:00:00;17:00;2020-12-14 17:00:00;;;-29.7;-34.6;-157.59656249999986;5.0;-462.97640624999974
30622;2020-12-14 00:00:00;14:00;2020-12-14 14:00:00;;;-31.2;-36.3;-157.59656249999986;5.0;-462.97640624999974
30622;2020-12-14 00:00:00;11:00;2020-12-14 11:00:00;;;-34.5;-39.4;-157.59656249999986;5.0;-462.97640624999974
30622;2020-12-14 00:00:00;08:00;2020-12-14 08:00:00;16.0;0.0;-37.2;-42.3;-157.59656249999986;5.0;-462.97640624999974
30622;2020-12-14 00:00:00;05:00;2020-12-14 05:00:00;;;-37.4;-42.3;-157.59656249999986;5.0;-462.97640624999974
30622;2020-12-14 00:00:00;02:00;2020-12-14 02:00:00;;;-36.0;-40.6;-157.59656249999986;5.0;-462.97640624999974
30622;2020-12-13 00:00:00;23:00;2020-12-13 23:00:00;;;-33.0;-37.1;-139.66187499999998;4.0;-305.37984374999985
30622;2020-12-13 00:00:00;20:00;2020-12-13 20:00:00;;0.0;-30.1;-34.4;-139.66187499999998;4.0;-305.37984374999985
30622;2020-12-13 00:00:00;17:00;2020-12-13 17:00:00;;;-29.7;-34.4;-139.66187499999998;4.0;-305.37984374999985
30622;2020-12-13 00:00:00;14:00;2020-12-13 14:00:00;;;-28.5;-34.4;-139.66187499999998;4.0;-305.37984374999985
30622;2020-12-13 00:00:00;11:00;2020-12-13 11:00:00;;;-31.7;-36.1;-139.66187499999998;4.0;-305.37984374999985
30622;2020-12-13 00:00:00;08:00;2020-12-13 08:00:00;13.0;0.0;-34.4;-38.9;-139.66187499999998;4.0;-305.37984374999985
30622;2020-12-13 00:00:00;05:00;2020-12-13 05:00:00;;;-31.6;-35.7;-139.66187499999998;4.0;-305.37984374999985
30622;2020-12-13 00:00:00;02:00;2020-12-13 02:00:00;;;-28.6;-32.7;-139.66187499999998;4.0;-305.37984374999985
30622;2020-12-12 00:00:00;23:00;2020-12-12 23:00:00;;;-27.6;-31.7;-135.1859374999999;3.0;-165.7179687499999
30622;2020-12-12 00:00:00;20:00;2020-12-12 20:00:00;;0.0;-28.4;-32.7;-135.1859374999999;3.0;-165.7179687499999
30622;2020-12-12 00:00:00;17:00;2020-12-12 17:00:00;;;-28.0;-32.6;-135.1859374999999;3.0;-165.7179687499999
30622;2020-12-12 00:00:00;14:00;2020-12-12 14:00:00;;;-29.4;-34.3;-135.1859374999999;3.0;-165.7179687499999
30622;2020-12-12 00:00:00;11:00;2020-12-12 11:00:00;;;-31.4;-35.9;-135.1859374999999;3.0;-165.7179687499999
30622;2020-12-12 00:00:00;08:00;2020-12-12 08:00:00;16.0;0.2;-32.1;-36.5;-135.1859374999999;3.0;-165.7179687499999
30622;2020-12-12 00:00:00;05:00;2020-12-12 05:00:00;;;-31.6;-36.1;-135.1859374999999;3.0;-165.7179687499999
30622;2020-12-12 00:00:00;02:00;2020-12-12 02:00:00;;;-32.5;-37.1;-135.1859374999999;3.0;-165.7179687499999
30622;2020-11-12 00:00:00;23:00;2020-11-12 23:00:00;;;-32.6;-37.1;-146.72312500000018;1.0;-154.65125000000018
30622;2020-11-12 00:00:00;20:00;2020-11-12 20:00:00;;0.0;-33.2;-37.7;-146.72312500000018;1.0;-154.65125000000018
30622;2020-11-12 00:00:00;17:00;2020-11-12 17:00:00;;;-30.7;-35.2;-146.72312500000018;1.0;-154.65125000000018
30622;2020-11-12 00:00:00;14:00;2020-11-12 14:00:00;;;-30.2;-34.9;-146.72312500000018;1.0;-154.65125000000018
30622;2020-11-12 00:00:00;11:00;2020-11-12 11:00:00;;;-31.7;-36.0;-146.72312500000018;1.0;-154.65125000000018
30622;2020-11-12 00:00:00;08:00;2020-11-12 08:00:00;16.0;0.0;-34.0;-38.6;-146.72312500000018;1.0;-154.65125000000018
30622;2020-11-12 00:00:00;05:00;2020-11-12 05:00:00;;;-34.5;-39.2;-146.72312500000018;1.0;-154.65125000000018
30622;2020-11-12 00:00:00;02:00;2020-11-12 02:00:00;;;-32.5;-36.9;-146.72312500000018;1.0;-154.65125000000018
30622;2020-10-12 00:00:00;23:00;2020-10-12 23:00:00;;;-31.1;-35.1;-95.39203125000004;15.0;466.47187499999995
30622;2020-10-12 00:00:00;20:00;2020-10-12 20:00:00;;0.0;-29.8;-33.7;-95.39203125000004;15.0;466.47187499999995
30622;2020-10-12 00:00:00;17:00;2020-10-12 17:00:00;;;-23.7;-27.4;-95.39203125000004;15.0;466.47187499999995
30622;2020-10-12 00:00:00;14:00;2020-10-12 14:00:00;;;-17.6;-24.1;-95.39203125000004;15.0;466.47187499999995
30622;2020-10-12 00:00:00;11:00;2020-10-12 11:00:00;;;-23.2;-27.0;-95.39203125000004;15.0;466.47187499999995
30622;2020-10-12 00:00:00;08:00;2020-10-12 08:00:00;16.0;0.2;-22.0;-25.8;-95.39203125000004;15.0;466.47187499999995
30622;2020-10-12 00:00:00;05:00;2020-10-12 05:00:00;;;-22.6;-26.1;-95.39203125000004;15.0;466.47187499999995
30622;2020-10-12 00:00:00;02:00;2020-10-12 02:00:00;;;-16.7;-20.2;-95.39203125000004;15.0;466.47187499999995
30622;2020-09-12 00:00:00;23:00;2020-09-12 23:00:00;;;-15.5;-22.8;-75.12562499999999;3.0;-33.3696875
30622;2020-09-12 00:00:00;20:00;2020-09-12 20:00:00;;0.2;-15.3;-22.2;-75.12562499999999;3.0;-33.3696875
30622;2020-09-12 00:00:00;17:00;2020-09-12 17:00:00;;;-10.8;-19.8;-75.12562499999999;3.0;-33.3696875
30622;2020-09-12 00:00:00;14:00;2020-09-12 14:00:00;;;-11.8;-15.8;-75.12562499999999;3.0;-33.3696875
30622;2020-09-12 00:00:00;11:00;2020-09-12 11:00:00;;;-15.4;-18.6;-75.12562499999999;3.0;-33.3696875
30622;2020-09-12 00:00:00;08:00;2020-09-12 08:00:00;16.0;0.0;-17.6;-20.5;-75.12562499999999;3.0;-33.3696875
30622;2020-09-12 00:00:00;05:00;2020-09-12 05:00:00;;;-19.6;-22.5;-75.12562499999999;3.0;-33.3696875
30622;2020-09-12 00:00:00;02:00;2020-09-12 02:00:00;;;-17.6;-20.3;-75.12562499999999;3.0;-33.3696875
30622;2020-08-12 00:00:00;23:00;2020-08-12 23:00:00;;;-17.0;-19.6;-46.186875;5.0;107.64031249999992
30622;2020-08-12 00:00:00;20:00;2020-08-12 20:00:00;;0.0;-16.9;-19.4;-46.186875;5.0;107.64031249999992
30622;2020-08-12 00:00:00;17:00;2020-08-12 17:00:00;;;-13.8;-17.0;-46.186875;5.0;107.64031249999992
30622;2020-08-12 00:00:00;14:00;2020-08-12 14:00:00;;;-12.7;-16.8;-46.186875;5.0;107.64031249999992
30622;2020-08-12 00:00:00;11:00;2020-08-12 11:00:00;;;-14.8;-18.1;-46.186875;5.0;107.64031249999992
30622;2020-08-12 00:00:00;08:00;2020-08-12 08:00:00;16.0;0.0;-15.2;-18.3;-46.186875;5.0;107.64031249999992
30622;2020-08-12 00:00:00;05:00;2020-08-12 05:00:00;;;-13.9;-17.0;-46.186875;5.0;107.64031249999992
30622;2020-08-12 00:00:00;02:00;2020-08-12 02:00:00;;;-13.0;-16.3;-46.186875;5.0;107.64031249999992
30622;2020-07-12 00:00:00;23:00;2020-07-12 23:00:00;;;-11.6;-15.0;-53.287500000000016;4.0;10.216093749999992
30622;2020-07-12 00:00:00;20:00;2020-07-12 20:00:00;;0.0;-13.4;-17.5;-53.287500000000016;4.0;10.216093749999992
30622;2020-07-12 00:00:00;17:00;2020-07-12 17:00:00;;;-9.3;-15.1;-53.287500000000016;4.0;10.216093749999992
30622;2020-07-12 00:00:00;14:00;2020-07-12 14:00:00;;;-9.1;-15.3;-53.287500000000016;4.0;10.216093749999992
30622;2020-07-12 00:00:00;11:00;2020-07-12 11:00:00;;;-11.7;-16.1;-53.287500000000016;4.0;10.216093749999992
30622;2020-07-12 00:00:00;08:00;2020-07-12 08:00:00;16.0;0.0;-16.2;-19.2;-53.287500000000016;4.0;10.216093749999992
30622;2020-07-12 00:00:00;05:00;2020-07-12 05:00:00;;;-12.8;-17.1;-53.287500000000016;4.0;10.216093749999992
30622;2020-07-12 00:00:00;02:00;2020-07-12 02:00:00;;;-13.9;-17.5;-53.287500000000016;4.0;10.216093749999992
30622;2020-06-12 00:00:00;23:00;2020-06-12 23:00:00;;;-17.5;-20.5;-73.921875;4.0;6.673749999999998
30622;2020-06-12 00:00:00;20:00;2020-06-12 20:00:00;;0.0;-18.6;-21.6;-73.921875;4.0;6.673749999999998
30622;2020-06-12 00:00:00;17:00;2020-06-12 17:00:00;;;-16.1;-20.0;-73.921875;4.0;6.673749999999998
30622;2020-06-12 00:00:00;14:00;2020-06-12 14:00:00;;;-15.6;-20.2;-73.921875;4.0;6.673749999999998
30622;2020-06-12 00:00:00;11:00;2020-06-12 11:00:00;;;-19.3;-22.8;-73.921875;4.0;6.673749999999998
30622;2020-06-12 00:00:00;08:00;2020-06-12 08:00:00;16.0;0.0;-23.8;-27.3;-73.921875;4.0;6.673749999999998
30622;2020-06-12 00:00:00;05:00;2020-06-12 05:00:00;;;-28.0;-31.6;-73.921875;4.0;6.673749999999998
30622;2020-06-12 00:00:00;02:00;2020-06-12 02:00:00;;;-27.1;-30.5;-73.921875;4.0;6.673749999999998
30622;2020-05-12 00:00:00;23:00;2020-05-12 23:00:00;;;-21.8;-25.0;-70.59203125;64.0;2008.6396874999998
30622;2020-05-12 00:00:00;20:00;2020-05-12 20:00:00;;0.0;-16.3;-20.1;-70.59203125;64.0;2008.6396874999998
30622;2020-05-12 00:00:00;17:00;2020-05-12 17:00:00;;;-13.2;-18.3;-70.59203125;64.0;2008.6396874999998
30622;2020-05-12 00:00:00;14:00;2020-05-12 14:00:00;;;-12.3;-17.7;-70.59203125;64.0;2008.6396874999998
30622;2020-05-12 00:00:00;11:00;2020-05-12 11:00:00;;;-20.7;-23.9;-70.59203125;64.0;2008.6396874999998
30622;2020-05-12 00:00:00;08:00;2020-05-12 08:00:00;16.0;0.0;-22.9;-26.0;-70.59203125;64.0;2008.6396874999998
30622;2020-05-12 00:00:00;05:00;2020-05-12 05:00:00;;;-22.3;-25.4;-70.59203125;64.0;2008.6396874999998
30622;2020-05-12 00:00:00;02:00;2020-05-12 02:00:00;;;-21.6;-24.6;-70.59203125;64.0;2008.6396874999998
30622;2020-04-12 00:00:00;23:00;2020-04-12 23:00:00;;;-21.8;-24.4;-55.128125;34.0;-105.80140624999997
30622;2020-04-12 00:00:00;20:00;2020-04-12 20:00:00;;0.0;-19.1;-21.5;-55.128125;34.0;-105.80140624999997
30622;2020-04-12 00:00:00;17:00;2020-04-12 17:00:00;;;-15.5;-19.3;-55.128125;34.0;-105.80140624999997
30622;2020-04-12 00:00:00;14:00;2020-04-12 14:00:00;;;-12.4;-17.7;-55.128125;34.0;-105.80140624999997
30622;2020-04-12 00:00:00;11:00;2020-04-12 11:00:00;;;-14.4;-17.9;-55.128125;34.0;-105.80140624999997
30622;2020-04-12 00:00:00;08:00;2020-04-12 08:00:00;16.0;0.0;-15.7;-18.4;-55.128125;34.0;-105.80140624999997
30622;2020-04-12 00:00:00;05:00;2020-04-12 05:00:00;;;-17.1;-19.9;-55.128125;34.0;-105.80140624999997
30622;2020-04-12 00:00:00;02:00;2020-04-12 02:00:00;;;-19.7;-22.6;-55.128125;34.0;-105.80140624999997
30622;2020-03-12 00:00:00;23:00;2020-03-12 23:00:00;;;-20.9;-23.8;-60.57218749999996;3.0;-31.73171874999997
30622;2020-03-12 00:00:00;20:00;2020-03-12 20:00:00;;0.0;-19.9;-22.3;-60.57218749999996;3.0;-31.73171874999997
30622;2020-03-12 00:00:00;17:00;2020-03-12 17:00:00;;;-15.8;-19.2;-60.57218749999996;3.0;-31.73171874999997
30622;2020-03-12 00:00:00;14:00;2020-03-12 14:00:00;;;-13.5;-18.0;-60.57218749999996;3.0;-31.73171874999997
30622;2020-03-12 00:00:00;11:00;2020-03-12 11:00:00;;;-16.1;-19.8;-60.57218749999996;3.0;-31.73171874999997
30622;2020-03-12 00:00:00;08:00;2020-03-12 08:00:00;16.0;0.5;-18.4;-21.4;-60.57218749999996;3.0;-31.73171874999997
30622;2020-03-12 00:00:00;05:00;2020-03-12 05:00:00;;;-20.9;-24.0;-60.57218749999996;3.0;-31.73171874999997
30622;2020-03-12 00:00:00;02:00;2020-03-12 02:00:00;;;-21.9;-25.2;-60.57218749999996;3.0;-31.73171874999997
30622;2020-02-12 00:00:00;23:00;2020-02-12 23:00:00;;;-23.9;-27.2;-68.42749999999998;4.0;-41.677031250000006
30622;2020-02-12 00:00:00;20:00;2020-02-12 20:00:00;;0.0;-22.2;-25.1;-68.42749999999998;4.0;-41.677031250000006
30622;2020-02-12 00:00:00;17:00;2020-02-12 17:00:00;;;-16.9;-20.4;-68.42749999999998;4.0;-41.677031250000006
30622;2020-02-12 00:00:00;14:00;2020-02-12 14:00:00;;;-17.7;-22.2;-68.42749999999998;4.0;-41.677031250000006
30622;2020-02-12 00:00:00;11:00;2020-02-12 11:00:00;;;-18.2;-21.8;-68.42749999999998;4.0;-41.677031250000006
30622;2020-02-12 00:00:00;08:00;2020-02-12 08:00:00;15.0;0.5;-21.1;-24.2;-68.42749999999998;4.0;-41.677031250000006
30622;2020-02-12 00:00:00;05:00;2020-02-12 05:00:00;;;-21.8;-25.0;-68.42749999999998;4.0;-41.677031250000006
30622;2020-02-12 00:00:00;02:00;2020-02-12 02:00:00;;;-19.8;-22.8;-68.42749999999998;4.0;-41.677031250000006
30622;2020-01-12 00:00:00;23:00;2020-01-12 23:00:00;;;-20.2;-23.3;-60.653125;4.0;34.31671874999999
30622;2020-01-12 00:00:00;20:00;2020-01-12 20:00:00;;0.0;-20.3;-23.3;-60.653125;4.0;34.31671874999999
30622;2020-01-12 00:00:00;17:00;2020-01-12 17:00:00;;;-18.0;-21.0;-60.653125;4.0;34.31671874999999
30622;2020-01-12 00:00:00;14:00;2020-01-12 14:00:00;;;-15.7;-20.1;-60.653125;4.0;34.31671874999999
30622;2020-01-12 00:00:00;11:00;2020-01-12 11:00:00;;;-16.9;-20.6;-60.653125;4.0;34.31671874999999
30622;2020-01-12 00:00:00;08:00;2020-01-12 08:00:00;15.0;0.3;-18.8;-21.7;-60.653125;4.0;34.31671874999999
30622;2020-01-12 00:00:00;05:00;2020-01-12 05:00:00;;;-19.6;-22.6;-60.653125;4.0;34.31671874999999
30622;2020-01-12 00:00:00;02:00;2020-01-12 02:00:00;;;-19.8;-22.7;-60.653125;4.0;34.31671874999999
30622;2020-11-30 00:00:00;23:00;2020-11-30 23:00:00;;;-20.8;-23.6;-63.517187500000006;19.0;-1093.7575000000004
30622;2020-11-30 00:00:00;20:00;2020-11-30 20:00:00;;0.5;-18.6;-21.5;-63.517187500000006;19.0;-1093.7575000000004
30622;2020-11-30 00:00:00;17:00;2020-11-30 17:00:00;;;-17.3;-20.5;-63.517187500000006;19.0;-1093.7575000000004
30622;2020-11-30 00:00:00;14:00;2020-11-30 14:00:00;;;-16.9;-21.3;-63.517187500000006;19.0;-1093.7575000000004
30622;2020-11-30 00:00:00;11:00;2020-11-30 11:00:00;;;-18.5;-22.4;-63.517187500000006;19.0;-1093.7575000000004
30622;2020-11-30 00:00:00;08:00;2020-11-30 08:00:00;14.0;0.8;-19.7;-22.9;-63.517187500000006;19.0;-1093.7575000000004
30622;2020-11-30 00:00:00;05:00;2020-11-30 05:00:00;;;-21.0;-24.1;-63.517187500000006;19.0;-1093.7575000000004
30622;2020-11-30 00:00:00;02:00;2020-11-30 02:00:00;;;-20.6;-23.6;-63.517187500000006;19.0;-1093.7575000000004
30622;2020-11-29 00:00:00;23:00;2020-11-29 23:00:00;;;-18.7;-21.6;-66.87000000000002;18.0;-1030.2403125000003
30622;2020-11-29 00:00:00;20:00;2020-11-29 20:00:00;;0.0;-19.0;-21.9;-66.87000000000002;18.0;-1030.2403125000003
30622;2020-11-29 00:00:00;17:00;2020-11-29 17:00:00;;;-18.2;-22.0;-66.87000000000002;18.0;-1030.2403125000003
30622;2020-11-29 00:00:00;14:00;2020-11-29 14:00:00;;;-16.4;-21.8;-66.87000000000002;18.0;-1030.2403125000003
30622;2020-11-29 00:00:00;11:00;2020-11-29 11:00:00;;;-18.8;-22.6;-66.87000000000002;18.0;-1030.2403125000003
30622;2020-11-29 00:00:00;08:00;2020-11-29 08:00:00;14.0;0.2;-19.6;-22.8;-66.87000000000002;18.0;-1030.2403125000003
30622;2020-11-29 00:00:00;05:00;2020-11-29 05:00:00;;;-19.1;-22.6;-66.87000000000002;18.0;-1030.2403125000003
30622;2020-11-29 00:00:00;02:00;2020-11-29 02:00:00;;;-18.8;-22.1;-66.87000000000002;18.0;-1030.2403125000003
30622;2020-11-28 00:00:00;23:00;2020-11-28 23:00:00;;;-19.0;-22.3;-90.28093750000004;17.0;-963.3703125000002
30622;2020-11-28 00:00:00;20:00;2020-11-28 20:00:00;;0.0;-18.6;-22.3;-90.28093750000004;17.0;-963.3703125000002
30622;2020-11-28 00:00:00;17:00;2020-11-28 17:00:00;;;-19.2;-23.3;-90.28093750000004;17.0;-963.3703125000002
30622;2020-11-28 00:00:00;14:00;2020-11-28 14:00:00;;;-20.8;-25.8;-90.28093750000004;17.0;-963.3703125000002
30622;2020-11-28 00:00:00;11:00;2020-11-28 11:00:00;;;-23.4;-27.2;-90.28093750000004;17.0;-963.3703125000002
30622;2020-11-28 00:00:00;08:00;2020-11-28 08:00:00;14.0;0.0;-25.9;-29.7;-90.28093750000004;17.0;-963.3703125000002
30622;2020-11-28 00:00:00;05:00;2020-11-28 05:00:00;;;-29.4;-33.3;-90.28093750000004;17.0;-963.3703125000002
30622;2020-11-28 00:00:00;02:00;2020-11-28 02:00:00;;;-28.3;-32.0;-90.28093750000004;17.0;-963.3703125000002
30622;2020-11-27 00:00:00;23:00;2020-11-27 23:00:00;;;-27.1;-30.5;-103.14328124999994;16.0;-873.0893750000001
30622;2020-11-27 00:00:00;20:00;2020-11-27 20:00:00;;0.0;-26.1;-29.8;-103.14328124999994;16.0;-873.0893750000001
30622;2020-11-27 00:00:00;17:00;2020-11-27 17:00:00;;;-23.7;-27.5;-103.14328124999994;16.0;-873.0893750000001
30622;2020-11-27 00:00:00;14:00;2020-11-27 14:00:00;;;-21.7;-26.8;-103.14328124999994;16.0;-873.0893750000001
30622;2020-11-27 00:00:00;11:00;2020-11-27 11:00:00;;;-26.5;-30.4;-103.14328124999994;16.0;-873.0893750000001
30622;2020-11-27 00:00:00;08:00;2020-11-27 08:00:00;14.0;0.0;-29.7;-33.8;-103.14328124999994;16.0;-873.0893750000001
30622;2020-11-27 00:00:00;05:00;2020-11-27 05:00:00;;;-28.2;-31.8;-103.14328124999994;16.0;-873.0893750000001
30622;2020-11-27 00:00:00;02:00;2020-11-27 02:00:00;;;-27.9;-31.6;-103.14328124999994;16.0;-873.0893750000001
30622;2020-11-26 00:00:00;23:00;2020-11-26 23:00:00;;;-27.0;-30.6;-80.42812499999998;15.0;-769.9460937500002
30622;2020-11-26 00:00:00;20:00;2020-11-26 20:00:00;;0.0;-23.5;-26.5;-80.42812499999998;15.0;-769.9460937500002
30622;2020-11-26 00:00:00;17:00;2020-11-26 17:00:00;;;-20.6;-24.2;-80.42812499999998;15.0;-769.9460937500002
30622;2020-11-26 00:00:00;14:00;2020-11-26 14:00:00;;;-19.4;-23.6;-80.42812499999998;15.0;-769.9460937500002
30622;2020-11-26 00:00:00;11:00;2020-11-26 11:00:00;;;-22.9;-26.2;-80.42812499999998;15.0;-769.9460937500002
30622;2020-11-26 00:00:00;08:00;2020-11-26 08:00:00;14.0;0.0;-25.0;-28.3;-80.42812499999998;15.0;-769.9460937500002
30622;2020-11-26 00:00:00;05:00;2020-11-26 05:00:00;;;-24.7;-28.0;-80.42812499999998;15.0;-769.9460937500002
30622;2020-11-26 00:00:00;02:00;2020-11-26 02:00:00;;;-23.4;-26.7;-80.42812499999998;15.0;-769.9460937500002
30622;2020-11-25 00:00:00;23:00;2020-11-25 23:00:00;;;-22.7;-25.5;-47.27734374999998;14.0;-689.5179687500001
30622;2020-11-25 00:00:00;20:00;2020-11-25 20:00:00;;0.0;-19.8;-22.1;-47.27734374999998;14.0;-689.5179687500001
30622;2020-11-25 00:00:00;17:00;2020-11-25 17:00:00;;;-14.8;-18.0;-47.27734374999998;14.0;-689.5179687500001
30622;2020-11-25 00:00:00;14:00;2020-11-25 14:00:00;;;-11.8;-16.8;-47.27734374999998;14.0;-689.5179687500001
30622;2020-11-25 00:00:00;11:00;2020-11-25 11:00:00;;;-15.4;-18.7;-47.27734374999998;14.0;-689.5179687500001
30622;2020-11-25 00:00:00;08:00;2020-11-25 08:00:00;14.0;0.0;-13.8;-16.3;-47.27734374999998;14.0;-689.5179687500001
30622;2020-11-25 00:00:00;05:00;2020-11-25 05:00:00;;;-13.3;-15.7;-47.27734374999998;14.0;-689.5179687500001
30622;2020-11-25 00:00:00;02:00;2020-11-25 02:00:00;;;-10.9;-14.1;-47.27734374999998;14.0;-689.5179687500001
30622;2020-11-24 00:00:00;23:00;2020-11-24 23:00:00;;;-8.7;-12.5;-38.18749999999999;13.0;-642.2406250000001
30622;2020-11-24 00:00:00;20:00;2020-11-24 20:00:00;;0.0;-7.9;-13.3;-38.18749999999999;13.0;-642.2406250000001
30622;2020-11-24 00:00:00;17:00;2020-11-24 17:00:00;;;-6.0;-12.8;-38.18749999999999;13.0;-642.2406250000001
30622;2020-11-24 00:00:00;14:00;2020-11-24 14:00:00;;;-4.9;-12.2;-38.18749999999999;13.0;-642.2406250000001
30622;2020-11-24 00:00:00;11:00;2020-11-24 11:00:00;;;-9.1;-13.3;-38.18749999999999;13.0;-642.2406250000001
30622;2020-11-24 00:00:00;08:00;2020-11-24 08:00:00;14.0;0.0;-12.9;-15.6;-38.18749999999999;13.0;-642.2406250000001
30622;2020-11-24 00:00:00;05:00;2020-11-24 05:00:00;;;-7.9;-12.4;-38.18749999999999;13.0;-642.2406250000001
30622;2020-11-24 00:00:00;02:00;2020-11-24 02:00:00;;;-3.7;-9.0;-38.18749999999999;13.0;-642.2406250000001
30622;2020-11-23 00:00:00;23:00;2020-11-23 23:00:00;;;-2.4;-6.5;-9.2859375;12.0;-604.0531250000001
30622;2020-11-23 00:00:00;20:00;2020-11-23 20:00:00;;0.2;-1.9;-4.8;-9.2859375;12.0;-604.0531250000001
30622;2020-11-23 00:00:00;17:00;2020-11-23 17:00:00;;;-2.1;-5.0;-9.2859375;12.0;-604.0531250000001
30622;2020-11-23 00:00:00;14:00;2020-11-23 14:00:00;;;-2.3;-5.7;-9.2859375;12.0;-604.0531250000001
30622;2020-11-23 00:00:00;11:00;2020-11-23 11:00:00;;;-3.1;-6.1;-9.2859375;12.0;-604.0531250000001
30622;2020-11-23 00:00:00;08:00;2020-11-23 08:00:00;14.0;0.2;-7.5;-9.0;-9.2859375;12.0;-604.0531250000001
30622;2020-11-23 00:00:00;05:00;2020-11-23 05:00:00;;;-4.8;-6.2;-9.2859375;12.0;-604.0531250000001
30622;2020-11-23 00:00:00;02:00;2020-11-23 02:00:00;;;-4.2;-6.0;-9.2859375;12.0;-604.0531250000001
30622;2020-11-22 00:00:00;23:00;2020-11-22 23:00:00;;;-4.8;-6.8;-16.332500000000003;11.0;-594.7671875000001
30622;2020-11-22 00:00:00;20:00;2020-11-22 20:00:00;;0.3;-4.8;-7.0;-16.332500000000003;11.0;-594.7671875000001
30622;2020-11-22 00:00:00;17:00;2020-11-22 17:00:00;;;-5.2;-7.8;-16.332500000000003;11.0;-594.7671875000001
30622;2020-11-22 00:00:00;14:00;2020-11-22 14:00:00;;;-5.2;-8.2;-16.332500000000003;11.0;-594.7671875000001
30622;2020-11-22 00:00:00;11:00;2020-11-22 11:00:00;;;-6.9;-9.4;-16.332500000000003;11.0;-594.7671875000001
30622;2020-11-22 00:00:00;08:00;2020-11-22 08:00:00;14.0;0.6;-9.5;-11.6;-16.332500000000003;11.0;-594.7671875000001
30622;2020-11-22 00:00:00;05:00;2020-11-22 05:00:00;;;-9.1;-11.3;-16.332500000000003;11.0;-594.7671875000001
30622;2020-11-22 00:00:00;02:00;2020-11-22 02:00:00;;;-10.1;-12.3;-16.332500000000003;11.0;-594.7671875000001
30622;2020-11-21 00:00:00;23:00;2020-11-21 23:00:00;;;-13.4;-15.8;-44.52999999999998;10.0;-578.4346875000001
30622;2020-11-21 00:00:00;20:00;2020-11-21 20:00:00;;0.0;-16.2;-18.6;-44.52999999999998;10.0;-578.4346875000001
30622;2020-11-21 00:00:00;17:00;2020-11-21 17:00:00;;;-13.3;-16.2;-44.52999999999998;10.0;-578.4346875000001
30622;2020-11-21 00:00:00;14:00;2020-11-21 14:00:00;;;-11.2;-16.1;-44.52999999999998;10.0;-578.4346875000001
30622;2020-11-21 00:00:00;11:00;2020-11-21 11:00:00;;;-14.2;-17.5;-44.52999999999998;10.0;-578.4346875000001
30622;2020-11-21 00:00:00;08:00;2020-11-21 08:00:00;13.0;0.3;-15.9;-18.6;-44.52999999999998;10.0;-578.4346875000001
30622;2020-11-21 00:00:00;05:00;2020-11-21 05:00:00;;;-15.8;-18.7;-44.52999999999998;10.0;-578.4346875000001
30622;2020-11-21 00:00:00;02:00;2020-11-21 02:00:00;;;-16.8;-19.7;-44.52999999999998;10.0;-578.4346875000001
30622;2020-11-20 00:00:00;23:00;2020-11-20 23:00:00;;;-17.4;-20.4;-71.10718750000002;9.0;-533.9046875000001
30622;2020-11-20 00:00:00;20:00;2020-11-20 20:00:00;;0.0;-18.5;-21.5;-71.10718750000002;9.0;-533.9046875000001
30622;2020-11-20 00:00:00;17:00;2020-11-20 17:00:00;;;-20.1;-23.7;-71.10718750000002;9.0;-533.9046875000001
30622;2020-11-20 00:00:00;14:00;2020-11-20 14:00:00;;;-17.3;-22.4;-71.10718750000002;9.0;-533.9046875000001
30622;2020-11-20 00:00:00;11:00;2020-11-20 11:00:00;;;-19.4;-22.7;-71.10718750000002;9.0;-533.9046875000001
30622;2020-11-20 00:00:00;08:00;2020-11-20 08:00:00;13.0;0.2;-22.7;-25.8;-71.10718750000002;9.0;-533.9046875000001
30622;2020-11-20 00:00:00;05:00;2020-11-20 05:00:00;;;-22.8;-26.0;-71.10718750000002;9.0;-533.9046875000001
30622;2020-11-20 00:00:00;02:00;2020-11-20 02:00:00;;;-25.5;-29.0;-71.10718750000002;9.0;-533.9046875000001
30622;2020-11-19 00:00:00;23:00;2020-11-19 23:00:00;;;-25.4;-28.8;-51.63749999999998;8.0;-462.7975000000001
30622;2020-11-19 00:00:00;20:00;2020-11-19 20:00:00;;0.0;-20.4;-23.0;-51.63749999999998;8.0;-462.7975000000001
30622;2020-11-19 00:00:00;17:00;2020-11-19 17:00:00;;;-12.3;-17.0;-51.63749999999998;8.0;-462.7975000000001
30622;2020-11-19 00:00:00;14:00;2020-11-19 14:00:00;;;-10.6;-16.0;-51.63749999999998;8.0;-462.7975000000001
30622;2020-11-19 00:00:00;11:00;2020-11-19 11:00:00;;;-13.7;-17.3;-51.63749999999998;8.0;-462.7975000000001
30622;2020-11-19 00:00:00;08:00;2020-11-19 08:00:00;13.0;0.0;-14.6;-17.2;-51.63749999999998;8.0;-462.7975000000001
30622;2020-11-19 00:00:00;05:00;2020-11-19 05:00:00;;;-12.3;-15.1;-51.63749999999998;8.0;-462.7975000000001
30622;2020-11-19 00:00:00;02:00;2020-11-19 02:00:00;;;-12.2;-14.3;-51.63749999999998;8.0;-462.7975000000001
30622;2020-11-18 00:00:00;23:00;2020-11-18 23:00:00;;;-11.9;-14.6;-49.44937499999999;7.0;-411.16000000000014
30622;2020-11-18 00:00:00;20:00;2020-11-18 20:00:00;;2.0;-11.0;-13.5;-49.44937499999999;7.0;-411.16000000000014
30622;2020-11-18 00:00:00;17:00;2020-11-18 17:00:00;;;-11.8;-14.6;-49.44937499999999;7.0;-411.16000000000014
30622;2020-11-18 00:00:00;14:00;2020-11-18 14:00:00;;;-14.4;-17.6;-49.44937499999999;7.0;-411.16000000000014
30622;2020-11-18 00:00:00;11:00;2020-11-18 11:00:00;;;-17.2;-20.2;-49.44937499999999;7.0;-411.16000000000014
30622;2020-11-18 00:00:00;08:00;2020-11-18 08:00:00;9.0;0.0;-20.3;-23.2;-49.44937499999999;7.0;-411.16000000000014
30622;2020-11-18 00:00:00;05:00;2020-11-18 05:00:00;;;-23.5;-26.7;-49.44937499999999;7.0;-411.16000000000014
30622;2020-11-18 00:00:00;02:00;2020-11-18 02:00:00;;;-24.0;-27.3;-49.44937499999999;7.0;-411.16000000000014
30622;2020-11-17 00:00:00;23:00;2020-11-17 23:00:00;;;-22.7;-25.7;-60.76999999999999;6.0;-361.71062500000016
30622;2020-11-17 00:00:00;20:00;2020-11-17 20:00:00;;0.0;-21.4;-24.3;-60.76999999999999;6.0;-361.71062500000016
30622;2020-11-17 00:00:00;17:00;2020-11-17 17:00:00;;;-16.0;-18.5;-60.76999999999999;6.0;-361.71062500000016
30622;2020-11-17 00:00:00;14:00;2020-11-17 14:00:00;;;-13.4;-16.1;-60.76999999999999;6.0;-361.71062500000016
30622;2020-11-17 00:00:00;11:00;2020-11-17 11:00:00;;;-19.0;-21.8;-60.76999999999999;6.0;-361.71062500000016
30622;2020-11-17 00:00:00;08:00;2020-11-17 08:00:00;9.0;0.0;-24.0;-27.3;-60.76999999999999;6.0;-361.71062500000016
30622;2020-11-17 00:00:00;05:00;2020-11-17 05:00:00;;;-25.4;-28.8;-60.76999999999999;6.0;-361.71062500000016
30622;2020-11-17 00:00:00;02:00;2020-11-17 02:00:00;;;-22.9;-25.9;-60.76999999999999;6.0;-361.71062500000016
30622;2020-11-16 00:00:00;23:00;2020-11-16 23:00:00;;;-20.5;-23.2;-41.73859375000003;5.0;-300.9406250000002
30622;2020-11-16 00:00:00;20:00;2020-11-16 20:00:00;;0.6;-17.0;-19.2;-41.73859375000003;5.0;-300.9406250000002
30622;2020-11-16 00:00:00;17:00;2020-11-16 17:00:00;;;-11.2;-13.9;-41.73859375000003;5.0;-300.9406250000002
30622;2020-11-16 00:00:00;14:00;2020-11-16 14:00:00;;;-10.3;-13.8;-41.73859375000003;5.0;-300.9406250000002
30622;2020-11-16 00:00:00;11:00;2020-11-16 11:00:00;;;-12.9;-15.9;-41.73859375000003;5.0;-300.9406250000002
30622;2020-11-16 00:00:00;08:00;2020-11-16 08:00:00;8.0;0.0;-15.3;-18.0;-41.73859375000003;5.0;-300.9406250000002
30622;2020-11-16 00:00:00;05:00;2020-11-16 05:00:00;;;-17.0;-19.4;-41.73859375000003;5.0;-300.9406250000002
30622;2020-11-16 00:00:00;02:00;2020-11-16 02:00:00;;;-18.9;-21.4;-41.73859375000003;5.0;-300.9406250000002
30622;2020-11-15 00:00:00;23:00;2020-11-15 23:00:00;;;-17.3;-19.7;-48.06031249999999;4.0;-259.2020312500002
30622;2020-11-15 00:00:00;20:00;2020-11-15 20:00:00;;0.0;-15.8;-18.5;-48.06031249999999;4.0;-259.2020312500002
30622;2020-11-15 00:00:00;17:00;2020-11-15 17:00:00;;;-12.7;-15.9;-48.06031249999999;4.0;-259.2020312500002
30622;2020-11-15 00:00:00;14:00;2020-11-15 14:00:00;;;-13.1;-17.2;-48.06031249999999;4.0;-259.2020312500002
30622;2020-11-15 00:00:00;11:00;2020-11-15 11:00:00;;;-16.9;-19.7;-48.06031249999999;4.0;-259.2020312500002
30622;2020-11-15 00:00:00;08:00;2020-11-15 08:00:00;8.0;0.0;-21.5;-24.1;-48.06031249999999;4.0;-259.2020312500002
30622;2020-11-15 00:00:00;05:00;2020-11-15 05:00:00;;;-20.9;-23.4;-48.06031249999999;4.0;-259.2020312500002
30622;2020-11-15 00:00:00;02:00;2020-11-15 02:00:00;;;-17.9;-20.2;-48.06031249999999;4.0;-259.2020312500002
30622;2020-11-14 00:00:00;23:00;2020-11-14 23:00:00;;;-15.8;-18.1;-29.375156249999996;3.0;-211.1417187500002
30622;2020-11-14 00:00:00;20:00;2020-11-14 20:00:00;;0.0;-14.9;-16.9;-29.375156249999996;3.0;-211.1417187500002
30622;2020-11-14 00:00:00;17:00;2020-11-14 17:00:00;;;-7.5;-11.0;-29.375156249999996;3.0;-211.1417187500002
30622;2020-11-14 00:00:00;14:00;2020-11-14 14:00:00;;;-5.7;-10.0;-29.375156249999996;3.0;-211.1417187500002
30622;2020-11-14 00:00:00;11:00;2020-11-14 11:00:00;;;-13.5;-16.0;-29.375156249999996;3.0;-211.1417187500002
30622;2020-11-14 00:00:00;08:00;2020-11-14 08:00:00;8.0;0.0;-14.0;-16.4;-29.375156249999996;3.0;-211.1417187500002
30622;2020-11-14 00:00:00;05:00;2020-11-14 05:00:00;;;-7.9;-10.4;-29.375156249999996;3.0;-211.1417187500002
30622;2020-11-14 00:00:00;02:00;2020-11-14 02:00:00;;;-9.8;-11.4;-29.375156249999996;3.0;-211.1417187500002
30622;2020-11-13 00:00:00;23:00;2020-11-13 23:00:00;;;-6.5;-8.3;-27.115312500000012;2.0;-181.7665625000002
30622;2020-11-13 00:00:00;20:00;2020-11-13 20:00:00;;0.0;-7.1;-9.0;-27.115312500000012;2.0;-181.7665625000002
30622;2020-11-13 00:00:00;17:00;2020-11-13 17:00:00;;;-5.5;-8.2;-27.115312500000012;2.0;-181.7665625000002
30622;2020-11-13 00:00:00;14:00;2020-11-13 14:00:00;;;-8.9;-11.3;-27.115312500000012;2.0;-181.7665625000002
30622;2020-11-13 00:00:00;11:00;2020-11-13 11:00:00;;;-14.1;-16.3;-27.115312500000012;2.0;-181.7665625000002
30622;2020-11-13 00:00:00;08:00;2020-11-13 08:00:00;8.0;0.0;-17.3;-19.8;-27.115312500000012;2.0;-181.7665625000002
30622;2020-11-13 00:00:00;05:00;2020-11-13 05:00:00;;;-17.0;-19.6;-27.115312500000012;2.0;-181.7665625000002
30622;2020-11-13 00:00:00;02:00;2020-11-13 02:00:00;;;-16.9;-19.4;-27.115312500000012;2.0;-181.7665625000002
30622;2020-12-11 00:00:00;23:00;2020-12-11 23:00:00;;;-16.5;-18.9;-28.209375;2.0;-30.53203125
30622;2020-12-11 00:00:00;20:00;2020-12-11 20:00:00;;0.0;-14.3;-16.6;-28.209375;2.0;-30.53203125
30622;2020-12-11 00:00:00;17:00;2020-12-11 17:00:00;;;-10.6;-12.4;-28.209375;2.0;-30.53203125
30622;2020-12-11 00:00:00;14:00;2020-12-11 14:00:00;;;-8.9;-10.8;-28.209375;2.0;-30.53203125
30622;2020-12-11 00:00:00;11:00;2020-12-11 11:00:00;;;-12.1;-14.0;-28.209375;2.0;-30.53203125
30622;2020-12-11 00:00:00;08:00;2020-12-11 08:00:00;8.0;0.0;-14.1;-16.3;-28.209375;2.0;-30.53203125
30622;2020-12-11 00:00:00;05:00;2020-12-11 05:00:00;;;-13.7;-15.8;-28.209375;2.0;-30.53203125
30622;2020-12-11 00:00:00;02:00;2020-12-11 02:00:00;;;-16.0;-18.4;-28.209375;2.0;-30.53203125
30622;2020-11-11 00:00:00;23:00;2020-11-11 23:00:00;;;-13.4;-15.4;-7.928124999999998;0.0;-7.928124999999998
30622;2020-11-11 00:00:00;20:00;2020-11-11 20:00:00;;3.0;-9.4;-10.8;-7.928124999999998;0.0;-7.928124999999998
30622;2020-11-11 00:00:00;17:00;2020-11-11 17:00:00;;;-1.3;-3.9;-7.928124999999998;0.0;-7.928124999999998
30622;2020-11-11 00:00:00;14:00;2020-11-11 14:00:00;;;-1.4;-2.4;-7.928124999999998;0.0;-7.928124999999998
30622;2020-11-11 00:00:00;11:00;2020-11-11 11:00:00;;;-2.6;-3.7;-7.928124999999998;0.0;-7.928124999999998
30622;2020-11-11 00:00:00;08:00;2020-11-11 08:00:00;5.0;0.0;-4.4;-5.6;-7.928124999999998;0.0;-7.928124999999998
30622;2020-11-11 00:00:00;05:00;2020-11-11 05:00:00;;;-5.0;-6.2;-7.928124999999998;0.0;-7.928124999999998
30622;2020-11-11 00:00:00;02:00;2020-11-11 02:00:00;;;-5.5;-6.8;-7.928124999999998;0.0;-7.928124999999998
30622;2020-10-11 00:00:00;23:00;2020-10-11 23:00:00;;;-6.0;-7.4;-8.932031250000001;14.0;561.86390625
30622;2020-10-11 00:00:00;20:00;2020-10-11 20:00:00;;0.0;-4.7;-5.9;-8.932031250000001;14.0;561.86390625
30622;2020-10-11 00:00:00;17:00;2020-10-11 17:00:00;;;-4.0;-5.2;-8.932031250000001;14.0;561.86390625
30622;2020-10-11 00:00:00;14:00;2020-10-11 14:00:00;;;-5.0;-6.3;-8.932031250000001;14.0;561.86390625
30622;2020-10-11 00:00:00;11:00;2020-10-11 11:00:00;;;-7.5;-9.0;-8.932031250000001;14.0;561.86390625
30622;2020-10-11 00:00:00;08:00;2020-10-11 08:00:00;5.0;0.0;-8.3;-9.8;-8.932031250000001;14.0;561.86390625
30622;2020-10-11 00:00:00;05:00;2020-10-11 05:00:00;;;-8.3;-9.8;-8.932031250000001;14.0;561.86390625
30622;2020-10-11 00:00:00;02:00;2020-10-11 02:00:00;;;-7.7;-9.2;-8.932031250000001;14.0;561.86390625
30622;2020-09-11 00:00:00;23:00;2020-09-11 23:00:00;;;-6.8;-8.2;-7.523437500000002;2.0;41.75593749999999
30622;2020-09-11 00:00:00;20:00;2020-09-11 20:00:00;;0.0;-5.0;-6.2;-7.523437500000002;2.0;41.75593749999999
30622;2020-09-11 00:00:00;17:00;2020-09-11 17:00:00;;;-3.3;-4.7;-7.523437500000002;2.0;41.75593749999999
30622;2020-09-11 00:00:00;14:00;2020-09-11 14:00:00;;;-3.8;-5.0;-7.523437500000002;2.0;41.75593749999999
30622;2020-09-11 00:00:00;11:00;2020-09-11 11:00:00;;;-4.7;-5.9;-7.523437500000002;2.0;41.75593749999999
30622;2020-09-11 00:00:00;08:00;2020-09-11 08:00:00;5.0;0.0;-5.9;-7.1;-7.523437500000002;2.0;41.75593749999999
30622;2020-09-11 00:00:00;05:00;2020-09-11 05:00:00;;;-7.3;-8.8;-7.523437500000002;2.0;41.75593749999999
30622;2020-09-11 00:00:00;02:00;2020-09-11 02:00:00;;;-8.2;-9.8;-7.523437500000002;2.0;41.75593749999999
30622;2020-08-11 00:00:00;23:00;2020-08-11 23:00:00;;;-9.0;-10.4;-23.239062500000006;4.0;153.82718749999992
30622;2020-08-11 00:00:00;20:00;2020-08-11 20:00:00;;0.6;-7.3;-9.2;-23.239062500000006;4.0;153.82718749999992
30622;2020-08-11 00:00:00;17:00;2020-08-11 17:00:00;;;-4.0;-6.9;-23.239062500000006;4.0;153.82718749999992
30622;2020-08-11 00:00:00;14:00;2020-08-11 14:00:00;;;-5.7;-9.5;-23.239062500000006;4.0;153.82718749999992
30622;2020-08-11 00:00:00;11:00;2020-08-11 11:00:00;;;-8.5;-12.2;-23.239062500000006;4.0;153.82718749999992
30622;2020-08-11 00:00:00;08:00;2020-08-11 08:00:00;4.0;0.9;-11.1;-13.5;-23.239062500000006;4.0;153.82718749999992
30622;2020-08-11 00:00:00;05:00;2020-08-11 05:00:00;;;-11.5;-14.0;-23.239062500000006;4.0;153.82718749999992
30622;2020-08-11 00:00:00;02:00;2020-08-11 02:00:00;;;-12.4;-15.2;-23.239062500000006;4.0;153.82718749999992
30622;2020-07-11 00:00:00;23:00;2020-07-11 23:00:00;;;-13.4;-17.1;-64.63437500000002;3.0;63.50359375000001
30622;2020-07-11 00:00:00;20:00;2020-07-11 20:00:00;;0.0;-14.8;-18.3;-64.63437500000002;3.0;63.50359375000001
30622;2020-07-11 00:00:00;17:00;2020-07-11 17:00:00;;;-8.9;-17.1;-64.63437500000002;3.0;63.50359375000001
30622;2020-07-11 00:00:00;14:00;2020-07-11 14:00:00;;;-7.2;-15.6;-64.63437500000002;3.0;63.50359375000001
30622;2020-07-11 00:00:00;11:00;2020-07-11 11:00:00;;;-12.5;-17.7;-64.63437500000002;3.0;63.50359375000001
30622;2020-07-11 00:00:00;08:00;2020-07-11 08:00:00;2.0;0.2;-18.1;-21.1;-64.63437500000002;3.0;63.50359375000001
30622;2020-07-11 00:00:00;05:00;2020-07-11 05:00:00;;;-11.3;-17.0;-64.63437500000002;3.0;63.50359375000001
30622;2020-07-11 00:00:00;02:00;2020-07-11 02:00:00;;;-10.0;-15.3;-64.63437500000002;3.0;63.50359375000001
30622;2020-06-11 00:00:00;23:00;2020-06-11 23:00:00;;;-8.0;-14.8;-18.349375;3.0;80.595625
30622;2020-06-11 00:00:00;20:00;2020-06-11 20:00:00;;1.0;-5.7;-9.3;-18.349375;3.0;80.595625
30622;2020-06-11 00:00:00;17:00;2020-06-11 17:00:00;;;-3.7;-11.2;-18.349375;3.0;80.595625
30622;2020-06-11 00:00:00;14:00;2020-06-11 14:00:00;;;-2.3;-8.2;-18.349375;3.0;80.595625
30622;2020-06-11 00:00:00;11:00;2020-06-11 11:00:00;;;-0.2;-4.3;-18.349375;3.0;80.595625
30622;2020-06-11 00:00:00;08:00;2020-06-11 08:00:00;2.0;0.0;-3.8;-6.5;-18.349375;3.0;80.595625
30622;2020-06-11 00:00:00;05:00;2020-06-11 05:00:00;;;-2.8;-7.1;-18.349375;3.0;80.595625
30622;2020-06-11 00:00:00;02:00;2020-06-11 02:00:00;;;-4.9;-7.4;-18.349375;3.0;80.595625
30622;2020-05-11 00:00:00;23:00;2020-05-11 23:00:00;;;-4.4;-7.8;-19.5284375;63.0;2079.23171875
30622;2020-05-11 00:00:00;20:00;2020-05-11 20:00:00;;0.0;-5.5;-8.4;-19.5284375;63.0;2079.23171875
30622;2020-05-11 00:00:00;17:00;2020-05-11 17:00:00;;;-2.8;-7.7;-19.5284375;63.0;2079.23171875
30622;2020-05-11 00:00:00;14:00;2020-05-11 14:00:00;;;-2.2;-7.3;-19.5284375;63.0;2079.23171875
30622;2020-05-11 00:00:00;11:00;2020-05-11 11:00:00;;;-4.3;-8.2;-19.5284375;63.0;2079.23171875
30622;2020-05-11 00:00:00;08:00;2020-05-11 08:00:00;2.0;0.3;-11.4;-13.5;-19.5284375;63.0;2079.23171875
30622;2020-05-11 00:00:00;05:00;2020-05-11 05:00:00;;;-9.3;-11.4;-19.5284375;63.0;2079.23171875
30622;2020-05-11 00:00:00;02:00;2020-05-11 02:00:00;;;-3.8;-8.0;-19.5284375;63.0;2079.23171875
30622;2020-04-11 00:00:00;23:00;2020-04-11 23:00:00;;;-3.1;-5.0;-9.1921875;33.0;-50.673281249999974
30622;2020-04-11 00:00:00;20:00;2020-04-11 20:00:00;;0.7;-3.5;-5.3;-9.1921875;33.0;-50.673281249999974
30622;2020-04-11 00:00:00;17:00;2020-04-11 17:00:00;;;-2.1;-4.6;-9.1921875;33.0;-50.673281249999974
30622;2020-04-11 00:00:00;14:00;2020-04-11 14:00:00;;;-2.1;-4.9;-9.1921875;33.0;-50.673281249999974
30622;2020-04-11 00:00:00;11:00;2020-04-11 11:00:00;;;-4.5;-7.4;-9.1921875;33.0;-50.673281249999974
30622;2020-04-11 00:00:00;08:00;2020-04-11 08:00:00;2.0;0.0;-6.3;-8.2;-9.1921875;33.0;-50.673281249999974
30622;2020-04-11 00:00:00;05:00;2020-04-11 05:00:00;;;-5.2;-7.4;-9.1921875;33.0;-50.673281249999974
30622;2020-04-11 00:00:00;02:00;2020-04-11 02:00:00;;;-5.0;-7.5;-9.1921875;33.0;-50.673281249999974
30622;2020-03-11 00:00:00;23:00;2020-03-11 23:00:00;;;-4.7;-7.8;-34.635625;2.0;28.840468749999992
30622;2020-03-11 00:00:00;20:00;2020-03-11 20:00:00;;0.0;-3.3;-7.8;-34.635625;2.0;28.840468749999992
30622;2020-03-11 00:00:00;17:00;2020-03-11 17:00:00;;;-3.1;-10.1;-34.635625;2.0;28.840468749999992
30622;2020-03-11 00:00:00;14:00;2020-03-11 14:00:00;;;-4.3;-11.4;-34.635625;2.0;28.840468749999992
30622;2020-03-11 00:00:00;11:00;2020-03-11 11:00:00;;;-7.9;-12.9;-34.635625;2.0;28.840468749999992
30622;2020-03-11 00:00:00;08:00;2020-03-11 08:00:00;2.0;0.0;-10.9;-14.6;-34.635625;2.0;28.840468749999992
30622;2020-03-11 00:00:00;05:00;2020-03-11 05:00:00;;;-12.7;-16.0;-34.635625;2.0;28.840468749999992
30622;2020-03-11 00:00:00;02:00;2020-03-11 02:00:00;;;-13.5;-16.5;-34.635625;2.0;28.840468749999992
30622;2020-02-11 00:00:00;23:00;2020-02-11 23:00:00;;;-14.9;-17.7;-59.950624999999995;3.0;26.750468749999975
30622;2020-02-11 00:00:00;20:00;2020-02-11 20:00:00;;0.0;-13.0;-16.5;-59.950624999999995;3.0;26.750468749999975
30622;2020-02-11 00:00:00;17:00;2020-02-11 17:00:00;;;-6.9;-15.7;-59.950624999999995;3.0;26.750468749999975
30622;2020-02-11 00:00:00;14:00;2020-02-11 14:00:00;;;-6.8;-15.3;-59.950624999999995;3.0;26.750468749999975
30622;2020-02-11 00:00:00;11:00;2020-02-11 11:00:00;;;-12.4;-17.0;-59.950624999999995;3.0;26.750468749999975
30622;2020-02-11 00:00:00;08:00;2020-02-11 08:00:00;2.0;0.0;-18.7;-21.2;-59.950624999999995;3.0;26.750468749999975
30622;2020-02-11 00:00:00;05:00;2020-02-11 05:00:00;;;-16.1;-18.9;-59.950624999999995;3.0;26.750468749999975
30622;2020-02-11 00:00:00;02:00;2020-02-11 02:00:00;;;-10.6;-15.7;-59.950624999999995;3.0;26.750468749999975
30622;2020-01-11 00:00:00;23:00;2020-01-11 23:00:00;;;-9.1;-14.4;-46.903749999999995;3.0;94.96984375
30622;2020-01-11 00:00:00;20:00;2020-01-11 20:00:00;;0.0;-8.6;-15.1;-46.903749999999995;3.0;94.96984375
30622;2020-01-11 00:00:00;17:00;2020-01-11 17:00:00;;;-7.4;-14.9;-46.903749999999995;3.0;94.96984375
30622;2020-01-11 00:00:00;14:00;2020-01-11 14:00:00;;;-5.9;-13.8;-46.903749999999995;3.0;94.96984375
30622;2020-01-11 00:00:00;11:00;2020-01-11 11:00:00;;;-7.5;-13.1;-46.903749999999995;3.0;94.96984375
30622;2020-01-11 00:00:00;08:00;2020-01-11 08:00:00;2.0;0.0;-8.7;-13.8;-46.903749999999995;3.0;94.96984375
30622;2020-01-11 00:00:00;05:00;2020-01-11 05:00:00;;;-8.1;-13.3;-46.903749999999995;3.0;94.96984375
30622;2020-01-11 00:00:00;02:00;2020-01-11 02:00:00;;;-7.5;-12.2;-46.903749999999995;3.0;94.96984375
30622;2020-10-31 00:00:00;23:00;2020-10-31 23:00:00;;;-4.9;-9.2;-20.569531249999997;34.0;321.9076562499999
30622;2020-10-31 00:00:00;20:00;2020-10-31 20:00:00;;1.0;-3.9;-6.2;-20.569531249999997;34.0;321.9076562499999
30622;2020-10-31 00:00:00;17:00;2020-10-31 17:00:00;;;-3.0;-6.3;-20.569531249999997;34.0;321.9076562499999
30622;2020-10-31 00:00:00;14:00;2020-10-31 14:00:00;;;-3.6;-7.3;-20.569531249999997;34.0;321.9076562499999
30622;2020-10-31 00:00:00;11:00;2020-10-31 11:00:00;;;-8.0;-10.8;-20.569531249999997;34.0;321.9076562499999
30622;2020-10-31 00:00:00;08:00;2020-10-31 08:00:00;;0.0;-11.2;-13.6;-20.569531249999997;34.0;321.9076562499999
30622;2020-10-31 00:00:00;05:00;2020-10-31 05:00:00;;;-11.7;-13.8;-20.569531249999997;34.0;321.9076562499999
30622;2020-10-31 00:00:00;02:00;2020-10-31 02:00:00;;;-10.2;-12.6;-20.569531249999997;34.0;321.9076562499999
30622;2020-10-30 00:00:00;23:00;2020-10-30 23:00:00;;;-7.6;-10.2;-14.626718750000002;33.0;342.4771874999999
30622;2020-10-30 00:00:00;20:00;2020-10-30 20:00:00;;0.0;-3.4;-8.9;-14.626718750000002;33.0;342.4771874999999
30622;2020-10-30 00:00:00;17:00;2020-10-30 17:00:00;;;0.1;-7.5;-14.626718750000002;33.0;342.4771874999999
30622;2020-10-30 00:00:00;14:00;2020-10-30 14:00:00;;;1.9;-6.6;-14.626718750000002;33.0;342.4771874999999
30622;2020-10-30 00:00:00;11:00;2020-10-30 11:00:00;;;-2.5;-5.0;-14.626718750000002;33.0;342.4771874999999
30622;2020-10-30 00:00:00;08:00;2020-10-30 08:00:00;;0.0;-6.1;-7.8;-14.626718750000002;33.0;342.4771874999999
30622;2020-10-30 00:00:00;05:00;2020-10-30 05:00:00;;;-6.9;-8.3;-14.626718750000002;33.0;342.4771874999999
30622;2020-10-30 00:00:00;02:00;2020-10-30 02:00:00;;;-5.6;-6.9;-14.626718750000002;33.0;342.4771874999999
30622;2020-10-29 00:00:00;23:00;2020-10-29 23:00:00;;;-3.8;-5.6;-8.2590625;32.0;357.1039062499999
30622;2020-10-29 00:00:00;20:00;2020-10-29 20:00:00;;0.0;-0.1;-3.5;-8.2590625;32.0;357.1039062499999
30622;2020-10-29 00:00:00;17:00;2020-10-29 17:00:00;;;3.6;-2.6;-8.2590625;32.0;357.1039062499999
30622;2020-10-29 00:00:00;14:00;2020-10-29 14:00:00;;;1.4;-3.7;-8.2590625;32.0;357.1039062499999
30622;2020-10-29 00:00:00;11:00;2020-10-29 11:00:00;;;-2.6;-5.3;-8.2590625;32.0;357.1039062499999
30622;2020-10-29 00:00:00;08:00;2020-10-29 08:00:00;;0.0;-6.7;-8.3;-8.2590625;32.0;357.1039062499999
30622;2020-10-29 00:00:00;05:00;2020-10-29 05:00:00;;;-6.4;-8.4;-8.2590625;32.0;357.1039062499999
30622;2020-10-29 00:00:00;02:00;2020-10-29 02:00:00;;;-6.8;-8.7;-8.2590625;32.0;357.1039062499999
30622;2020-10-28 00:00:00;23:00;2020-10-28 23:00:00;;;-6.0;-8.3;-11.391562500000001;31.0;365.36296874999994
30622;2020-10-28 00:00:00;20:00;2020-10-28 20:00:00;;0.0;-3.3;-6.9;-11.391562500000001;31.0;365.36296874999994
30622;2020-10-28 00:00:00;17:00;2020-10-28 17:00:00;;;4.7;-6.1;-11.391562500000001;31.0;365.36296874999994
30622;2020-10-28 00:00:00;14:00;2020-10-28 14:00:00;;;4.5;-6.6;-11.391562500000001;31.0;365.36296874999994
30622;2020-10-28 00:00:00;11:00;2020-10-28 11:00:00;;;-1.4;-6.7;-11.391562500000001;31.0;365.36296874999994
30622;2020-10-28 00:00:00;08:00;2020-10-28 08:00:00;;0.0;-6.6;-9.0;-11.391562500000001;31.0;365.36296874999994
30622;2020-10-28 00:00:00;05:00;2020-10-28 05:00:00;;;-4.9;-7.8;-11.391562500000001;31.0;365.36296874999994
30622;2020-10-28 00:00:00;02:00;2020-10-28 02:00:00;;;-4.4;-7.9;-11.391562500000001;31.0;365.36296874999994
30622;2020-10-27 00:00:00;23:00;2020-10-27 23:00:00;;;-4.4;-8.1;-31.762499999999996;30.0;376.75453124999996
30622;2020-10-27 00:00:00;20:00;2020-10-27 20:00:00;;0.0;-4.9;-9.1;-31.762499999999996;30.0;376.75453124999996
30622;2020-10-27 00:00:00;17:00;2020-10-27 17:00:00;;;-1.6;-9.7;-31.762499999999996;30.0;376.75453124999996
30622;2020-10-27 00:00:00;14:00;2020-10-27 14:00:00;;;-2.8;-10.9;-31.762499999999996;30.0;376.75453124999996
30622;2020-10-27 00:00:00;11:00;2020-10-27 11:00:00;;;-9.2;-12.1;-31.762499999999996;30.0;376.75453124999996
30622;2020-10-27 00:00:00;08:00;2020-10-27 08:00:00;;0.0;-11.8;-14.3;-31.762499999999996;30.0;376.75453124999996
30622;2020-10-27 00:00:00;05:00;2020-10-27 05:00:00;;;-13.0;-15.2;-31.762499999999996;30.0;376.75453124999996
30622;2020-10-27 00:00:00;02:00;2020-10-27 02:00:00;;;-12.8;-14.7;-31.762499999999996;30.0;376.75453124999996
30622;2020-10-26 00:00:00;23:00;2020-10-26 23:00:00;;;-10.8;-13.4;-29.034375000000004;29.0;408.51703124999995
30622;2020-10-26 00:00:00;20:00;2020-10-26 20:00:00;;0.0;-8.1;-12.0;-29.034375000000004;29.0;408.51703124999995
30622;2020-10-26 00:00:00;17:00;2020-10-26 17:00:00;;;-1.2;-14.5;-29.034375000000004;29.0;408.51703124999995
30622;2020-10-26 00:00:00;14:00;2020-10-26 14:00:00;;;-0.6;-11.4;-29.034375000000004;29.0;408.51703124999995
30622;2020-10-26 00:00:00;11:00;2020-10-26 11:00:00;;;-2.9;-9.7;-29.034375000000004;29.0;408.51703124999995
30622;2020-10-26 00:00:00;08:00;2020-10-26 08:00:00;Менее 0.5;0.0;-7.5;-10.8;-29.034375000000004;29.0;408.51703124999995
30622;2020-10-26 00:00:00;05:00;2020-10-26 05:00:00;;;-4.2;-7.1;-29.034375000000004;29.0;408.51703124999995
30622;2020-10-26 00:00:00;02:00;2020-10-26 02:00:00;;;-2.7;-8.0;-29.034375000000004;29.0;408.51703124999995
30622;2020-10-25 00:00:00;23:00;2020-10-25 23:00:00;;;-2.2;-8.0;-4.008125;28.0;437.55140624999996
30622;2020-10-25 00:00:00;20:00;2020-10-25 20:00:00;;1.0;-0.8;-4.1;-4.008125;28.0;437.55140624999996
30622;2020-10-25 00:00:00;17:00;2020-10-25 17:00:00;;;0.3;-2.7;-4.008125;28.0;437.55140624999996
30622;2020-10-25 00:00:00;14:00;2020-10-25 14:00:00;;;1.5;-0.7;-4.008125;28.0;437.55140624999996
30622;2020-10-25 00:00:00;11:00;2020-10-25 11:00:00;;;-0.7;-3.2;-4.008125;28.0;437.55140624999996
30622;2020-10-25 00:00:00;08:00;2020-10-25 08:00:00;;0.0;-3.0;-4.5;-4.008125;28.0;437.55140624999996
30622;2020-10-25 00:00:00;05:00;2020-10-25 05:00:00;;;-3.7;-5.0;-4.008125;28.0;437.55140624999996
30622;2020-10-25 00:00:00;02:00;2020-10-25 02:00:00;;;-3.5;-5.1;-4.008125;28.0;437.55140624999996
30622;2020-10-24 00:00:00;23:00;2020-10-24 23:00:00;;;-3.6;-5.3;-8.302499999999998;27.0;441.55953124999996
30622;2020-10-24 00:00:00;20:00;2020-10-24 20:00:00;;0.0;-2.6;-4.6;-8.302499999999998;27.0;441.55953124999996
30622;2020-10-24 00:00:00;17:00;2020-10-24 17:00:00;;;4.7;-2.8;-8.302499999999998;27.0;441.55953124999996
30622;2020-10-24 00:00:00;14:00;2020-10-24 14:00:00;;;4.7;-2.8;-8.302499999999998;27.0;441.55953124999996
30622;2020-10-24 00:00:00;11:00;2020-10-24 11:00:00;;;-3.4;-4.9;-8.302499999999998;27.0;441.55953124999996
30622;2020-10-24 00:00:00;08:00;2020-10-24 08:00:00;;0.0;-7.8;-9.2;-8.302499999999998;27.0;441.55953124999996
30622;2020-10-24 00:00:00;05:00;2020-10-24 05:00:00;;;-7.3;-8.8;-8.302499999999998;27.0;441.55953124999996
30622;2020-10-24 00:00:00;02:00;2020-10-24 02:00:00;;;-6.3;-7.8;-8.302499999999998;27.0;441.55953124999996
30622;2020-10-23 00:00:00;23:00;2020-10-23 23:00:00;;;-4.5;-6.3;-7.08640625;26.0;449.86203125
30622;2020-10-23 00:00:00;20:00;2020-10-23 20:00:00;;0.0;-2.3;-5.0;-7.08640625;26.0;449.86203125
30622;2020-10-23 00:00:00;17:00;2020-10-23 17:00:00;;;7.7;-3.2;-7.08640625;26.0;449.86203125
30622;2020-10-23 00:00:00;14:00;2020-10-23 14:00:00;;;7.2;-2.7;-7.08640625;26.0;449.86203125
30622;2020-10-23 00:00:00;11:00;2020-10-23 11:00:00;;;-0.3;-4.4;-7.08640625;26.0;449.86203125
30622;2020-10-23 00:00:00;08:00;2020-10-23 08:00:00;;0.0;-8.3;-9.8;-7.08640625;26.0;449.86203125
30622;2020-10-23 00:00:00;05:00;2020-10-23 05:00:00;;;-7.3;-8.7;-7.08640625;26.0;449.86203125
30622;2020-10-23 00:00:00;02:00;2020-10-23 02:00:00;;;-5.5;-7.3;-7.08640625;26.0;449.86203125
30622;2020-10-22 00:00:00;23:00;2020-10-22 23:00:00;;;-3.4;-6.2;9.158750000000001;25.0;456.94843749999995
30622;2020-10-22 00:00:00;20:00;2020-10-22 20:00:00;;0.0;-2.2;-5.6;9.158750000000001;25.0;456.94843749999995
30622;2020-10-22 00:00:00;17:00;2020-10-22 17:00:00;;;9.3;-4.8;9.158750000000001;25.0;456.94843749999995
30622;2020-10-22 00:00:00;14:00;2020-10-22 14:00:00;;;8.6;-3.0;9.158750000000001;25.0;456.94843749999995
30622;2020-10-22 00:00:00;11:00;2020-10-22 11:00:00;;;3.3;-1.9;9.158750000000001;25.0;456.94843749999995
30622;2020-10-22 00:00:00;08:00;2020-10-22 08:00:00;2.0;0.0;-0.7;-2.8;9.158750000000001;25.0;456.94843749999995
30622;2020-10-22 00:00:00;05:00;2020-10-22 05:00:00;;;0.0;-2.3;9.158750000000001;25.0;456.94843749999995
30622;2020-10-22 00:00:00;02:00;2020-10-22 02:00:00;;;-1.3;-2.9;9.158750000000001;25.0;456.94843749999995
30622;2020-10-21 00:00:00;23:00;2020-10-21 23:00:00;;;-1.6;-3.1;-11.5603125;24.0;447.78968749999996
30622;2020-10-21 00:00:00;20:00;2020-10-21 20:00:00;;0.7;-1.9;-3.6;-11.5603125;24.0;447.78968749999996
30622;2020-10-21 00:00:00;17:00;2020-10-21 17:00:00;;;-1.9;-4.1;-11.5603125;24.0;447.78968749999996
30622;2020-10-21 00:00:00;14:00;2020-10-21 14:00:00;;;-3.7;-6.4;-11.5603125;24.0;447.78968749999996
30622;2020-10-21 00:00:00;11:00;2020-10-21 11:00:00;;;-5.9;-8.7;-11.5603125;24.0;447.78968749999996
30622;2020-10-21 00:00:00;08:00;2020-10-21 08:00:00;Менее 0.5;0.0;-8.5;-11.0;-11.5603125;24.0;447.78968749999996
30622;2020-10-21 00:00:00;05:00;2020-10-21 05:00:00;;;-9.5;-11.7;-11.5603125;24.0;447.78968749999996
30622;2020-10-21 00:00:00;02:00;2020-10-21 02:00:00;;;-8.8;-10.9;-11.5603125;24.0;447.78968749999996
30622;2020-10-20 00:00:00;23:00;2020-10-20 23:00:00;;;-7.6;-10.7;-20.188750000000002;23.0;459.34999999999997
30622;2020-10-20 00:00:00;20:00;2020-10-20 20:00:00;;0.0;-3.8;-9.1;-20.188750000000002;23.0;459.34999999999997
30622;2020-10-20 00:00:00;17:00;2020-10-20 17:00:00;;;-1.2;-11.0;-20.188750000000002;23.0;459.34999999999997
30622;2020-10-20 00:00:00;14:00;2020-10-20 14:00:00;;;-1.2;-10.3;-20.188750000000002;23.0;459.34999999999997
30622;2020-10-20 00:00:00;11:00;2020-10-20 11:00:00;;;-2.0;-9.5;-20.188750000000002;23.0;459.34999999999997
30622;2020-10-20 00:00:00;08:00;2020-10-20 08:00:00;1.0;0.0;-2.7;-9.7;-20.188750000000002;23.0;459.34999999999997
30622;2020-10-20 00:00:00;05:00;2020-10-20 05:00:00;;;-3.6;-8.7;-20.188750000000002;23.0;459.34999999999997
30622;2020-10-20 00:00:00;02:00;2020-10-20 02:00:00;;;-2.7;-7.9;-20.188750000000002;23.0;459.34999999999997
30622;2020-10-19 00:00:00;23:00;2020-10-19 23:00:00;;;-1.5;-7.0;-2.6273437500000005;22.0;479.53875
30622;2020-10-19 00:00:00;20:00;2020-10-19 20:00:00;;0.9;-0.9;-4.7;-2.6273437500000005;22.0;479.53875
30622;2020-10-19 00:00:00;17:00;2020-10-19 17:00:00;;;-0.7;-4.5;-2.6273437500000005;22.0;479.53875
30622;2020-10-19 00:00:00;14:00;2020-10-19 14:00:00;;;1.8;-2.0;-2.6273437500000005;22.0;479.53875
30622;2020-10-19 00:00:00;11:00;2020-10-19 11:00:00;;;1.3;-1.4;-2.6273437500000005;22.0;479.53875
30622;2020-10-19 00:00:00;08:00;2020-10-19 08:00:00;;0.0;-1.5;-4.2;-2.6273437500000005;22.0;479.53875
30622;2020-10-19 00:00:00;05:00;2020-10-19 05:00:00;;;-2.9;-5.8;-2.6273437500000005;22.0;479.53875
30622;2020-10-19 00:00:00;02:00;2020-10-19 02:00:00;;;-1.3;-5.6;-2.6273437500000005;22.0;479.53875
30622;2020-10-18 00:00:00;23:00;2020-10-18 23:00:00;;;1.1;-4.4;54.5890625;21.0;482.16609375
30622;2020-10-18 00:00:00;20:00;2020-10-18 20:00:00;;0.0;6.1;-4.9;54.5890625;21.0;482.16609375
30622;2020-10-18 00:00:00;17:00;2020-10-18 17:00:00;;;13.8;-5.9;54.5890625;21.0;482.16609375
30622;2020-10-18 00:00:00;14:00;2020-10-18 14:00:00;;;14.7;-3.8;54.5890625;21.0;482.16609375
30622;2020-10-18 00:00:00;11:00;2020-10-18 11:00:00;;;7.7;-3.8;54.5890625;21.0;482.16609375
30622;2020-10-18 00:00:00;08:00;2020-10-18 08:00:00;;0.0;0.3;-4.2;54.5890625;21.0;482.16609375
30622;2020-10-18 00:00:00;05:00;2020-10-18 05:00:00;;;0.1;-4.9;54.5890625;21.0;482.16609375
30622;2020-10-18 00:00:00;02:00;2020-10-18 02:00:00;;;-0.4;-5.2;54.5890625;21.0;482.16609375
30622;2020-10-17 00:00:00;23:00;2020-10-17 23:00:00;;;0.3;-6.0;-0.9062499999999998;20.0;427.57703125
30622;2020-10-17 00:00:00;20:00;2020-10-17 20:00:00;;0.0;0.3;-7.6;-0.9062499999999998;20.0;427.57703125
30622;2020-10-17 00:00:00;17:00;2020-10-17 17:00:00;;;5.7;-8.2;-0.9062499999999998;20.0;427.57703125
30622;2020-10-17 00:00:00;14:00;2020-10-17 14:00:00;;;4.8;-11.6;-0.9062499999999998;20.0;427.57703125
30622;2020-10-17 00:00:00;11:00;2020-10-17 11:00:00;;;-0.3;-10.0;-0.9062499999999998;20.0;427.57703125
30622;2020-10-17 00:00:00;08:00;2020-10-17 08:00:00;;0.0;-7.6;-10.4;-0.9062499999999998;20.0;427.57703125
30622;2020-10-17 00:00:00;05:00;2020-10-17 05:00:00;;;-3.5;-10.1;-0.9062499999999998;20.0;427.57703125
30622;2020-10-17 00:00:00;02:00;2020-10-17 02:00:00;;;-0.5;-9.4;-0.9062499999999998;20.0;427.57703125
30622;2020-10-16 00:00:00;23:00;2020-10-16 23:00:00;;;-2.1;-7.8;19.3415625;19.0;428.48328125
30622;2020-10-16 00:00:00;20:00;2020-10-16 20:00:00;;0.0;-0.7;-8.6;19.3415625;19.0;428.48328125
30622;2020-10-16 00:00:00;17:00;2020-10-16 17:00:00;;;6.0;-9.2;19.3415625;19.0;428.48328125
30622;2020-10-16 00:00:00;14:00;2020-10-16 14:00:00;;;6.1;-1.7;19.3415625;19.0;428.48328125
30622;2020-10-16 00:00:00;11:00;2020-10-16 11:00:00;;;7.6;0.3;19.3415625;19.0;428.48328125
30622;2020-10-16 00:00:00;08:00;2020-10-16 08:00:00;;0.0;0.5;-2.9;19.3415625;19.0;428.48328125
30622;2020-10-16 00:00:00;05:00;2020-10-16 05:00:00;;;1.4;-4.6;19.3415625;19.0;428.48328125
30622;2020-10-16 00:00:00;02:00;2020-10-16 02:00:00;;;1.9;-4.6;19.3415625;19.0;428.48328125
30622;2020-10-15 00:00:00;23:00;2020-10-15 23:00:00;;;2.3;-4.4;11.35;18.0;409.14171875
30622;2020-10-15 00:00:00;20:00;2020-10-15 20:00:00;;0.0;0.8;-4.8;11.35;18.0;409.14171875
30622;2020-10-15 00:00:00;17:00;2020-10-15 17:00:00;;;7.6;-4.4;11.35;18.0;409.14171875
30622;2020-10-15 00:00:00;14:00;2020-10-15 14:00:00;;;6.4;-2.3;11.35;18.0;409.14171875
30622;2020-10-15 00:00:00;11:00;2020-10-15 11:00:00;;;2.9;-1.3;11.35;18.0;409.14171875
30622;2020-10-15 00:00:00;08:00;2020-10-15 08:00:00;Менее 0.5;0.0;-1.4;-3.2;11.35;18.0;409.14171875
30622;2020-10-15 00:00:00;05:00;2020-10-15 05:00:00;;;-1.4;-3.7;11.35;18.0;409.14171875
30622;2020-10-15 00:00:00;02:00;2020-10-15 02:00:00;;;-1.2;-5.3;11.35;18.0;409.14171875
30622;2020-10-14 00:00:00;23:00;2020-10-14 23:00:00;;;-2.0;-6.5;-31.953125000000004;17.0;397.79171875
30622;2020-10-14 00:00:00;20:00;2020-10-14 20:00:00;;0.0;-2.4;-8.1;-31.953125000000004;17.0;397.79171875
30622;2020-10-14 00:00:00;17:00;2020-10-14 17:00:00;;;0.6;-10.2;-31.953125000000004;17.0;397.79171875
30622;2020-10-14 00:00:00;14:00;2020-10-14 14:00:00;;;-1.8;-11.2;-31.953125000000004;17.0;397.79171875
30622;2020-10-14 00:00:00;11:00;2020-10-14 11:00:00;;;-5.9;-10.2;-31.953125000000004;17.0;397.79171875
30622;2020-10-14 00:00:00;08:00;2020-10-14 08:00:00;;0.0;-13.9;-15.9;-31.953125000000004;17.0;397.79171875
30622;2020-10-14 00:00:00;05:00;2020-10-14 05:00:00;;;-13.0;-15.0;-31.953125000000004;17.0;397.79171875
30622;2020-10-14 00:00:00;02:00;2020-10-14 02:00:00;;;-11.6;-13.8;-31.953125000000004;17.0;397.79171875
30622;2020-10-13 00:00:00;23:00;2020-10-13 23:00:00;;;-9.7;-12.6;-36.727031249999996;16.0;429.74484375
30622;2020-10-13 00:00:00;20:00;2020-10-13 20:00:00;;0.0;-5.3;-11.2;-36.727031249999996;16.0;429.74484375
30622;2020-10-13 00:00:00;17:00;2020-10-13 17:00:00;;;1.4;-14.0;-36.727031249999996;16.0;429.74484375
30622;2020-10-13 00:00:00;14:00;2020-10-13 14:00:00;;;1.3;-14.4;-36.727031249999996;16.0;429.74484375
30622;2020-10-13 00:00:00;11:00;2020-10-13 11:00:00;;;1.3;-14.4;-36.727031249999996;16.0;429.74484375
30622;2020-10-13 00:00:00;08:00;2020-10-13 08:00:00;;0.0;-12.1;-14.0;-36.727031249999996;16.0;429.74484375
30622;2020-10-13 00:00:00;05:00;2020-10-13 05:00:00;;;-8.6;-11.0;-36.727031249999996;16.0;429.74484375
30622;2020-10-13 00:00:00;02:00;2020-10-13 02:00:00;;;-5.2;-9.0;-36.727031249999996;16.0;429.74484375
30622;2020-12-10 00:00:00;23:00;2020-12-10 23:00:00;;;-4.3;-9.1;-14.516250000000001;1.0;-2.322656249999998
30622;2020-12-10 00:00:00;20:00;2020-12-10 20:00:00;;0.0;-4.2;-8.8;-14.516250000000001;1.0;-2.322656249999998
30622;2020-12-10 00:00:00;17:00;2020-12-10 17:00:00;;;-0.1;-7.9;-14.516250000000001;1.0;-2.322656249999998
30622;2020-12-10 00:00:00;14:00;2020-12-10 14:00:00;;;0.9;-6.7;-14.516250000000001;1.0;-2.322656249999998
30622;2020-12-10 00:00:00;11:00;2020-12-10 11:00:00;;;-1.6;-6.5;-14.516250000000001;1.0;-2.322656249999998
30622;2020-12-10 00:00:00;08:00;2020-12-10 08:00:00;1.0;0.2;-4.7;-7.3;-14.516250000000001;1.0;-2.322656249999998
30622;2020-12-10 00:00:00;05:00;2020-12-10 05:00:00;;;-6.0;-9.0;-14.516250000000001;1.0;-2.322656249999998
30622;2020-12-10 00:00:00;02:00;2020-12-10 02:00:00;;;-3.7;-7.6;-14.516250000000001;1.0;-2.322656249999998
30622;2020-11-10 00:00:00;23:00;2020-11-10 23:00:00;;;-4.5;-8.0;-20.45859375;1.0;0.9460937499999922
30622;2020-11-10 00:00:00;20:00;2020-11-10 20:00:00;;0.6;-2.5;-4.0;-20.45859375;1.0;0.9460937499999922
30622;2020-11-10 00:00:00;17:00;2020-11-10 17:00:00;;;1.8;-9.9;-20.45859375;1.0;0.9460937499999922
30622;2020-11-10 00:00:00;14:00;2020-11-10 14:00:00;;;1.7;-9.4;-20.45859375;1.0;0.9460937499999922
30622;2020-11-10 00:00:00;11:00;2020-11-10 11:00:00;;;-2.5;-9.3;-20.45859375;1.0;0.9460937499999922
30622;2020-11-10 00:00:00;08:00;2020-11-10 08:00:00;;0.0;-9.2;-11.3;-20.45859375;1.0;0.9460937499999922
30622;2020-11-10 00:00:00;05:00;2020-11-10 05:00:00;;;-8.6;-11.6;-20.45859375;1.0;0.9460937499999922
30622;2020-11-10 00:00:00;02:00;2020-11-10 02:00:00;;;-6.3;-10.1;-20.45859375;1.0;0.9460937499999922
30622;2020-10-10 00:00:00;23:00;2020-10-10 23:00:00;;;-4.0;-9.7;-14.04625;13.0;570.7959375
30622;2020-10-10 00:00:00;20:00;2020-10-10 20:00:00;;0.0;-2.2;-9.0;-14.04625;13.0;570.7959375
30622;2020-10-10 00:00:00;17:00;2020-10-10 17:00:00;;;0.3;-11.6;-14.04625;13.0;570.7959375
30622;2020-10-10 00:00:00;14:00;2020-10-10 14:00:00;;;0.4;-11.9;-14.04625;13.0;570.7959375
30622;2020-10-10 00:00:00;11:00;2020-10-10 11:00:00;;;-1.4;-12.0;-14.04625;13.0;570.7959375
30622;2020-10-10 00:00:00;08:00;2020-10-10 08:00:00;;0.0;-3.7;-9.6;-14.04625;13.0;570.7959375
30622;2020-10-10 00:00:00;05:00;2020-10-10 05:00:00;;;-2.4;-9.7;-14.04625;13.0;570.7959375
30622;2020-10-10 00:00:00;02:00;2020-10-10 02:00:00;;;-0.6;-6.2;-14.04625;13.0;570.7959375
30622;2020-09-10 00:00:00;23:00;2020-09-10 23:00:00;;;0.8;-2.8;17.921875;1.0;49.27937499999999
30622;2020-09-10 00:00:00;20:00;2020-09-10 20:00:00;;0.0;4.6;-9.1;17.921875;1.0;49.27937499999999
30622;2020-09-10 00:00:00;17:00;2020-09-10 17:00:00;;;6.9;-10.2;17.921875;1.0;49.27937499999999
30622;2020-09-10 00:00:00;14:00;2020-09-10 14:00:00;;;7.4;-8.2;17.921875;1.0;49.27937499999999
30622;2020-09-10 00:00:00;11:00;2020-09-10 11:00:00;;;2.8;-6.7;17.921875;1.0;49.27937499999999
30622;2020-09-10 00:00:00;08:00;2020-09-10 08:00:00;;0.0;-4.0;-7.5;17.921875;1.0;49.27937499999999
30622;2020-09-10 00:00:00;05:00;2020-09-10 05:00:00;;;-2.4;-7.1;17.921875;1.0;49.27937499999999
30622;2020-09-10 00:00:00;02:00;2020-09-10 02:00:00;;;-0.6;-6.9;17.921875;1.0;49.27937499999999
30622;2020-08-10 00:00:00;23:00;2020-08-10 23:00:00;;;2.3;-6.7;-6.492656249999998;3.0;177.06624999999994
30622;2020-08-10 00:00:00;20:00;2020-08-10 20:00:00;;0.0;4.5;-5.4;-6.492656249999998;3.0;177.06624999999994
30622;2020-08-10 00:00:00;17:00;2020-08-10 17:00:00;;;5.4;-6.9;-6.492656249999998;3.0;177.06624999999994
30622;2020-08-10 00:00:00;14:00;2020-08-10 14:00:00;;;3.7;-6.6;-6.492656249999998;3.0;177.06624999999994
30622;2020-08-10 00:00:00;11:00;2020-08-10 11:00:00;;;-1.5;-6.1;-6.492656249999998;3.0;177.06624999999994
30622;2020-08-10 00:00:00;08:00;2020-08-10 08:00:00;;0.0;-7.6;-9.3;-6.492656249999998;3.0;177.06624999999994
30622;2020-08-10 00:00:00;05:00;2020-08-10 05:00:00;;;-7.8;-9.5;-6.492656249999998;3.0;177.06624999999994
30622;2020-08-10 00:00:00;02:00;2020-08-10 02:00:00;;;-7.1;-8.9;-6.492656249999998;3.0;177.06624999999994
30622;2020-07-10 00:00:00;23:00;2020-07-10 23:00:00;;;-5.2;-7.8;-1.3042187499999993;2.0;128.13796875000003
30622;2020-07-10 00:00:00;20:00;2020-07-10 20:00:00;;0.0;-1.6;-6.7;-1.3042187499999993;2.0;128.13796875000003
30622;2020-07-10 00:00:00;17:00;2020-07-10 17:00:00;;;7.2;-7.4;-1.3042187499999993;2.0;128.13796875000003
30622;2020-07-10 00:00:00;14:00;2020-07-10 14:00:00;;;6.2;-6.3;-1.3042187499999993;2.0;128.13796875000003
30622;2020-07-10 00:00:00;11:00;2020-07-10 11:00:00;;;2.5;-4.7;-1.3042187499999993;2.0;128.13796875000003
30622;2020-07-10 00:00:00;08:00;2020-07-10 08:00:00;;0.0;-1.5;-4.5;-1.3042187499999993;2.0;128.13796875000003
30622;2020-07-10 00:00:00;05:00;2020-07-10 05:00:00;;;-4.1;-6.2;-1.3042187499999993;2.0;128.13796875000003
30622;2020-07-10 00:00:00;02:00;2020-07-10 02:00:00;;;-5.2;-7.2;-1.3042187499999993;2.0;128.13796875000003
30622;2020-06-10 00:00:00;23:00;2020-06-10 23:00:00;;;-3.0;-5.9;11.622656250000002;2.0;98.945
30622;2020-06-10 00:00:00;20:00;2020-06-10 20:00:00;;0.0;3.3;-4.3;11.622656250000002;2.0;98.945
30622;2020-06-10 00:00:00;17:00;2020-06-10 17:00:00;;;12.1;-5.9;11.622656250000002;2.0;98.945
30622;2020-06-10 00:00:00;14:00;2020-06-10 14:00:00;;;10.3;-4.3;11.622656250000002;2.0;98.945
30622;2020-06-10 00:00:00;11:00;2020-06-10 11:00:00;;;2.7;-3.5;11.622656250000002;2.0;98.945
30622;2020-06-10 00:00:00;08:00;2020-06-10 08:00:00;;0.0;-3.1;-5.0;11.622656250000002;2.0;98.945
30622;2020-06-10 00:00:00;05:00;2020-06-10 05:00:00;;;-3.7;-5.5;11.622656250000002;2.0;98.945
30622;2020-06-10 00:00:00;02:00;2020-06-10 02:00:00;;;-5.1;-7.2;11.622656250000002;2.0;98.945
30622;2020-05-10 00:00:00;23:00;2020-05-10 23:00:00;;;-3.7;-6.4;13.28125;62.0;2098.76015625
30622;2020-05-10 00:00:00;20:00;2020-05-10 20:00:00;;0.0;2.0;-4.6;13.28125;62.0;2098.76015625
30622;2020-05-10 00:00:00;17:00;2020-05-10 17:00:00;;;9.6;-6.6;13.28125;62.0;2098.76015625
30622;2020-05-10 00:00:00;14:00;2020-05-10 14:00:00;;;9.3;-8.0;13.28125;62.0;2098.76015625
30622;2020-05-10 00:00:00;11:00;2020-05-10 11:00:00;;;3.0;-6.5;13.28125;62.0;2098.76015625
30622;2020-05-10 00:00:00;08:00;2020-05-10 08:00:00;;0.0;-2.2;-5.0;13.28125;62.0;2098.76015625
30622;2020-05-10 00:00:00;05:00;2020-05-10 05:00:00;;;-2.3;-5.7;13.28125;62.0;2098.76015625
30622;2020-05-10 00:00:00;02:00;2020-05-10 02:00:00;;;-2.1;-6.1;13.28125;62.0;2098.76015625
30622;2020-04-10 00:00:00;23:00;2020-04-10 23:00:00;;;-3.0;-6.3;-17.13671875;32.0;-41.48109374999998
30622;2020-04-10 00:00:00;20:00;2020-04-10 20:00:00;;0.0;2.1;-7.0;-17.13671875;32.0;-41.48109374999998
30622;2020-04-10 00:00:00;17:00;2020-04-10 17:00:00;;;4.8;-10.9;-17.13671875;32.0;-41.48109374999998
30622;2020-04-10 00:00:00;14:00;2020-04-10 14:00:00;;;5.2;-10.0;-17.13671875;32.0;-41.48109374999998
30622;2020-04-10 00:00:00;11:00;2020-04-10 11:00:00;;;-2.2;-7.3;-17.13671875;32.0;-41.48109374999998
30622;2020-04-10 00:00:00;08:00;2020-04-10 08:00:00;;0.0;-9.6;-11.1;-17.13671875;32.0;-41.48109374999998
30622;2020-04-10 00:00:00;05:00;2020-04-10 05:00:00;;;-9.6;-11.2;-17.13671875;32.0;-41.48109374999998
30622;2020-04-10 00:00:00;02:00;2020-04-10 02:00:00;;;-8.2;-10.2;-17.13671875;32.0;-41.48109374999998
30622;2020-03-10 00:00:00;23:00;2020-03-10 23:00:00;;;-6.6;-9.2;-3.81171875;1.0;63.47609374999999
30622;2020-03-10 00:00:00;20:00;2020-03-10 20:00:00;;0.0;-2.8;-9.0;-3.81171875;1.0;63.47609374999999
30622;2020-03-10 00:00:00;17:00;2020-03-10 17:00:00;;;2.8;-10.6;-3.81171875;1.0;63.47609374999999
30622;2020-03-10 00:00:00;14:00;2020-03-10 14:00:00;;;3.0;-10.5;-3.81171875;1.0;63.47609374999999
30622;2020-03-10 00:00:00;11:00;2020-03-10 11:00:00;;;1.4;-8.4;-3.81171875;1.0;63.47609374999999
30622;2020-03-10 00:00:00;08:00;2020-03-10 08:00:00;;0.0;-0.8;-4.9;-3.81171875;1.0;63.47609374999999
30622;2020-03-10 00:00:00;05:00;2020-03-10 05:00:00;;;-0.8;-5.3;-3.81171875;1.0;63.47609374999999
30622;2020-03-10 00:00:00;02:00;2020-03-10 02:00:00;;;-0.3;-5.7;-3.81171875;1.0;63.47609374999999
30622;2020-02-10 00:00:00;23:00;2020-02-10 23:00:00;;;0.0;-5.2;0.6617187499999998;2.0;86.70109374999997
30622;2020-02-10 00:00:00;20:00;2020-02-10 20:00:00;;0.0;1.3;-6.7;0.6617187499999998;2.0;86.70109374999997
30622;2020-02-10 00:00:00;17:00;2020-02-10 17:00:00;;;2.4;-10.0;0.6617187499999998;2.0;86.70109374999997
30622;2020-02-10 00:00:00;14:00;2020-02-10 14:00:00;;;2.7;-8.8;0.6617187499999998;2.0;86.70109374999997
30622;2020-02-10 00:00:00;11:00;2020-02-10 11:00:00;;;2.3;-8.2;0.6617187499999998;2.0;86.70109374999997
30622;2020-02-10 00:00:00;08:00;2020-02-10 08:00:00;;0.0;-2.9;-7.1;0.6617187499999998;2.0;86.70109374999997
30622;2020-02-10 00:00:00;05:00;2020-02-10 05:00:00;;;-2.4;-6.9;0.6617187499999998;2.0;86.70109374999997
30622;2020-02-10 00:00:00;02:00;2020-02-10 02:00:00;;;-2.7;-6.9;0.6617187499999998;2.0;86.70109374999997
30622;2020-01-10 00:00:00;23:00;2020-01-10 23:00:00;;;-0.8;-6.5;2.0600000000000005;2.0;141.87359375
30622;2020-01-10 00:00:00;20:00;2020-01-10 20:00:00;;0.0;0.9;-7.2;2.0600000000000005;2.0;141.87359375
30622;2020-01-10 00:00:00;17:00;2020-01-10 17:00:00;;;2.1;-6.6;2.0600000000000005;2.0;141.87359375
30622;2020-01-10 00:00:00;14:00;2020-01-10 14:00:00;;;1.6;-4.8;2.0600000000000005;2.0;141.87359375
30622;2020-01-10 00:00:00;11:00;2020-01-10 11:00:00;;;1.6;-4.8;2.0600000000000005;2.0;141.87359375
30622;2020-01-10 00:00:00;08:00;2020-01-10 08:00:00;1.0;0.8;-1.2;-2.7;2.0600000000000005;2.0;141.87359375
30622;2020-01-10 00:00:00;05:00;2020-01-10 05:00:00;;;-1.2;-2.8;2.0600000000000005;2.0;141.87359375
30622;2020-01-10 00:00:00;02:00;2020-01-10 02:00:00;;;0.2;-2.6;2.0600000000000005;2.0;141.87359375
30622;2020-09-30 00:00:00;23:00;2020-09-30 23:00:00;;;0.9;-2.8;15.334531249999996;3.0;105.99812499999999
30622;2020-09-30 00:00:00;20:00;2020-09-30 20:00:00;;0.0;2.8;-3.8;15.334531249999996;3.0;105.99812499999999
30622;2020-09-30 00:00:00;17:00;2020-09-30 17:00:00;;;4.6;-3.3;15.334531249999996;3.0;105.99812499999999
30622;2020-09-30 00:00:00;14:00;2020-09-30 14:00:00;;;5.2;-1.6;15.334531249999996;3.0;105.99812499999999
30622;2020-09-30 00:00:00;11:00;2020-09-30 11:00:00;;;6.2;-0.8;15.334531249999996;3.0;105.99812499999999
30622;2020-09-30 00:00:00;08:00;2020-09-30 08:00:00;;0.0;2.7;0.2;15.334531249999996;3.0;105.99812499999999
30622;2020-09-30 00:00:00;05:00;2020-09-30 05:00:00;;;1.8;-0.9;15.334531249999996;3.0;105.99812499999999
30622;2020-09-30 00:00:00;02:00;2020-09-30 02:00:00;;;0.9;-1.0;15.334531249999996;3.0;105.99812499999999
30622;2020-09-29 00:00:00;23:00;2020-09-29 23:00:00;;;4.1;0.3;48.04625000000001;2.0;90.66359374999999
30622;2020-09-29 00:00:00;20:00;2020-09-29 20:00:00;;0.0;9.4;-0.9;48.04625000000001;2.0;90.66359374999999
30622;2020-09-29 00:00:00;17:00;2020-09-29 17:00:00;;;13.4;-2.4;48.04625000000001;2.0;90.66359374999999
30622;2020-09-29 00:00:00;14:00;2020-09-29 14:00:00;;;13.4;-1.7;48.04625000000001;2.0;90.66359374999999
30622;2020-09-29 00:00:00;11:00;2020-09-29 11:00:00;;;7.8;0.2;48.04625000000001;2.0;90.66359374999999
30622;2020-09-29 00:00:00;08:00;2020-09-29 08:00:00;;0.0;1.7;0.1;48.04625000000001;2.0;90.66359374999999
30622;2020-09-29 00:00:00;05:00;2020-09-29 05:00:00;;;1.8;-0.2;48.04625000000001;2.0;90.66359374999999
30622;2020-09-29 00:00:00;02:00;2020-09-29 02:00:00;;;1.6;0.0;48.04625000000001;2.0;90.66359374999999
30622;2020-09-28 00:00:00;23:00;2020-09-28 23:00:00;;;0.7;-0.9;17.563124999999996;1.0;42.61734374999999
30622;2020-09-28 00:00:00;20:00;2020-09-28 20:00:00;;0.0;5.2;1.8;17.563124999999996;1.0;42.61734374999999
30622;2020-09-28 00:00:00;17:00;2020-09-28 17:00:00;;;7.4;0.8;17.563124999999996;1.0;42.61734374999999
30622;2020-09-28 00:00:00;14:00;2020-09-28 14:00:00;;;7.7;-0.2;17.563124999999996;1.0;42.61734374999999
30622;2020-09-28 00:00:00;11:00;2020-09-28 11:00:00;;;7.0;0.3;17.563124999999996;1.0;42.61734374999999
30622;2020-09-28 00:00:00;08:00;2020-09-28 08:00:00;;0.0;2.3;-0.4;17.563124999999996;1.0;42.61734374999999
30622;2020-09-28 00:00:00;05:00;2020-09-28 05:00:00;;;2.3;0.8;17.563124999999996;1.0;42.61734374999999
30622;2020-09-28 00:00:00;02:00;2020-09-28 02:00:00;;;2.2;0.3;17.563124999999996;1.0;42.61734374999999
30622;2020-09-27 00:00:00;23:00;2020-09-27 23:00:00;;;4.1;0.6;25.054218749999997;0.0;25.054218749999997
30622;2020-09-27 00:00:00;20:00;2020-09-27 20:00:00;;0.0;6.0;0.7;25.054218749999997;0.0;25.054218749999997
30622;2020-09-27 00:00:00;17:00;2020-09-27 17:00:00;;;7.4;0.8;25.054218749999997;0.0;25.054218749999997
30622;2020-09-27 00:00:00;14:00;2020-09-27 14:00:00;;;7.5;1.0;25.054218749999997;0.0;25.054218749999997
30622;2020-09-27 00:00:00;11:00;2020-09-27 11:00:00;;;6.7;2.3;25.054218749999997;0.0;25.054218749999997
30622;2020-09-27 00:00:00;08:00;2020-09-27 08:00:00;;3.0;5.2;2.1;25.054218749999997;0.0;25.054218749999997
30622;2020-09-27 00:00:00;05:00;2020-09-27 05:00:00;;;5.2;3.0;25.054218749999997;0.0;25.054218749999997
30622;2020-09-27 00:00:00;02:00;2020-09-27 02:00:00;;;5.2;2.9;25.054218749999997;0.0;25.054218749999997
30622;2020-09-26 00:00:00;23:00;2020-09-26 23:00:00;;;5.0;3.4;19.436249999999994;0.0;19.436249999999994
30622;2020-09-26 00:00:00;20:00;2020-09-26 20:00:00;;3.0;5.1;2.7;19.436249999999994;0.0;19.436249999999994
30622;2020-09-26 00:00:00;17:00;2020-09-26 17:00:00;;;5.6;2.4;19.436249999999994;0.0;19.436249999999994
30622;2020-09-26 00:00:00;14:00;2020-09-26 14:00:00;;;6.3;0.7;19.436249999999994;0.0;19.436249999999994
30622;2020-09-26 00:00:00;11:00;2020-09-26 11:00:00;;;5.6;0.9;19.436249999999994;0.0;19.436249999999994
30622;2020-09-26 00:00:00;08:00;2020-09-26 08:00:00;;2.0;5.1;0.6;19.436249999999994;0.0;19.436249999999994
30622;2020-09-26 00:00:00;05:00;2020-09-26 05:00:00;;;5.8;1.3;19.436249999999994;0.0;19.436249999999994
30622;2020-09-26 00:00:00;02:00;2020-09-26 02:00:00;;;4.1;1.4;19.436249999999994;0.0;19.436249999999994
30622;2020-09-25 00:00:00;23:00;2020-09-25 23:00:00;;;7.2;3.3;68.42109374999998;5.0;242.01828125
30622;2020-09-25 00:00:00;20:00;2020-09-25 20:00:00;;0.3;10.6;6.6;68.42109374999998;5.0;242.01828125
30622;2020-09-25 00:00:00;17:00;2020-09-25 17:00:00;;;16.2;2.9;68.42109374999998;5.0;242.01828125
30622;2020-09-25 00:00:00;14:00;2020-09-25 14:00:00;;;18.5;2.8;68.42109374999998;5.0;242.01828125
30622;2020-09-25 00:00:00;11:00;2020-09-25 11:00:00;;;14.6;3.1;68.42109374999998;5.0;242.01828125
30622;2020-09-25 00:00:00;08:00;2020-09-25 08:00:00;;0.0;3.5;1.6;68.42109374999998;5.0;242.01828125
30622;2020-09-25 00:00:00;05:00;2020-09-25 05:00:00;;;2.9;1.0;68.42109374999998;5.0;242.01828125
30622;2020-09-25 00:00:00;02:00;2020-09-25 02:00:00;;;5.4;2.1;68.42109374999998;5.0;242.01828125
30622;2020-09-24 00:00:00;23:00;2020-09-24 23:00:00;;;5.5;0.9;55.06640625;4.0;173.59718750000002
30622;2020-09-24 00:00:00;20:00;2020-09-24 20:00:00;;0.0;11.4;1.2;55.06640625;4.0;173.59718750000002
30622;2020-09-24 00:00:00;17:00;2020-09-24 17:00:00;;;17.4;-0.5;55.06640625;4.0;173.59718750000002
30622;2020-09-24 00:00:00;14:00;2020-09-24 14:00:00;;;18.2;-3.2;55.06640625;4.0;173.59718750000002
30622;2020-09-24 00:00:00;11:00;2020-09-24 11:00:00;;;9.5;3.2;55.06640625;4.0;173.59718750000002
30622;2020-09-24 00:00:00;08:00;2020-09-24 08:00:00;;0.0;-1.6;-2.6;55.06640625;4.0;173.59718750000002
30622;2020-09-24 00:00:00;05:00;2020-09-24 05:00:00;;;-3.4;-4.4;55.06640625;4.0;173.59718750000002
30622;2020-09-24 00:00:00;02:00;2020-09-24 02:00:00;;;-1.5;-2.6;55.06640625;4.0;173.59718750000002
30622;2020-09-23 00:00:00;23:00;2020-09-23 23:00:00;;;1.4;-0.2;24.695000000000004;3.0;118.53078125000002
30622;2020-09-23 00:00:00;20:00;2020-09-23 20:00:00;;0.0;8.4;0.8;24.695000000000004;3.0;118.53078125000002
30622;2020-09-23 00:00:00;17:00;2020-09-23 17:00:00;;;15.6;1.1;24.695000000000004;3.0;118.53078125000002
30622;2020-09-23 00:00:00;14:00;2020-09-23 14:00:00;;;13.7;-0.1;24.695000000000004;3.0;118.53078125000002
30622;2020-09-23 00:00:00;11:00;2020-09-23 11:00:00;;;4.3;0.0;24.695000000000004;3.0;118.53078125000002
30622;2020-09-23 00:00:00;08:00;2020-09-23 08:00:00;;0.0;-2.8;-3.8;24.695000000000004;3.0;118.53078125000002
30622;2020-09-23 00:00:00;05:00;2020-09-23 05:00:00;;;-3.1;-4.1;24.695000000000004;3.0;118.53078125000002
30622;2020-09-23 00:00:00;02:00;2020-09-23 02:00:00;;;-2.3;-3.4;24.695000000000004;3.0;118.53078125000002
30622;2020-09-22 00:00:00;23:00;2020-09-22 23:00:00;;;0.1;-1.5;18.323906250000004;2.0;93.83578125000001
30622;2020-09-22 00:00:00;20:00;2020-09-22 20:00:00;;0.0;4.2;0.0;18.323906250000004;2.0;93.83578125000001
30622;2020-09-22 00:00:00;17:00;2020-09-22 17:00:00;;;12.5;-1.3;18.323906250000004;2.0;93.83578125000001
30622;2020-09-22 00:00:00;14:00;2020-09-22 14:00:00;;;11.9;-1.4;18.323906250000004;2.0;93.83578125000001
30622;2020-09-22 00:00:00;11:00;2020-09-22 11:00:00;;;4.6;1.0;18.323906250000004;2.0;93.83578125000001
30622;2020-09-22 00:00:00;08:00;2020-09-22 08:00:00;;;-0.8;-2.2;18.323906250000004;2.0;93.83578125000001
30622;2020-09-22 00:00:00;05:00;2020-09-22 05:00:00;;;-2.6;-3.6;18.323906250000004;2.0;93.83578125000001
30622;2020-09-22 00:00:00;02:00;2020-09-22 02:00:00;;;-0.8;-2.2;18.323906250000004;2.0;93.83578125000001
30622;2020-09-21 00:00:00;23:00;2020-09-21 23:00:00;;;1.9;-0.3;41.596875000000004;1.0;75.511875
30622;2020-09-21 00:00:00;20:00;2020-09-21 20:00:00;;0.0;6.7;0.8;41.596875000000004;1.0;75.511875
30622;2020-09-21 00:00:00;17:00;2020-09-21 17:00:00;;;13.8;-1.2;41.596875000000004;1.0;75.511875
30622;2020-09-21 00:00:00;14:00;2020-09-21 14:00:00;;;12.3;1.6;41.596875000000004;1.0;75.511875
30622;2020-09-21 00:00:00;11:00;2020-09-21 11:00:00;;;10.4;4.2;41.596875000000004;1.0;75.511875
30622;2020-09-21 00:00:00;08:00;2020-09-21 08:00:00;;0.0;5.9;4.6;41.596875000000004;1.0;75.511875
30622;2020-09-21 00:00:00;05:00;2020-09-21 05:00:00;;;5.1;4.0;41.596875000000004;1.0;75.511875
30622;2020-09-21 00:00:00;02:00;2020-09-21 02:00:00;;;5.1;4.0;41.596875000000004;1.0;75.511875
30622;2020-09-20 00:00:00;23:00;2020-09-20 23:00:00;;;4.8;3.5;33.915000000000006;0.0;33.915000000000006
30622;2020-09-20 00:00:00;20:00;2020-09-20 20:00:00;;0.6;8.7;4.7;33.915000000000006;0.0;33.915000000000006
30622;2020-09-20 00:00:00;17:00;2020-09-20 17:00:00;;;12.8;4.3;33.915000000000006;0.0;33.915000000000006
30622;2020-09-20 00:00:00;14:00;2020-09-20 14:00:00;;;10.8;6.0;33.915000000000006;0.0;33.915000000000006
30622;2020-09-20 00:00:00;11:00;2020-09-20 11:00:00;;;12.5;5.4;33.915000000000006;0.0;33.915000000000006
30622;2020-09-20 00:00:00;08:00;2020-09-20 08:00:00;;7.0;7.0;5.5;33.915000000000006;0.0;33.915000000000006
30622;2020-09-20 00:00:00;05:00;2020-09-20 05:00:00;;;7.4;5.8;33.915000000000006;0.0;33.915000000000006
30622;2020-09-20 00:00:00;02:00;2020-09-20 02:00:00;;;7.4;5.8;33.915000000000006;0.0;33.915000000000006
30622;2020-09-19 00:00:00;23:00;2020-09-19 23:00:00;;;8.1;6.7;25.853749999999998;4.0;126.30734374999997
30622;2020-09-19 00:00:00;20:00;2020-09-19 20:00:00;;0.0;11.8;6.5;25.853749999999998;4.0;126.30734374999997
30622;2020-09-19 00:00:00;17:00;2020-09-19 17:00:00;;;16.0;5.4;25.853749999999998;4.0;126.30734374999997
30622;2020-09-19 00:00:00;14:00;2020-09-19 14:00:00;;;12.9;4.4;25.853749999999998;4.0;126.30734374999997
30622;2020-09-19 00:00:00;11:00;2020-09-19 11:00:00;;;5.0;4.0;25.853749999999998;4.0;126.30734374999997
30622;2020-09-19 00:00:00;08:00;2020-09-19 08:00:00;;0.0;0.9;0.0;25.853749999999998;4.0;126.30734374999997
30622;2020-09-19 00:00:00;05:00;2020-09-19 05:00:00;;;-0.2;-1.1;25.853749999999998;4.0;126.30734374999997
30622;2020-09-19 00:00:00;02:00;2020-09-19 02:00:00;;;1.4;0.4;25.853749999999998;4.0;126.30734374999997
30622;2020-09-18 00:00:00;23:00;2020-09-18 23:00:00;;;3.5;2.0;26.457500000000003;3.0;100.45359374999998
30622;2020-09-18 00:00:00;20:00;2020-09-18 20:00:00;;0.0;7.8;4.7;26.457500000000003;3.0;100.45359374999998
30622;2020-09-18 00:00:00;17:00;2020-09-18 17:00:00;;;18.9;3.5;26.457500000000003;3.0;100.45359374999998
30622;2020-09-18 00:00:00;14:00;2020-09-18 14:00:00;;;13.4;6.7;26.457500000000003;3.0;100.45359374999998
30622;2020-09-18 00:00:00;11:00;2020-09-18 11:00:00;;;4.6;3.7;26.457500000000003;3.0;100.45359374999998
30622;2020-09-18 00:00:00;08:00;2020-09-18 08:00:00;;0.0;2.4;1.5;26.457500000000003;3.0;100.45359374999998
30622;2020-09-18 00:00:00;05:00;2020-09-18 05:00:00;;;2.6;1.7;26.457500000000003;3.0;100.45359374999998
30622;2020-09-18 00:00:00;02:00;2020-09-18 02:00:00;;;2.5;1.5;26.457500000000003;3.0;100.45359374999998
30622;2020-09-17 00:00:00;23:00;2020-09-17 23:00:00;;;3.9;2.8;33.766875000000006;2.0;73.99609374999999
30622;2020-09-17 00:00:00;20:00;2020-09-17 20:00:00;;0.0;8.1;4.8;33.766875000000006;2.0;73.99609374999999
30622;2020-09-17 00:00:00;17:00;2020-09-17 17:00:00;;;16.5;2.7;33.766875000000006;2.0;73.99609374999999
30622;2020-09-17 00:00:00;14:00;2020-09-17 14:00:00;;;15.0;6.6;33.766875000000006;2.0;73.99609374999999
30622;2020-09-17 00:00:00;11:00;2020-09-17 11:00:00;;;8.5;6.2;33.766875000000006;2.0;73.99609374999999
30622;2020-09-17 00:00:00;08:00;2020-09-17 08:00:00;;0.0;4.9;3.7;33.766875000000006;2.0;73.99609374999999
30622;2020-09-17 00:00:00;05:00;2020-09-17 05:00:00;;;4.6;3.4;33.766875000000006;2.0;73.99609374999999
30622;2020-09-17 00:00:00;02:00;2020-09-17 02:00:00;;;5.2;4.1;33.766875000000006;2.0;73.99609374999999
30622;2020-09-16 00:00:00;23:00;2020-09-16 23:00:00;;;5.4;4.1;24.569999999999993;1.0;40.22921874999998
30622;2020-09-16 00:00:00;20:00;2020-09-16 20:00:00;;0.0;10.1;7.7;24.569999999999993;1.0;40.22921874999998
30622;2020-09-16 00:00:00;17:00;2020-09-16 17:00:00;;;12.0;6.1;24.569999999999993;1.0;40.22921874999998
30622;2020-09-16 00:00:00;14:00;2020-09-16 14:00:00;;;11.8;6.8;24.569999999999993;1.0;40.22921874999998
30622;2020-09-16 00:00:00;11:00;2020-09-16 11:00:00;;;9.4;6.8;24.569999999999993;1.0;40.22921874999998
30622;2020-09-16 00:00:00;08:00;2020-09-16 08:00:00;;0.0;7.9;6.4;24.569999999999993;1.0;40.22921874999998
30622;2020-09-16 00:00:00;05:00;2020-09-16 05:00:00;;;7.9;6.5;24.569999999999993;1.0;40.22921874999998
30622;2020-09-16 00:00:00;02:00;2020-09-16 02:00:00;;;8.3;6.8;24.569999999999993;1.0;40.22921874999998
30622;2020-09-15 00:00:00;23:00;2020-09-15 23:00:00;;;8.5;7.0;15.659218749999988;0.0;15.659218749999988
30622;2020-09-15 00:00:00;20:00;2020-09-15 20:00:00;;2.0;8.8;7.5;15.659218749999988;0.0;15.659218749999988
30622;2020-09-15 00:00:00;17:00;2020-09-15 17:00:00;;;10.2;8.6;15.659218749999988;0.0;15.659218749999988
30622;2020-09-15 00:00:00;14:00;2020-09-15 14:00:00;;;11.4;7.5;15.659218749999988;0.0;15.659218749999988
30622;2020-09-15 00:00:00;11:00;2020-09-15 11:00:00;;;9.8;7.4;15.659218749999988;0.0;15.659218749999988
30622;2020-09-15 00:00:00;08:00;2020-09-15 08:00:00;;10.0;7.7;6.6;15.659218749999988;0.0;15.659218749999988
30622;2020-09-15 00:00:00;05:00;2020-09-15 05:00:00;;;7.9;6.9;15.659218749999988;0.0;15.659218749999988
30622;2020-09-15 00:00:00;02:00;2020-09-15 02:00:00;;;7.8;6.7;15.659218749999988;0.0;15.659218749999988
30622;2020-09-14 00:00:00;23:00;2020-09-14 23:00:00;;;8.5;7.1;24.408593749999998;0.0;24.408593749999998
30622;2020-09-14 00:00:00;20:00;2020-09-14 20:00:00;;0.8;10.3;7.9;24.408593749999998;0.0;24.408593749999998
30622;2020-09-14 00:00:00;17:00;2020-09-14 17:00:00;;;12.3;7.2;24.408593749999998;0.0;24.408593749999998
30622;2020-09-14 00:00:00;14:00;2020-09-14 14:00:00;;;12.2;7.3;24.408593749999998;0.0;24.408593749999998
30622;2020-09-14 00:00:00;11:00;2020-09-14 11:00:00;;;8.8;6.2;24.408593749999998;0.0;24.408593749999998
30622;2020-09-14 00:00:00;08:00;2020-09-14 08:00:00;;17.0;8.3;7.1;24.408593749999998;0.0;24.408593749999998
30622;2020-09-14 00:00:00;05:00;2020-09-14 05:00:00;;;8.2;7.0;24.408593749999998;0.0;24.408593749999998
30622;2020-09-14 00:00:00;02:00;2020-09-14 02:00:00;;;9.9;8.8;24.408593749999998;0.0;24.408593749999998
30622;2020-09-13 00:00:00;23:00;2020-09-13 23:00:00;;;10.4;9.3;11.546875000000009;0.0;11.546875000000009
30622;2020-09-13 00:00:00;20:00;2020-09-13 20:00:00;;13.0;10.5;9.3;11.546875000000009;0.0;11.546875000000009
30622;2020-09-13 00:00:00;17:00;2020-09-13 17:00:00;;;10.8;9.4;11.546875000000009;0.0;11.546875000000009
30622;2020-09-13 00:00:00;14:00;2020-09-13 14:00:00;;;10.7;8.6;11.546875000000009;0.0;11.546875000000009
30622;2020-09-13 00:00:00;11:00;2020-09-13 11:00:00;;;8.9;7.6;11.546875000000009;0.0;11.546875000000009
30622;2020-09-13 00:00:00;08:00;2020-09-13 08:00:00;;2.0;7.8;6.9;11.546875000000009;0.0;11.546875000000009
30622;2020-09-13 00:00:00;05:00;2020-09-13 05:00:00;;;7.5;6.5;11.546875000000009;0.0;11.546875000000009
30622;2020-09-13 00:00:00;02:00;2020-09-13 02:00:00;;;7.3;6.3;11.546875000000009;0.0;11.546875000000009
30622;2020-12-09 00:00:00;23:00;2020-12-09 23:00:00;;;7.8;6.8;12.193593750000003;0.0;12.193593750000003
30622;2020-12-09 00:00:00;20:00;2020-12-09 20:00:00;;10.0;8.9;7.5;12.193593750000003;0.0;12.193593750000003
30622;2020-12-09 00:00:00;17:00;2020-12-09 17:00:00;;;9.9;8.1;12.193593750000003;0.0;12.193593750000003
30622;2020-12-09 00:00:00;14:00;2020-12-09 14:00:00;;;9.4;7.7;12.193593750000003;0.0;12.193593750000003
30622;2020-12-09 00:00:00;11:00;2020-12-09 11:00:00;;;8.6;7.2;12.193593750000003;0.0;12.193593750000003
30622;2020-12-09 00:00:00;08:00;2020-12-09 08:00:00;;13.0;7.3;6.2;12.193593750000003;0.0;12.193593750000003
30622;2020-12-09 00:00:00;05:00;2020-12-09 05:00:00;;;7.3;5.9;12.193593750000003;0.0;12.193593750000003
30622;2020-12-09 00:00:00;02:00;2020-12-09 02:00:00;;;7.5;5.6;12.193593750000003;0.0;12.193593750000003
30622;2020-11-09 00:00:00;23:00;2020-11-09 23:00:00;;;7.9;5.8;21.40468749999999;0.0;21.40468749999999
30622;2020-11-09 00:00:00;20:00;2020-11-09 20:00:00;;1.0;9.2;6.5;21.40468749999999;0.0;21.40468749999999
30622;2020-11-09 00:00:00;17:00;2020-11-09 17:00:00;;;9.6;6.9;21.40468749999999;0.0;21.40468749999999
30622;2020-11-09 00:00:00;14:00;2020-11-09 14:00:00;;;10.2;6.2;21.40468749999999;0.0;21.40468749999999
30622;2020-11-09 00:00:00;11:00;2020-11-09 11:00:00;;;8.4;6.3;21.40468749999999;0.0;21.40468749999999
30622;2020-11-09 00:00:00;08:00;2020-11-09 08:00:00;;6.0;7.7;5.7;21.40468749999999;0.0;21.40468749999999
30622;2020-11-09 00:00:00;05:00;2020-11-09 05:00:00;;;9.4;7.2;21.40468749999999;0.0;21.40468749999999
30622;2020-11-09 00:00:00;02:00;2020-11-09 02:00:00;;;9.7;8.5;21.40468749999999;0.0;21.40468749999999
30622;2020-10-09 00:00:00;23:00;2020-10-09 23:00:00;;;11.9;10.4;42.040468749999995;12.0;584.8421875
30622;2020-10-09 00:00:00;20:00;2020-10-09 20:00:00;;0.0;14.9;9.3;42.040468749999995;12.0;584.8421875
30622;2020-10-09 00:00:00;17:00;2020-10-09 17:00:00;;;20.0;8.0;42.040468749999995;12.0;584.8421875
30622;2020-10-09 00:00:00;14:00;2020-10-09 14:00:00;;;14.5;7.7;42.040468749999995;12.0;584.8421875
30622;2020-10-09 00:00:00;11:00;2020-10-09 11:00:00;;;9.7;6.4;42.040468749999995;12.0;584.8421875
30622;2020-10-09 00:00:00;08:00;2020-10-09 08:00:00;;0.0;5.9;4.9;42.040468749999995;12.0;584.8421875
30622;2020-10-09 00:00:00;05:00;2020-10-09 05:00:00;;;3.1;2.2;42.040468749999995;12.0;584.8421875
30622;2020-10-09 00:00:00;02:00;2020-10-09 02:00:00;;;3.3;2.1;42.040468749999995;12.0;584.8421875
30622;2020-09-09 00:00:00;23:00;2020-09-09 23:00:00;;;7.7;6.1;31.35749999999999;0.0;31.35749999999999
30622;2020-09-09 00:00:00;20:00;2020-09-09 20:00:00;;4.0;9.5;7.0;31.35749999999999;0.0;31.35749999999999
30622;2020-09-09 00:00:00;17:00;2020-09-09 17:00:00;;;14.5;8.2;31.35749999999999;0.0;31.35749999999999
30622;2020-09-09 00:00:00;14:00;2020-09-09 14:00:00;;;14.7;9.3;31.35749999999999;0.0;31.35749999999999
30622;2020-09-09 00:00:00;11:00;2020-09-09 11:00:00;;;12.0;9.4;31.35749999999999;0.0;31.35749999999999
30622;2020-09-09 00:00:00;08:00;2020-09-09 08:00:00;;15.0;9.7;8.6;31.35749999999999;0.0;31.35749999999999
30622;2020-09-09 00:00:00;05:00;2020-09-09 05:00:00;;;9.8;8.7;31.35749999999999;0.0;31.35749999999999
30622;2020-09-09 00:00:00;02:00;2020-09-09 02:00:00;;;10.9;8.9;31.35749999999999;0.0;31.35749999999999
30622;2020-08-09 00:00:00;23:00;2020-08-09 23:00:00;;;13.7;8.6;77.26374999999997;2.0;183.55890624999995
30622;2020-08-09 00:00:00;20:00;2020-08-09 20:00:00;;0.0;15.7;9.6;77.26374999999997;2.0;183.55890624999995
30622;2020-08-09 00:00:00;17:00;2020-08-09 17:00:00;;;19.9;10.4;77.26374999999997;2.0;183.55890624999995
30622;2020-08-09 00:00:00;14:00;2020-08-09 14:00:00;;;23.2;10.0;77.26374999999997;2.0;183.55890624999995
30622;2020-08-09 00:00:00;11:00;2020-08-09 11:00:00;;;16.7;9.5;77.26374999999997;2.0;183.55890624999995
30622;2020-08-09 00:00:00;08:00;2020-08-09 08:00:00;;0.0;6.9;5.8;77.26374999999997;2.0;183.55890624999995
30622;2020-08-09 00:00:00;05:00;2020-08-09 05:00:00;;;5.4;4.2;77.26374999999997;2.0;183.55890624999995
30622;2020-08-09 00:00:00;02:00;2020-08-09 02:00:00;;;7.9;6.1;77.26374999999997;2.0;183.55890624999995
30622;2020-07-09 00:00:00;23:00;2020-07-09 23:00:00;;;12.8;6.8;71.01875;1.0;129.44218750000002
30622;2020-07-09 00:00:00;20:00;2020-07-09 20:00:00;;0.0;15.6;6.9;71.01875;1.0;129.44218750000002
30622;2020-07-09 00:00:00;17:00;2020-07-09 17:00:00;;;21.1;9.9;71.01875;1.0;129.44218750000002
30622;2020-07-09 00:00:00;14:00;2020-07-09 14:00:00;;;17.4;9.0;71.01875;1.0;129.44218750000002
30622;2020-07-09 00:00:00;11:00;2020-07-09 11:00:00;;;11.4;7.5;71.01875;1.0;129.44218750000002
30622;2020-07-09 00:00:00;08:00;2020-07-09 08:00:00;;0.0;8.7;7.3;71.01875;1.0;129.44218750000002
30622;2020-07-09 00:00:00;05:00;2020-07-09 05:00:00;;;8.3;6.1;71.01875;1.0;129.44218750000002
30622;2020-07-09 00:00:00;02:00;2020-07-09 02:00:00;;;8.0;5.8;71.01875;1.0;129.44218750000002
30622;2020-06-09 00:00:00;23:00;2020-06-09 23:00:00;;;8.6;6.3;39.412187499999995;1.0;87.32234374999999
30622;2020-06-09 00:00:00;20:00;2020-06-09 20:00:00;;0.3;9.5;6.5;39.412187499999995;1.0;87.32234374999999
30622;2020-06-09 00:00:00;17:00;2020-06-09 17:00:00;;;10.8;7.1;39.412187499999995;1.0;87.32234374999999
30622;2020-06-09 00:00:00;14:00;2020-06-09 14:00:00;;;9.2;6.6;39.412187499999995;1.0;87.32234374999999
30622;2020-06-09 00:00:00;11:00;2020-06-09 11:00:00;;;9.5;5.6;39.412187499999995;1.0;87.32234374999999
30622;2020-06-09 00:00:00;08:00;2020-06-09 08:00:00;;0.0;10.4;6.2;39.412187499999995;1.0;87.32234374999999
30622;2020-06-09 00:00:00;05:00;2020-06-09 05:00:00;;;12.9;7.7;39.412187499999995;1.0;87.32234374999999
30622;2020-06-09 00:00:00;02:00;2020-06-09 02:00:00;;;12.9;7.7;39.412187499999995;1.0;87.32234374999999
30622;2020-05-09 00:00:00;23:00;2020-05-09 23:00:00;;;15.0;9.7;80.34468749999999;61.0;2085.47890625
30622;2020-05-09 00:00:00;20:00;2020-05-09 20:00:00;;0.0;15.5;9.4;80.34468749999999;61.0;2085.47890625
30622;2020-05-09 00:00:00;17:00;2020-05-09 17:00:00;;;24.0;6.3;80.34468749999999;61.0;2085.47890625
30622;2020-05-09 00:00:00;14:00;2020-05-09 14:00:00;;;22.1;7.4;80.34468749999999;61.0;2085.47890625
30622;2020-05-09 00:00:00;11:00;2020-05-09 11:00:00;;;9.9;9.0;80.34468749999999;61.0;2085.47890625
30622;2020-05-09 00:00:00;08:00;2020-05-09 08:00:00;;0.0;8.1;7.2;80.34468749999999;61.0;2085.47890625
30622;2020-05-09 00:00:00;05:00;2020-05-09 05:00:00;;;6.0;5.0;80.34468749999999;61.0;2085.47890625
30622;2020-05-09 00:00:00;02:00;2020-05-09 02:00:00;;;7.2;6.1;80.34468749999999;61.0;2085.47890625
30622;2020-04-09 00:00:00;23:00;2020-04-09 23:00:00;;;7.2;6.1;62.28140624999998;31.0;-24.344374999999978
30622;2020-04-09 00:00:00;20:00;2020-04-09 20:00:00;;0.0;16.2;9.9;62.28140624999998;31.0;-24.344374999999978
30622;2020-04-09 00:00:00;17:00;2020-04-09 17:00:00;;;22.7;8.0;62.28140624999998;31.0;-24.344374999999978
30622;2020-04-09 00:00:00;14:00;2020-04-09 14:00:00;;;20.9;9.1;62.28140624999998;31.0;-24.344374999999978
30622;2020-04-09 00:00:00;11:00;2020-04-09 11:00:00;;;11.3;8.4;62.28140624999998;31.0;-24.344374999999978
30622;2020-04-09 00:00:00;08:00;2020-04-09 08:00:00;;0.0;7.6;6.6;62.28140624999998;31.0;-24.344374999999978
30622;2020-04-09 00:00:00;05:00;2020-04-09 05:00:00;;;7.1;6.1;62.28140624999998;31.0;-24.344374999999978
30622;2020-04-09 00:00:00;02:00;2020-04-09 02:00:00;;;6.9;5.8;62.28140624999998;31.0;-24.344374999999978
30622;2020-03-09 00:00:00;23:00;2020-03-09 23:00:00;;;7.7;6.3;67.28781249999999;0.0;67.28781249999999
30622;2020-03-09 00:00:00;20:00;2020-03-09 20:00:00;;0.0;13.8;8.7;67.28781249999999;0.0;67.28781249999999
30622;2020-03-09 00:00:00;17:00;2020-03-09 17:00:00;;;19.9;8.5;67.28781249999999;0.0;67.28781249999999
30622;2020-03-09 00:00:00;14:00;2020-03-09 14:00:00;;;19.2;9.0;67.28781249999999;0.0;67.28781249999999
30622;2020-03-09 00:00:00;11:00;2020-03-09 11:00:00;;;16.4;9.5;67.28781249999999;0.0;67.28781249999999
30622;2020-03-09 00:00:00;08:00;2020-03-09 08:00:00;;3.0;11.5;10.1;67.28781249999999;0.0;67.28781249999999
30622;2020-03-09 00:00:00;05:00;2020-03-09 05:00:00;;;11.4;9.6;67.28781249999999;0.0;67.28781249999999
30622;2020-03-09 00:00:00;02:00;2020-03-09 02:00:00;;;9.4;8.2;67.28781249999999;0.0;67.28781249999999
30622;2020-02-09 00:00:00;23:00;2020-02-09 23:00:00;;;9.6;8.3;41.662499999999994;1.0;86.03937499999996
30622;2020-02-09 00:00:00;20:00;2020-02-09 20:00:00;;0.0;15.9;11.8;41.662499999999994;1.0;86.03937499999996
30622;2020-02-09 00:00:00;17:00;2020-02-09 17:00:00;;;18.2;11.1;41.662499999999994;1.0;86.03937499999996
30622;2020-02-09 00:00:00;14:00;2020-02-09 14:00:00;;;19.8;8.9;41.662499999999994;1.0;86.03937499999996
30622;2020-02-09 00:00:00;11:00;2020-02-09 11:00:00;;;11.1;7.3;41.662499999999994;1.0;86.03937499999996
30622;2020-02-09 00:00:00;08:00;2020-02-09 08:00:00;;0.0;4.8;3.8;41.662499999999994;1.0;86.03937499999996
30622;2020-02-09 00:00:00;05:00;2020-02-09 05:00:00;;;3.9;2.9;41.662499999999994;1.0;86.03937499999996
30622;2020-02-09 00:00:00;02:00;2020-02-09 02:00:00;;;4.7;3.6;41.662499999999994;1.0;86.03937499999996
30622;2020-01-09 00:00:00;23:00;2020-01-09 23:00:00;;;7.9;6.1;89.89874999999999;1.0;139.81359375
30622;2020-01-09 00:00:00;20:00;2020-01-09 20:00:00;;0.0;14.0;6.9;89.89874999999999;1.0;139.81359375
30622;2020-01-09 00:00:00;17:00;2020-01-09 17:00:00;;;20.5;4.5;89.89874999999999;1.0;139.81359375
30622;2020-01-09 00:00:00;14:00;2020-01-09 14:00:00;;;17.4;5.8;89.89874999999999;1.0;139.81359375
30622;2020-01-09 00:00:00;11:00;2020-01-09 11:00:00;;;16.1;8.0;89.89874999999999;1.0;139.81359375
30622;2020-01-09 00:00:00;08:00;2020-01-09 08:00:00;;0.0;11.6;9.1;89.89874999999999;1.0;139.81359375
30622;2020-01-09 00:00:00;05:00;2020-01-09 05:00:00;;;11.2;8.6;89.89874999999999;1.0;139.81359375
30622;2020-01-09 00:00:00;02:00;2020-01-09 02:00:00;;;11.1;8.4;89.89874999999999;1.0;139.81359375
30622;2020-08-31 00:00:00;23:00;2020-08-31 23:00:00;;;13.0;8.9;105.215625;3.0;228.10359375000002
30622;2020-08-31 00:00:00;20:00;2020-08-31 20:00:00;;0.0;14.9;8.9;105.215625;3.0;228.10359375000002
30622;2020-08-31 00:00:00;17:00;2020-08-31 17:00:00;;;19.3;6.3;105.215625;3.0;228.10359375000002
30622;2020-08-31 00:00:00;14:00;2020-08-31 14:00:00;;;21.3;3.9;105.215625;3.0;228.10359375000002
30622;2020-08-31 00:00:00;11:00;2020-08-31 11:00:00;;;18.3;11.2;105.215625;3.0;228.10359375000002
30622;2020-08-31 00:00:00;08:00;2020-08-31 08:00:00;;0.0;11.9;9.8;105.215625;3.0;228.10359375000002
30622;2020-08-31 00:00:00;05:00;2020-08-31 05:00:00;;;12.6;10.6;105.215625;3.0;228.10359375000002
30622;2020-08-31 00:00:00;02:00;2020-08-31 02:00:00;;;13.4;11.1;105.215625;3.0;228.10359375000002
30622;2020-08-30 00:00:00;23:00;2020-08-30 23:00:00;;;14.7;12.2;49.21640624999999;2.0;122.88796875000001
30622;2020-08-30 00:00:00;20:00;2020-08-30 20:00:00;;1.0;16.3;12.4;49.21640624999999;2.0;122.88796875000001
30622;2020-08-30 00:00:00;17:00;2020-08-30 17:00:00;;;17.5;13.8;49.21640624999999;2.0;122.88796875000001
30622;2020-08-30 00:00:00;14:00;2020-08-30 14:00:00;;;20.7;12.0;49.21640624999999;2.0;122.88796875000001
30622;2020-08-30 00:00:00;11:00;2020-08-30 11:00:00;;;16.4;13.0;49.21640624999999;2.0;122.88796875000001
30622;2020-08-30 00:00:00;08:00;2020-08-30 08:00:00;;0.0;13.4;12.4;49.21640624999999;2.0;122.88796875000001
30622;2020-08-30 00:00:00;05:00;2020-08-30 05:00:00;;;12.5;11.5;49.21640624999999;2.0;122.88796875000001
30622;2020-08-30 00:00:00;02:00;2020-08-30 02:00:00;;;13.0;11.9;49.21640624999999;2.0;122.88796875000001
30622;2020-08-29 00:00:00;23:00;2020-08-29 23:00:00;;;13.1;12.0;49.86656249999999;1.0;73.67156250000002
30622;2020-08-29 00:00:00;20:00;2020-08-29 20:00:00;;0.5;15.5;13.2;49.86656249999999;1.0;73.67156250000002
30622;2020-08-29 00:00:00;17:00;2020-08-29 17:00:00;;;19.3;11.6;49.86656249999999;1.0;73.67156250000002
30622;2020-08-29 00:00:00;14:00;2020-08-29 14:00:00;;;19.3;12.1;49.86656249999999;1.0;73.67156250000002
30622;2020-08-29 00:00:00;11:00;2020-08-29 11:00:00;;;15.5;12.4;49.86656249999999;1.0;73.67156250000002
30622;2020-08-29 00:00:00;08:00;2020-08-29 08:00:00;;0.9;14.2;12.2;49.86656249999999;1.0;73.67156250000002
30622;2020-08-29 00:00:00;05:00;2020-08-29 05:00:00;;;13.3;11.9;49.86656249999999;1.0;73.67156250000002
30622;2020-08-29 00:00:00;02:00;2020-08-29 02:00:00;;;13.5;12.5;49.86656249999999;1.0;73.67156250000002
30622;2020-08-28 00:00:00;23:00;2020-08-28 23:00:00;;;13.7;12.6;23.80500000000002;0.0;23.80500000000002
30622;2020-08-28 00:00:00;20:00;2020-08-28 20:00:00;;10.0;14.0;12.5;23.80500000000002;0.0;23.80500000000002
30622;2020-08-28 00:00:00;17:00;2020-08-28 17:00:00;;;15.5;12.9;23.80500000000002;0.0;23.80500000000002
30622;2020-08-28 00:00:00;14:00;2020-08-28 14:00:00;;;14.5;12.8;23.80500000000002;0.0;23.80500000000002
30622;2020-08-28 00:00:00;11:00;2020-08-28 11:00:00;;;13.4;11.8;23.80500000000002;0.0;23.80500000000002
30622;2020-08-28 00:00:00;08:00;2020-08-28 08:00:00;;3.0;12.8;11.4;23.80500000000002;0.0;23.80500000000002
30622;2020-08-28 00:00:00;05:00;2020-08-28 05:00:00;;;12.7;11.4;23.80500000000002;0.0;23.80500000000002
30622;2020-08-28 00:00:00;02:00;2020-08-28 02:00:00;;;13.8;11.2;23.80500000000002;0.0;23.80500000000002
30622;2020-08-27 00:00:00;23:00;2020-08-27 23:00:00;;;14.6;11.5;82.30109375000002;5.0;385.55234375000003
30622;2020-08-27 00:00:00;20:00;2020-08-27 20:00:00;;0.6;17.0;11.6;82.30109375000002;5.0;385.55234375000003
30622;2020-08-27 00:00:00;17:00;2020-08-27 17:00:00;;;19.2;10.3;82.30109375000002;5.0;385.55234375000003
30622;2020-08-27 00:00:00;14:00;2020-08-27 14:00:00;;;22.1;9.8;82.30109375000002;5.0;385.55234375000003
30622;2020-08-27 00:00:00;11:00;2020-08-27 11:00:00;;;20.5;9.6;82.30109375000002;5.0;385.55234375000003
30622;2020-08-27 00:00:00;08:00;2020-08-27 08:00:00;;0.0;9.6;8.6;82.30109375000002;5.0;385.55234375000003
30622;2020-08-27 00:00:00;05:00;2020-08-27 05:00:00;;;6.9;5.7;82.30109375000002;5.0;385.55234375000003
30622;2020-08-27 00:00:00;02:00;2020-08-27 02:00:00;;;9.0;7.5;82.30109375000002;5.0;385.55234375000003
30622;2020-08-26 00:00:00;23:00;2020-08-26 23:00:00;;;13.4;9.4;79.70593750000002;4.0;303.25125
30622;2020-08-26 00:00:00;20:00;2020-08-26 20:00:00;;0.0;18.3;9.7;79.70593750000002;4.0;303.25125
30622;2020-08-26 00:00:00;17:00;2020-08-26 17:00:00;;;22.5;9.6;79.70593750000002;4.0;303.25125
30622;2020-08-26 00:00:00;14:00;2020-08-26 14:00:00;;;22.2;9.7;79.70593750000002;4.0;303.25125
30622;2020-08-26 00:00:00;11:00;2020-08-26 11:00:00;;;13.7;10.9;79.70593750000002;4.0;303.25125
30622;2020-08-26 00:00:00;08:00;2020-08-26 08:00:00;;0.0;9.0;8.0;79.70593750000002;4.0;303.25125
30622;2020-08-26 00:00:00;05:00;2020-08-26 05:00:00;;;9.2;8.2;79.70593750000002;4.0;303.25125
30622;2020-08-26 00:00:00;02:00;2020-08-26 02:00:00;;;7.9;6.8;79.70593750000002;4.0;303.25125
30622;2020-08-25 00:00:00;23:00;2020-08-25 23:00:00;;;9.8;8.2;42.46125000000002;3.0;223.54531250000002
30622;2020-08-25 00:00:00;20:00;2020-08-25 20:00:00;;0.0;14.2;11.0;42.46125000000002;3.0;223.54531250000002
30622;2020-08-25 00:00:00;17:00;2020-08-25 17:00:00;;;17.4;12.5;42.46125000000002;3.0;223.54531250000002
30622;2020-08-25 00:00:00;14:00;2020-08-25 14:00:00;;;20.7;10.0;42.46125000000002;3.0;223.54531250000002
30622;2020-08-25 00:00:00;11:00;2020-08-25 11:00:00;;;12.8;10.0;42.46125000000002;3.0;223.54531250000002
30622;2020-08-25 00:00:00;08:00;2020-08-25 08:00:00;;0.0;9.4;8.3;42.46125000000002;3.0;223.54531250000002
30622;2020-08-25 00:00:00;05:00;2020-08-25 05:00:00;;;7.7;6.6;42.46125000000002;3.0;223.54531250000002
30622;2020-08-25 00:00:00;02:00;2020-08-25 02:00:00;;;9.4;8.0;42.46125000000002;3.0;223.54531250000002
30622;2020-08-24 00:00:00;23:00;2020-08-24 23:00:00;;;10.5;8.9;94.84249999999997;2.0;181.08406250000002
30622;2020-08-24 00:00:00;20:00;2020-08-24 20:00:00;;2.0;14.8;10.3;94.84249999999997;2.0;181.08406250000002
30622;2020-08-24 00:00:00;17:00;2020-08-24 17:00:00;;;21.6;9.6;94.84249999999997;2.0;181.08406250000002
30622;2020-08-24 00:00:00;14:00;2020-08-24 14:00:00;;;23.2;10.0;94.84249999999997;2.0;181.08406250000002
30622;2020-08-24 00:00:00;11:00;2020-08-24 11:00:00;;;18.5;11.3;94.84249999999997;2.0;181.08406250000002
30622;2020-08-24 00:00:00;08:00;2020-08-24 08:00:00;;0.0;13.5;10.6;94.84249999999997;2.0;181.08406250000002
30622;2020-08-24 00:00:00;05:00;2020-08-24 05:00:00;;;11.9;9.9;94.84249999999997;2.0;181.08406250000002
30622;2020-08-24 00:00:00;02:00;2020-08-24 02:00:00;;;14.6;10.8;94.84249999999997;2.0;181.08406250000002
30622;2020-08-23 00:00:00;23:00;2020-08-23 23:00:00;;;15.4;12.0;58.79109375000002;1.0;86.24156250000003
30622;2020-08-23 00:00:00;20:00;2020-08-23 20:00:00;;0.0;16.9;13.2;58.79109375000002;1.0;86.24156250000003
30622;2020-08-23 00:00:00;17:00;2020-08-23 17:00:00;;;17.7;13.4;58.79109375000002;1.0;86.24156250000003
30622;2020-08-23 00:00:00;14:00;2020-08-23 14:00:00;;;17.8;11.8;58.79109375000002;1.0;86.24156250000003
30622;2020-08-23 00:00:00;11:00;2020-08-23 11:00:00;;;18.4;12.4;58.79109375000002;1.0;86.24156250000003
30622;2020-08-23 00:00:00;08:00;2020-08-23 08:00:00;;0.0;14.8;12.4;58.79109375000002;1.0;86.24156250000003
30622;2020-08-23 00:00:00;05:00;2020-08-23 05:00:00;;;14.0;12.4;58.79109375000002;1.0;86.24156250000003
30622;2020-08-23 00:00:00;02:00;2020-08-23 02:00:00;;;14.3;12.6;58.79109375000002;1.0;86.24156250000003
30622;2020-08-22 00:00:00;23:00;2020-08-22 23:00:00;;;14.7;13.0;27.450468750000006;0.0;27.450468750000006
30622;2020-08-22 00:00:00;20:00;2020-08-22 20:00:00;;10.0;15.3;13.2;27.450468750000006;0.0;27.450468750000006
30622;2020-08-22 00:00:00;17:00;2020-08-22 17:00:00;;;16.3;13.6;27.450468750000006;0.0;27.450468750000006
30622;2020-08-22 00:00:00;14:00;2020-08-22 14:00:00;;;15.1;12.7;27.450468750000006;0.0;27.450468750000006
30622;2020-08-22 00:00:00;11:00;2020-08-22 11:00:00;;;12.6;11.6;27.450468750000006;0.0;27.450468750000006
30622;2020-08-22 00:00:00;08:00;2020-08-22 08:00:00;;5.0;12.1;10.9;27.450468750000006;0.0;27.450468750000006
30622;2020-08-22 00:00:00;05:00;2020-08-22 05:00:00;;;13.4;10.5;27.450468750000006;0.0;27.450468750000006
30622;2020-08-22 00:00:00;02:00;2020-08-22 02:00:00;;;12.4;10.7;27.450468750000006;0.0;27.450468750000006
30622;2020-08-21 00:00:00;23:00;2020-08-21 23:00:00;;;16.0;11.9;86.47187500000001;7.0;780.12640625
30622;2020-08-21 00:00:00;20:00;2020-08-21 20:00:00;;0.0;18.8;13.3;86.47187500000001;7.0;780.12640625
30622;2020-08-21 00:00:00;17:00;2020-08-21 17:00:00;;;23.6;10.0;86.47187500000001;7.0;780.12640625
30622;2020-08-21 00:00:00;14:00;2020-08-21 14:00:00;;;24.0;6.8;86.47187500000001;7.0;780.12640625
30622;2020-08-21 00:00:00;11:00;2020-08-21 11:00:00;;;13.4;10.1;86.47187500000001;7.0;780.12640625
30622;2020-08-21 00:00:00;08:00;2020-08-21 08:00:00;;0.0;8.3;7.3;86.47187500000001;7.0;780.12640625
30622;2020-08-21 00:00:00;05:00;2020-08-21 05:00:00;;;5.5;4.5;86.47187500000001;7.0;780.12640625
30622;2020-08-21 00:00:00;02:00;2020-08-21 02:00:00;;;8.4;7.2;86.47187500000001;7.0;780.12640625
30622;2020-08-20 00:00:00;23:00;2020-08-20 23:00:00;;;11.2;9.0;93.25375;6.0;693.65453125
30622;2020-08-20 00:00:00;20:00;2020-08-20 20:00:00;;0.0;20.4;9.7;93.25375;6.0;693.65453125
30622;2020-08-20 00:00:00;17:00;2020-08-20 17:00:00;;;23.0;10.3;93.25375;6.0;693.65453125
30622;2020-08-20 00:00:00;14:00;2020-08-20 14:00:00;;;20.5;12.1;93.25375;6.0;693.65453125
30622;2020-08-20 00:00:00;11:00;2020-08-20 11:00:00;;;18.2;9.0;93.25375;6.0;693.65453125
30622;2020-08-20 00:00:00;08:00;2020-08-20 08:00:00;;0.0;11.0;8.8;93.25375;6.0;693.65453125
30622;2020-08-20 00:00:00;05:00;2020-08-20 05:00:00;;;8.3;7.0;93.25375;6.0;693.65453125
30622;2020-08-20 00:00:00;02:00;2020-08-20 02:00:00;;;9.7;7.6;93.25375;6.0;693.65453125
30622;2020-08-19 00:00:00;23:00;2020-08-19 23:00:00;;;12.5;8.2;125.45203124999999;5.0;600.40078125
30622;2020-08-19 00:00:00;20:00;2020-08-19 20:00:00;;0.0;20.5;9.6;125.45203124999999;5.0;600.40078125
30622;2020-08-19 00:00:00;17:00;2020-08-19 17:00:00;;;26.8;8.2;125.45203124999999;5.0;600.40078125
30622;2020-08-19 00:00:00;14:00;2020-08-19 14:00:00;;;25.8;9.1;125.45203124999999;5.0;600.40078125
30622;2020-08-19 00:00:00;11:00;2020-08-19 11:00:00;;;18.9;9.3;125.45203124999999;5.0;600.40078125
30622;2020-08-19 00:00:00;08:00;2020-08-19 08:00:00;;0.0;8.4;4.9;125.45203124999999;5.0;600.40078125
30622;2020-08-19 00:00:00;05:00;2020-08-19 05:00:00;;;3.5;2.3;125.45203124999999;5.0;600.40078125
30622;2020-08-19 00:00:00;02:00;2020-08-19 02:00:00;;;4.7;3.2;125.45203124999999;5.0;600.40078125
30622;2020-08-18 00:00:00;23:00;2020-08-18 23:00:00;;;8.1;5.3;103.02499999999999;4.0;474.94875
30622;2020-08-18 00:00:00;20:00;2020-08-18 20:00:00;;0.0;16.3;5.1;103.02499999999999;4.0;474.94875
30622;2020-08-18 00:00:00;17:00;2020-08-18 17:00:00;;;23.3;2.2;103.02499999999999;4.0;474.94875
30622;2020-08-18 00:00:00;14:00;2020-08-18 14:00:00;;;23.3;6.1;103.02499999999999;4.0;474.94875
30622;2020-08-18 00:00:00;11:00;2020-08-18 11:00:00;;;16.1;8.8;103.02499999999999;4.0;474.94875
30622;2020-08-18 00:00:00;08:00;2020-08-18 08:00:00;;0.0;5.7;4.7;103.02499999999999;4.0;474.94875
30622;2020-08-18 00:00:00;05:00;2020-08-18 05:00:00;;;3.9;2.8;103.02499999999999;4.0;474.94875
30622;2020-08-18 00:00:00;02:00;2020-08-18 02:00:00;;;7.3;5.6;103.02499999999999;4.0;474.94875
30622;2020-08-17 00:00:00;23:00;2020-08-17 23:00:00;;;10.5;7.3;101.04187500000002;3.0;371.92375000000004
30622;2020-08-17 00:00:00;20:00;2020-08-17 20:00:00;;0.0;18.3;7.3;101.04187500000002;3.0;371.92375000000004
30622;2020-08-17 00:00:00;17:00;2020-08-17 17:00:00;;;21.4;4.5;101.04187500000002;3.0;371.92375000000004
30622;2020-08-17 00:00:00;14:00;2020-08-17 14:00:00;;;19.2;4.7;101.04187500000002;3.0;371.92375000000004
30622;2020-08-17 00:00:00;11:00;2020-08-17 11:00:00;;;14.6;6.0;101.04187500000002;3.0;371.92375000000004
30622;2020-08-17 00:00:00;08:00;2020-08-17 08:00:00;;0.0;7.6;3.1;101.04187500000002;3.0;371.92375000000004
30622;2020-08-17 00:00:00;05:00;2020-08-17 05:00:00;;;3.6;1.7;101.04187500000002;3.0;371.92375000000004
30622;2020-08-17 00:00:00;02:00;2020-08-17 02:00:00;;;6.0;2.7;101.04187500000002;3.0;371.92375000000004
30622;2020-08-16 00:00:00;23:00;2020-08-16 23:00:00;;;11.6;2.5;122.00062500000003;2.0;270.88187500000004
30622;2020-08-16 00:00:00;20:00;2020-08-16 20:00:00;;0.0;17.1;2.1;122.00062500000003;2.0;270.88187500000004
30622;2020-08-16 00:00:00;17:00;2020-08-16 17:00:00;;;22.3;1.0;122.00062500000003;2.0;270.88187500000004
30622;2020-08-16 00:00:00;14:00;2020-08-16 14:00:00;;;20.5;6.1;122.00062500000003;2.0;270.88187500000004
30622;2020-08-16 00:00:00;11:00;2020-08-16 11:00:00;;;15.3;6.9;122.00062500000003;2.0;270.88187500000004
30622;2020-08-16 00:00:00;08:00;2020-08-16 08:00:00;;0.0;7.7;4.6;122.00062500000003;2.0;270.88187500000004
30622;2020-08-16 00:00:00;05:00;2020-08-16 05:00:00;;;3.9;2.8;122.00062500000003;2.0;270.88187500000004
30622;2020-08-16 00:00:00;02:00;2020-08-16 02:00:00;;;7.4;6.0;122.00062500000003;2.0;270.88187500000004
30622;2020-08-15 00:00:00;23:00;2020-08-15 23:00:00;;;10.0;8.1;92.921875;1.0;148.88125000000002
30622;2020-08-15 00:00:00;20:00;2020-08-15 20:00:00;;0.0;18.8;11.2;92.921875;1.0;148.88125000000002
30622;2020-08-15 00:00:00;17:00;2020-08-15 17:00:00;;;22.2;9.3;92.921875;1.0;148.88125000000002
30622;2020-08-15 00:00:00;14:00;2020-08-15 14:00:00;;;20.9;9.3;92.921875;1.0;148.88125000000002
30622;2020-08-15 00:00:00;11:00;2020-08-15 11:00:00;;;17.5;9.9;92.921875;1.0;148.88125000000002
30622;2020-08-15 00:00:00;08:00;2020-08-15 08:00:00;;0.0;14.6;10.7;92.921875;1.0;148.88125000000002
30622;2020-08-15 00:00:00;05:00;2020-08-15 05:00:00;;;9.1;8.2;92.921875;1.0;148.88125000000002
30622;2020-08-15 00:00:00;02:00;2020-08-15 02:00:00;;;12.1;11.0;92.921875;1.0;148.88125000000002
30622;2020-08-14 00:00:00;23:00;2020-08-14 23:00:00;;;14.1;13.0;55.95937500000001;0.0;55.95937500000001
30622;2020-08-14 00:00:00;20:00;2020-08-14 20:00:00;;6.0;17.3;15.0;55.95937500000001;0.0;55.95937500000001
30622;2020-08-14 00:00:00;17:00;2020-08-14 17:00:00;;;20.3;13.3;55.95937500000001;0.0;55.95937500000001
30622;2020-08-14 00:00:00;14:00;2020-08-14 14:00:00;;;19.5;11.7;55.95937500000001;0.0;55.95937500000001
30622;2020-08-14 00:00:00;11:00;2020-08-14 11:00:00;;;18.7;13.7;55.95937500000001;0.0;55.95937500000001
30622;2020-08-14 00:00:00;08:00;2020-08-14 08:00:00;;0.0;12.4;11.2;55.95937500000001;0.0;55.95937500000001
30622;2020-08-14 00:00:00;05:00;2020-08-14 05:00:00;;;10.2;8.7;55.95937500000001;0.0;55.95937500000001
30622;2020-08-14 00:00:00;02:00;2020-08-14 02:00:00;;;14.5;12.2;55.95937500000001;0.0;55.95937500000001
30622;2020-08-13 00:00:00;23:00;2020-08-13 23:00:00;;;14.6;12.5;89.47312500000002;6.0;197.11343749999995
30622;2020-08-13 00:00:00;20:00;2020-08-13 20:00:00;;0.4;21.6;14.3;89.47312500000002;6.0;197.11343749999995
30622;2020-08-13 00:00:00;17:00;2020-08-13 17:00:00;;;25.3;13.0;89.47312500000002;6.0;197.11343749999995
30622;2020-08-13 00:00:00;14:00;2020-08-13 14:00:00;;;24.5;14.1;89.47312500000002;6.0;197.11343749999995
30622;2020-08-13 00:00:00;11:00;2020-08-13 11:00:00;;;19.2;14.3;89.47312500000002;6.0;197.11343749999995
30622;2020-08-13 00:00:00;08:00;2020-08-13 08:00:00;;0.0;13.0;12.0;89.47312500000002;6.0;197.11343749999995
30622;2020-08-13 00:00:00;05:00;2020-08-13 05:00:00;;;12.3;11.3;89.47312500000002;6.0;197.11343749999995
30622;2020-08-13 00:00:00;02:00;2020-08-13 02:00:00;;;12.3;11.2;89.47312500000002;6.0;197.11343749999995
30622;2020-12-08 00:00:00;23:00;2020-12-08 23:00:00;;;14.6;13.1;64.64749999999998;1.0;153.25249999999994
30622;2020-12-08 00:00:00;20:00;2020-12-08 20:00:00;;0.0;21.0;14.8;64.64749999999998;1.0;153.25249999999994
30622;2020-12-08 00:00:00;17:00;2020-12-08 17:00:00;;;24.5;14.3;64.64749999999998;1.0;153.25249999999994
30622;2020-12-08 00:00:00;14:00;2020-12-08 14:00:00;;;20.3;14.7;64.64749999999998;1.0;153.25249999999994
30622;2020-12-08 00:00:00;11:00;2020-12-08 11:00:00;;;16.7;13.6;64.64749999999998;1.0;153.25249999999994
30622;2020-12-08 00:00:00;08:00;2020-12-08 08:00:00;;1.0;13.6;12.4;64.64749999999998;1.0;153.25249999999994
30622;2020-12-08 00:00:00;05:00;2020-12-08 05:00:00;;;12.7;11.4;64.64749999999998;1.0;153.25249999999994
30622;2020-12-08 00:00:00;02:00;2020-12-08 02:00:00;;;12.7;11.4;64.64749999999998;1.0;153.25249999999994
30622;2020-11-08 00:00:00;23:00;2020-11-08 23:00:00;;;13.8;12.3;70.63312500000002;2.0;295.20921875
30622;2020-11-08 00:00:00;20:00;2020-11-08 20:00:00;;0.0;20.0;13.0;70.63312500000002;2.0;295.20921875
30622;2020-11-08 00:00:00;17:00;2020-11-08 17:00:00;;;24.2;12.5;70.63312500000002;2.0;295.20921875
30622;2020-11-08 00:00:00;14:00;2020-11-08 14:00:00;;;23.5;13.2;70.63312500000002;2.0;295.20921875
30622;2020-11-08 00:00:00;11:00;2020-11-08 11:00:00;;;14.5;13.5;70.63312500000002;2.0;295.20921875
30622;2020-11-08 00:00:00;08:00;2020-11-08 08:00:00;;0.0;11.4;10.4;70.63312500000002;2.0;295.20921875
30622;2020-11-08 00:00:00;05:00;2020-11-08 05:00:00;;;11.4;10.4;70.63312500000002;2.0;295.20921875
30622;2020-11-08 00:00:00;02:00;2020-11-08 02:00:00;;;11.1;9.8;70.63312500000002;2.0;295.20921875
30622;2020-10-08 00:00:00;23:00;2020-10-08 23:00:00;;;14.3;12.6;110.31968750000001;11.0;542.8017187500001
30622;2020-10-08 00:00:00;20:00;2020-10-08 20:00:00;;0.0;21.3;14.1;110.31968750000001;11.0;542.8017187500001
30622;2020-10-08 00:00:00;17:00;2020-10-08 17:00:00;;;24.6;11.6;110.31968750000001;11.0;542.8017187500001
30622;2020-10-08 00:00:00;14:00;2020-10-08 14:00:00;;;23.4;12.6;110.31968750000001;11.0;542.8017187500001
30622;2020-10-08 00:00:00;11:00;2020-10-08 11:00:00;;;20.1;12.0;110.31968750000001;11.0;542.8017187500001
30622;2020-10-08 00:00:00;08:00;2020-10-08 08:00:00;;0.0;14.3;11.2;110.31968750000001;11.0;542.8017187500001
30622;2020-10-08 00:00:00;05:00;2020-10-08 05:00:00;;;13.7;11.9;110.31968750000001;11.0;542.8017187500001
30622;2020-10-08 00:00:00;02:00;2020-10-08 02:00:00;;;15.7;13.5;110.31968750000001;11.0;542.8017187500001
30622;2020-09-08 00:00:00;23:00;2020-09-08 23:00:00;;;16.0;13.8;106.87687499999998;11.0;573.04015625
30622;2020-09-08 00:00:00;20:00;2020-09-08 20:00:00;;0.0;17.9;13.9;106.87687499999998;11.0;573.04015625
30622;2020-09-08 00:00:00;17:00;2020-09-08 17:00:00;;;20.9;13.1;106.87687499999998;11.0;573.04015625
30622;2020-09-08 00:00:00;14:00;2020-09-08 14:00:00;;;23.7;10.4;106.87687499999998;11.0;573.04015625
30622;2020-09-08 00:00:00;11:00;2020-09-08 11:00:00;;;22.5;11.0;106.87687499999998;11.0;573.04015625
30622;2020-09-08 00:00:00;08:00;2020-09-08 08:00:00;;0.0;15.5;11.3;106.87687499999998;11.0;573.04015625
30622;2020-09-08 00:00:00;05:00;2020-09-08 05:00:00;;;13.1;10.7;106.87687499999998;11.0;573.04015625
30622;2020-09-08 00:00:00;02:00;2020-09-08 02:00:00;;;14.1;11.9;106.87687499999998;11.0;573.04015625
30622;2020-08-08 00:00:00;23:00;2020-08-08 23:00:00;;;16.8;14.0;36.35718749999999;1.0;106.29515624999996
30622;2020-08-08 00:00:00;20:00;2020-08-08 20:00:00;;2.0;18.8;15.4;36.35718749999999;1.0;106.29515624999996
30622;2020-08-08 00:00:00;17:00;2020-08-08 17:00:00;;;19.7;15.4;36.35718749999999;1.0;106.29515624999996
30622;2020-08-08 00:00:00;14:00;2020-08-08 14:00:00;;;16.5;14.4;36.35718749999999;1.0;106.29515624999996
30622;2020-08-08 00:00:00;11:00;2020-08-08 11:00:00;;;15.5;13.6;36.35718749999999;1.0;106.29515624999996
30622;2020-08-08 00:00:00;08:00;2020-08-08 08:00:00;;0.7;13.5;12.0;36.35718749999999;1.0;106.29515624999996
30622;2020-08-08 00:00:00;05:00;2020-08-08 05:00:00;;;12.2;10.8;36.35718749999999;1.0;106.29515624999996
30622;2020-08-08 00:00:00;02:00;2020-08-08 02:00:00;;;12.1;10.9;36.35718749999999;1.0;106.29515624999996
30622;2020-07-08 00:00:00;23:00;2020-07-08 23:00:00;;;13.5;11.7;58.42343750000001;0.0;58.42343750000001
30622;2020-07-08 00:00:00;20:00;2020-07-08 20:00:00;;4.0;18.8;12.7;58.42343750000001;0.0;58.42343750000001
30622;2020-07-08 00:00:00;17:00;2020-07-08 17:00:00;;;22.2;13.6;58.42343750000001;0.0;58.42343750000001
30622;2020-07-08 00:00:00;14:00;2020-07-08 14:00:00;;;17.4;15.1;58.42343750000001;0.0;58.42343750000001
30622;2020-07-08 00:00:00;11:00;2020-07-08 11:00:00;;;19.2;15.1;58.42343750000001;0.0;58.42343750000001
30622;2020-07-08 00:00:00;08:00;2020-07-08 08:00:00;;1.0;16.0;14.6;58.42343750000001;0.0;58.42343750000001
30622;2020-07-08 00:00:00;05:00;2020-07-08 05:00:00;;;15.8;14.5;58.42343750000001;0.0;58.42343750000001
30622;2020-07-08 00:00:00;02:00;2020-07-08 02:00:00;;;16.1;14.8;58.42343750000001;0.0;58.42343750000001
30622;2020-06-08 00:00:00;23:00;2020-06-08 23:00:00;;;16.4;15.2;47.91015624999999;0.0;47.91015624999999
30622;2020-06-08 00:00:00;20:00;2020-06-08 20:00:00;;15.0;16.5;15.3;47.91015624999999;0.0;47.91015624999999
30622;2020-06-08 00:00:00;17:00;2020-06-08 17:00:00;;;17.9;16.2;47.91015624999999;0.0;47.91015624999999
30622;2020-06-08 00:00:00;14:00;2020-06-08 14:00:00;;;21.6;13.9;47.91015624999999;0.0;47.91015624999999
30622;2020-06-08 00:00:00;11:00;2020-06-08 11:00:00;;;20.5;14.9;47.91015624999999;0.0;47.91015624999999
30622;2020-06-08 00:00:00;08:00;2020-06-08 08:00:00;;3.0;15.6;13.6;47.91015624999999;0.0;47.91015624999999
30622;2020-06-08 00:00:00;05:00;2020-06-08 05:00:00;;;13.8;12.6;47.91015624999999;0.0;47.91015624999999
30622;2020-06-08 00:00:00;02:00;2020-06-08 02:00:00;;;15.2;13.5;47.91015624999999;0.0;47.91015624999999
30622;2020-05-08 00:00:00;23:00;2020-05-08 23:00:00;;;16.3;13.1;125.49750000000006;60.0;2005.13421875
30622;2020-05-08 00:00:00;20:00;2020-05-08 20:00:00;;0.0;22.6;11.9;125.49750000000006;60.0;2005.13421875
30622;2020-05-08 00:00:00;17:00;2020-05-08 17:00:00;;;27.6;9.2;125.49750000000006;60.0;2005.13421875
30622;2020-05-08 00:00:00;14:00;2020-05-08 14:00:00;;;25.6;10.1;125.49750000000006;60.0;2005.13421875
30622;2020-05-08 00:00:00;11:00;2020-05-08 11:00:00;;;18.7;12.1;125.49750000000006;60.0;2005.13421875
30622;2020-05-08 00:00:00;08:00;2020-05-08 08:00:00;;0.0;10.1;9.1;125.49750000000006;60.0;2005.13421875
30622;2020-05-08 00:00:00;05:00;2020-05-08 05:00:00;;;8.3;7.2;125.49750000000006;60.0;2005.13421875
30622;2020-05-08 00:00:00;02:00;2020-05-08 02:00:00;;;10.0;8.8;125.49750000000006;60.0;2005.13421875
30622;2020-04-08 00:00:00;23:00;2020-04-08 23:00:00;;;13.8;11.5;93.68499999999997;30.0;-86.62578124999996
30622;2020-04-08 00:00:00;20:00;2020-04-08 20:00:00;;0.0;21.3;13.5;93.68499999999997;30.0;-86.62578124999996
30622;2020-04-08 00:00:00;17:00;2020-04-08 17:00:00;;;23.0;11.9;93.68499999999997;30.0;-86.62578124999996
30622;2020-04-08 00:00:00;14:00;2020-04-08 14:00:00;;;23.1;10.7;93.68499999999997;30.0;-86.62578124999996
30622;2020-04-08 00:00:00;11:00;2020-04-08 11:00:00;;;17.7;12.0;93.68499999999997;30.0;-86.62578124999996
30622;2020-04-08 00:00:00;08:00;2020-04-08 08:00:00;;0.0;12.7;9.5;93.68499999999997;30.0;-86.62578124999996
30622;2020-04-08 00:00:00;05:00;2020-04-08 05:00:00;;;8.8;7.4;93.68499999999997;30.0;-86.62578124999996
30622;2020-04-08 00:00:00;02:00;2020-04-08 02:00:00;;;10.8;9.0;93.68499999999997;30.0;-86.62578124999996
30622;2020-03-08 00:00:00;23:00;2020-03-08 23:00:00;;;15.5;9.8;190.50281249999998;29.0;-1067.6090624999997
30622;2020-03-08 00:00:00;20:00;2020-03-08 20:00:00;;0.0;20.3;10.6;190.50281249999998;29.0;-1067.6090624999997
30622;2020-03-08 00:00:00;17:00;2020-03-08 17:00:00;;;26.4;7.1;190.50281249999998;29.0;-1067.6090624999997
30622;2020-03-08 00:00:00;14:00;2020-03-08 14:00:00;;;25.6;7.3;190.50281249999998;29.0;-1067.6090624999997
30622;2020-03-08 00:00:00;11:00;2020-03-08 11:00:00;;;23.2;8.2;190.50281249999998;29.0;-1067.6090624999997
30622;2020-03-08 00:00:00;08:00;2020-03-08 08:00:00;;0.6;16.7;13.7;190.50281249999998;29.0;-1067.6090624999997
30622;2020-03-08 00:00:00;05:00;2020-03-08 05:00:00;;;16.4;14.3;190.50281249999998;29.0;-1067.6090624999997
30622;2020-03-08 00:00:00;02:00;2020-03-08 02:00:00;;;17.6;15.3;190.50281249999998;29.0;-1067.6090624999997
30622;2020-02-08 00:00:00;23:00;2020-02-08 23:00:00;;;17.9;15.8;44.37687499999997;0.0;44.37687499999997
30622;2020-02-08 00:00:00;20:00;2020-02-08 20:00:00;;3.0;18.6;16.3;44.37687499999997;0.0;44.37687499999997
30622;2020-02-08 00:00:00;17:00;2020-02-08 17:00:00;;;19.5;15.1;44.37687499999997;0.0;44.37687499999997
30622;2020-02-08 00:00:00;14:00;2020-02-08 14:00:00;;;18.2;14.9;44.37687499999997;0.0;44.37687499999997
30622;2020-02-08 00:00:00;11:00;2020-02-08 11:00:00;;;17.7;15.4;44.37687499999997;0.0;44.37687499999997
30622;2020-02-08 00:00:00;08:00;2020-02-08 08:00:00;;0.0;16.5;14.3;44.37687499999997;0.0;44.37687499999997
30622;2020-02-08 00:00:00;05:00;2020-02-08 05:00:00;;;16.1;14.2;44.37687499999997;0.0;44.37687499999997
30622;2020-02-08 00:00:00;02:00;2020-02-08 02:00:00;;;16.1;14.4;44.37687499999997;0.0;44.37687499999997
30622;2020-01-08 00:00:00;23:00;2020-01-08 23:00:00;;;16.2;14.4;49.91484375000001;0.0;49.91484375000001
30622;2020-01-08 00:00:00;20:00;2020-01-08 20:00:00;;5.0;16.7;14.5;49.91484375000001;0.0;49.91484375000001
30622;2020-01-08 00:00:00;17:00;2020-01-08 17:00:00;;;18.0;15.3;49.91484375000001;0.0;49.91484375000001
30622;2020-01-08 00:00:00;14:00;2020-01-08 14:00:00;;;17.5;15.5;49.91484375000001;0.0;49.91484375000001
30622;2020-01-08 00:00:00;11:00;2020-01-08 11:00:00;;;19.4;12.6;49.91484375000001;0.0;49.91484375000001
30622;2020-01-08 00:00:00;08:00;2020-01-08 08:00:00;;0.0;17.0;14.2;49.91484375000001;0.0;49.91484375000001
30622;2020-01-08 00:00:00;05:00;2020-01-08 05:00:00;;;17.0;14.9;49.91484375000001;0.0;49.91484375000001
30622;2020-01-08 00:00:00;02:00;2020-01-08 02:00:00;;;17.7;15.2;49.91484375000001;0.0;49.91484375000001
30622;2020-07-31 00:00:00;23:00;2020-07-31 23:00:00;;;18.5;15.7;94.00765625000004;1.0;161.52640625
30622;2020-07-31 00:00:00;20:00;2020-07-31 20:00:00;;0.0;20.9;16.8;94.00765625000004;1.0;161.52640625
30622;2020-07-31 00:00:00;17:00;2020-07-31 17:00:00;;;25.3;15.5;94.00765625000004;1.0;161.52640625
30622;2020-07-31 00:00:00;14:00;2020-07-31 14:00:00;;;24.7;14.6;94.00765625000004;1.0;161.52640625
30622;2020-07-31 00:00:00;11:00;2020-07-31 11:00:00;;;21.1;16.2;94.00765625000004;1.0;161.52640625
30622;2020-07-31 00:00:00;08:00;2020-07-31 08:00:00;;0.0;17.1;15.1;94.00765625000004;1.0;161.52640625
30622;2020-07-31 00:00:00;05:00;2020-07-31 05:00:00;;;16.4;14.7;94.00765625000004;1.0;161.52640625
30622;2020-07-31 00:00:00;02:00;2020-07-31 02:00:00;;;17.3;15.4;94.00765625000004;1.0;161.52640625
30622;2020-07-30 00:00:00;23:00;2020-07-30 23:00:00;;;17.4;16.3;67.51874999999997;0.0;67.51874999999997
30622;2020-07-30 00:00:00;20:00;2020-07-30 20:00:00;;9.0;18.2;16.9;67.51874999999997;0.0;67.51874999999997
30622;2020-07-30 00:00:00;17:00;2020-07-30 17:00:00;;;19.4;16.8;67.51874999999997;0.0;67.51874999999997
30622;2020-07-30 00:00:00;14:00;2020-07-30 14:00:00;;;23.8;17.6;67.51874999999997;0.0;67.51874999999997
30622;2020-07-30 00:00:00;11:00;2020-07-30 11:00:00;;;22.3;15.7;67.51874999999997;0.0;67.51874999999997
30622;2020-07-30 00:00:00;08:00;2020-07-30 08:00:00;;0.0;18.7;15.5;67.51874999999997;0.0;67.51874999999997
30622;2020-07-30 00:00:00;05:00;2020-07-30 05:00:00;;;16.5;15.0;67.51874999999997;0.0;67.51874999999997
30622;2020-07-30 00:00:00;02:00;2020-07-30 02:00:00;;;19.7;14.5;67.51874999999997;0.0;67.51874999999997
30622;2020-07-29 00:00:00;23:00;2020-07-29 23:00:00;;;21.5;14.1;171.49937500000004;2.0;346.7446875
30622;2020-07-29 00:00:00;20:00;2020-07-29 20:00:00;;0.0;24.5;15.4;171.49937500000004;2.0;346.7446875
30622;2020-07-29 00:00:00;17:00;2020-07-29 17:00:00;;;27.6;11.1;171.49937500000004;2.0;346.7446875
30622;2020-07-29 00:00:00;14:00;2020-07-29 14:00:00;;;26.7;10.7;171.49937500000004;2.0;346.7446875
30622;2020-07-29 00:00:00;11:00;2020-07-29 11:00:00;;;21.7;14.0;171.49937500000004;2.0;346.7446875
30622;2020-07-29 00:00:00;08:00;2020-07-29 08:00:00;;0.0;16.3;11.8;171.49937500000004;2.0;346.7446875
30622;2020-07-29 00:00:00;05:00;2020-07-29 05:00:00;;;12.4;10.6;171.49937500000004;2.0;346.7446875
30622;2020-07-29 00:00:00;02:00;2020-07-29 02:00:00;;;15.1;11.9;171.49937500000004;2.0;346.7446875
30622;2020-07-28 00:00:00;23:00;2020-07-28 23:00:00;;;18.3;12.3;141.58843749999997;1.0;175.24531249999995
30622;2020-07-28 00:00:00;20:00;2020-07-28 20:00:00;;0.0;24.0;11.2;141.58843749999997;1.0;175.24531249999995
30622;2020-07-28 00:00:00;17:00;2020-07-28 17:00:00;;;26.9;11.1;141.58843749999997;1.0;175.24531249999995
30622;2020-07-28 00:00:00;14:00;2020-07-28 14:00:00;;;24.7;13.2;141.58843749999997;1.0;175.24531249999995
30622;2020-07-28 00:00:00;11:00;2020-07-28 11:00:00;;;20.4;14.1;141.58843749999997;1.0;175.24531249999995
30622;2020-07-28 00:00:00;08:00;2020-07-28 08:00:00;;1.0;15.6;13.7;141.58843749999997;1.0;175.24531249999995
30622;2020-07-28 00:00:00;05:00;2020-07-28 05:00:00;;;15.0;13.8;141.58843749999997;1.0;175.24531249999995
30622;2020-07-28 00:00:00;02:00;2020-07-28 02:00:00;;;15.2;14.1;141.58843749999997;1.0;175.24531249999995
30622;2020-07-27 00:00:00;23:00;2020-07-27 23:00:00;;;15.9;14.5;33.65687499999997;0.0;33.65687499999997
30622;2020-07-27 00:00:00;20:00;2020-07-27 20:00:00;;2.0;17.4;15.4;33.65687499999997;0.0;33.65687499999997
30622;2020-07-27 00:00:00;17:00;2020-07-27 17:00:00;;;18.3;15.8;33.65687499999997;0.0;33.65687499999997
30622;2020-07-27 00:00:00;14:00;2020-07-27 14:00:00;;;17.9;15.7;33.65687499999997;0.0;33.65687499999997
30622;2020-07-27 00:00:00;11:00;2020-07-27 11:00:00;;;17.4;14.7;33.65687499999997;0.0;33.65687499999997
30622;2020-07-27 00:00:00;08:00;2020-07-27 08:00:00;;5.0;16.8;14.9;33.65687499999997;0.0;33.65687499999997
30622;2020-07-27 00:00:00;05:00;2020-07-27 05:00:00;;;16.3;14.9;33.65687499999997;0.0;33.65687499999997
30622;2020-07-27 00:00:00;02:00;2020-07-27 02:00:00;;;17.2;15.6;33.65687499999997;0.0;33.65687499999997
30622;2020-07-26 00:00:00;23:00;2020-07-26 23:00:00;;;17.9;16.3;133.30406250000001;3.0;510.0965625
30622;2020-07-26 00:00:00;20:00;2020-07-26 20:00:00;;0.0;19.1;16.1;133.30406250000001;3.0;510.0965625
30622;2020-07-26 00:00:00;17:00;2020-07-26 17:00:00;;;29.4;11.0;133.30406250000001;3.0;510.0965625
30622;2020-07-26 00:00:00;14:00;2020-07-26 14:00:00;;;27.8;11.8;133.30406250000001;3.0;510.0965625
30622;2020-07-26 00:00:00;11:00;2020-07-26 11:00:00;;;22.7;13.6;133.30406250000001;3.0;510.0965625
30622;2020-07-26 00:00:00;08:00;2020-07-26 08:00:00;;0.0;15.8;11.5;133.30406250000001;3.0;510.0965625
30622;2020-07-26 00:00:00;05:00;2020-07-26 05:00:00;;;10.3;9.2;133.30406250000001;3.0;510.0965625
30622;2020-07-26 00:00:00;02:00;2020-07-26 02:00:00;;;12.4;11.0;133.30406250000001;3.0;510.0965625
30622;2020-07-25 00:00:00;23:00;2020-07-25 23:00:00;;;16.1;13.7;136.955;2.0;376.7925
30622;2020-07-25 00:00:00;20:00;2020-07-25 20:00:00;;0.0;24.7;12.3;136.955;2.0;376.7925
30622;2020-07-25 00:00:00;17:00;2020-07-25 17:00:00;;;26.0;12.1;136.955;2.0;376.7925
30622;2020-07-25 00:00:00;14:00;2020-07-25 14:00:00;;;23.8;13.4;136.955;2.0;376.7925
30622;2020-07-25 00:00:00;11:00;2020-07-25 11:00:00;;;20.2;13.3;136.955;2.0;376.7925
30622;2020-07-25 00:00:00;08:00;2020-07-25 08:00:00;;0.0;16.3;12.0;136.955;2.0;376.7925
30622;2020-07-25 00:00:00;05:00;2020-07-25 05:00:00;;;13.9;11.5;136.955;2.0;376.7925
30622;2020-07-25 00:00:00;02:00;2020-07-25 02:00:00;;;15.8;12.6;136.955;2.0;376.7925
30622;2020-07-24 00:00:00;23:00;2020-07-24 23:00:00;;;18.7;13.0;133.9078125;1.0;239.8375
30622;2020-07-24 00:00:00;20:00;2020-07-24 20:00:00;;0.0;26.1;12.0;133.9078125;1.0;239.8375
30622;2020-07-24 00:00:00;17:00;2020-07-24 17:00:00;;;26.8;11.8;133.9078125;1.0;239.8375
30622;2020-07-24 00:00:00;14:00;2020-07-24 14:00:00;;;25.6;11.3;133.9078125;1.0;239.8375
30622;2020-07-24 00:00:00;11:00;2020-07-24 11:00:00;;;18.9;13.2;133.9078125;1.0;239.8375
30622;2020-07-24 00:00:00;08:00;2020-07-24 08:00:00;;0.0;11.0;9.9;133.9078125;1.0;239.8375
30622;2020-07-24 00:00:00;05:00;2020-07-24 05:00:00;;;8.5;7.3;133.9078125;1.0;239.8375
30622;2020-07-24 00:00:00;02:00;2020-07-24 02:00:00;;;11.4;10.2;133.9078125;1.0;239.8375
30622;2020-07-23 00:00:00;23:00;2020-07-23 23:00:00;;;14.4;12.3;105.9296875;0.0;105.9296875
30622;2020-07-23 00:00:00;20:00;2020-07-23 20:00:00;;0.0;22.5;11.5;105.9296875;0.0;105.9296875
30622;2020-07-23 00:00:00;17:00;2020-07-23 17:00:00;;;24.1;10.8;105.9296875;0.0;105.9296875
30622;2020-07-23 00:00:00;14:00;2020-07-23 14:00:00;;;22.3;13.4;105.9296875;0.0;105.9296875
30622;2020-07-23 00:00:00;11:00;2020-07-23 11:00:00;;;20.5;14.8;105.9296875;0.0;105.9296875
30622;2020-07-23 00:00:00;08:00;2020-07-23 08:00:00;;10.0;15.2;13.3;105.9296875;0.0;105.9296875
30622;2020-07-23 00:00:00;05:00;2020-07-23 05:00:00;;;14.8;13.4;105.9296875;0.0;105.9296875
30622;2020-07-23 00:00:00;02:00;2020-07-23 02:00:00;;;15.2;14.0;105.9296875;0.0;105.9296875
30622;2020-07-22 00:00:00;23:00;2020-07-22 23:00:00;;;15.4;14.1;43.018593749999994;6.0;726.0165625000001
30622;2020-07-22 00:00:00;20:00;2020-07-22 20:00:00;;2.0;18.4;13.8;43.018593749999994;6.0;726.0165625000001
30622;2020-07-22 00:00:00;17:00;2020-07-22 17:00:00;;;18.7;13.4;43.018593749999994;6.0;726.0165625000001
30622;2020-07-22 00:00:00;14:00;2020-07-22 14:00:00;;;15.9;13.0;43.018593749999994;6.0;726.0165625000001
30622;2020-07-22 00:00:00;11:00;2020-07-22 11:00:00;;;14.8;10.6;43.018593749999994;6.0;726.0165625000001
30622;2020-07-22 00:00:00;08:00;2020-07-22 08:00:00;;0.0;11.3;8.6;43.018593749999994;6.0;726.0165625000001
30622;2020-07-22 00:00:00;05:00;2020-07-22 05:00:00;;;8.4;7.1;43.018593749999994;6.0;726.0165625000001
30622;2020-07-22 00:00:00;02:00;2020-07-22 02:00:00;;;10.4;8.4;43.018593749999994;6.0;726.0165625000001
30622;2020-07-21 00:00:00;23:00;2020-07-21 23:00:00;;;13.3;10.1;134.9425;5.0;682.99796875
30622;2020-07-21 00:00:00;20:00;2020-07-21 20:00:00;;0.0;22.8;9.2;134.9425;5.0;682.99796875
30622;2020-07-21 00:00:00;17:00;2020-07-21 17:00:00;;;24.6;5.6;134.9425;5.0;682.99796875
30622;2020-07-21 00:00:00;14:00;2020-07-21 14:00:00;;;22.4;4.1;134.9425;5.0;682.99796875
30622;2020-07-21 00:00:00;11:00;2020-07-21 11:00:00;;;18.2;8.5;134.9425;5.0;682.99796875
30622;2020-07-21 00:00:00;08:00;2020-07-21 08:00:00;;0.0;10.1;6.4;134.9425;5.0;682.99796875
30622;2020-07-21 00:00:00;05:00;2020-07-21 05:00:00;;;4.8;3.7;134.9425;5.0;682.99796875
30622;2020-07-21 00:00:00;02:00;2020-07-21 02:00:00;;;7.0;5.5;134.9425;5.0;682.99796875
30622;2020-07-20 00:00:00;23:00;2020-07-20 23:00:00;;;10.1;7.4;115.36593750000003;4.0;548.05546875
30622;2020-07-20 00:00:00;20:00;2020-07-20 20:00:00;;0.0;18.7;4.7;115.36593750000003;4.0;548.05546875
30622;2020-07-20 00:00:00;17:00;2020-07-20 17:00:00;;;20.1;3.4;115.36593750000003;4.0;548.05546875
30622;2020-07-20 00:00:00;14:00;2020-07-20 14:00:00;;;19.2;4.3;115.36593750000003;4.0;548.05546875
30622;2020-07-20 00:00:00;11:00;2020-07-20 11:00:00;;;15.9;6.7;115.36593750000003;4.0;548.05546875
30622;2020-07-20 00:00:00;08:00;2020-07-20 08:00:00;;0.0;10.0;5.4;115.36593750000003;4.0;548.05546875
30622;2020-07-20 00:00:00;05:00;2020-07-20 05:00:00;;;6.6;4.3;115.36593750000003;4.0;548.05546875
30622;2020-07-20 00:00:00;02:00;2020-07-20 02:00:00;;;8.3;4.9;115.36593750000003;4.0;548.05546875
30622;2020-07-19 00:00:00;23:00;2020-07-19 23:00:00;;;11.6;5.8;100.06015625;3.0;432.68953124999996
30622;2020-07-19 00:00:00;20:00;2020-07-19 20:00:00;;1.0;15.8;4.1;100.06015625;3.0;432.68953124999996
30622;2020-07-19 00:00:00;17:00;2020-07-19 17:00:00;;;18.4;4.3;100.06015625;3.0;432.68953124999996
30622;2020-07-19 00:00:00;14:00;2020-07-19 14:00:00;;;17.3;4.3;100.06015625;3.0;432.68953124999996
30622;2020-07-19 00:00:00;11:00;2020-07-19 11:00:00;;;13.8;7.4;100.06015625;3.0;432.68953124999996
30622;2020-07-19 00:00:00;08:00;2020-07-19 08:00:00;;0.0;10.8;7.6;100.06015625;3.0;432.68953124999996
30622;2020-07-19 00:00:00;05:00;2020-07-19 05:00:00;;;8.4;5.7;100.06015625;3.0;432.68953124999996
30622;2020-07-19 00:00:00;02:00;2020-07-19 02:00:00;;;9.4;5.6;100.06015625;3.0;432.68953124999996
30622;2020-07-18 00:00:00;23:00;2020-07-18 23:00:00;;;10.8;5.9;101.04328124999999;2.0;332.629375
30622;2020-07-18 00:00:00;20:00;2020-07-18 20:00:00;;0.0;15.8;7.2;101.04328124999999;2.0;332.629375
30622;2020-07-18 00:00:00;17:00;2020-07-18 17:00:00;;;18.4;5.7;101.04328124999999;2.0;332.629375
30622;2020-07-18 00:00:00;14:00;2020-07-18 14:00:00;;;17.8;7.0;101.04328124999999;2.0;332.629375
30622;2020-07-18 00:00:00;11:00;2020-07-18 11:00:00;;;17.0;7.0;101.04328124999999;2.0;332.629375
30622;2020-07-18 00:00:00;08:00;2020-07-18 08:00:00;;0.0;15.0;9.6;101.04328124999999;2.0;332.629375
30622;2020-07-18 00:00:00;05:00;2020-07-18 05:00:00;;;9.5;8.1;101.04328124999999;2.0;332.629375
30622;2020-07-18 00:00:00;02:00;2020-07-18 02:00:00;;;11.8;9.9;101.04328124999999;2.0;332.629375
30622;2020-07-17 00:00:00;23:00;2020-07-17 23:00:00;;;12.4;9.6;123.82046874999999;1.0;231.58609374999997
30622;2020-07-17 00:00:00;20:00;2020-07-17 20:00:00;;0.0;15.5;9.0;123.82046874999999;1.0;231.58609374999997
30622;2020-07-17 00:00:00;17:00;2020-07-17 17:00:00;;;17.0;6.3;123.82046874999999;1.0;231.58609374999997
30622;2020-07-17 00:00:00;14:00;2020-07-17 14:00:00;;;20.8;3.9;123.82046874999999;1.0;231.58609374999997
30622;2020-07-17 00:00:00;11:00;2020-07-17 11:00:00;;;17.6;2.9;123.82046874999999;1.0;231.58609374999997
30622;2020-07-17 00:00:00;08:00;2020-07-17 08:00:00;;0.0;13.3;6.6;123.82046874999999;1.0;231.58609374999997
30622;2020-07-17 00:00:00;05:00;2020-07-17 05:00:00;;;9.8;6.4;123.82046874999999;1.0;231.58609374999997
30622;2020-07-17 00:00:00;02:00;2020-07-17 02:00:00;;;11.7;6.3;123.82046874999999;1.0;231.58609374999997
30622;2020-07-16 00:00:00;23:00;2020-07-16 23:00:00;;;12.8;5.8;107.765625;0.0;107.765625
30622;2020-07-16 00:00:00;20:00;2020-07-16 20:00:00;;0.0;14.3;5.9;107.765625;0.0;107.765625
30622;2020-07-16 00:00:00;17:00;2020-07-16 17:00:00;;;17.1;5.3;107.765625;0.0;107.765625
30622;2020-07-16 00:00:00;14:00;2020-07-16 14:00:00;;;18.2;4.7;107.765625;0.0;107.765625
30622;2020-07-16 00:00:00;11:00;2020-07-16 11:00:00;;;16.2;7.1;107.765625;0.0;107.765625
30622;2020-07-16 00:00:00;08:00;2020-07-16 08:00:00;;25.0;13.5;11.0;107.765625;0.0;107.765625
30622;2020-07-16 00:00:00;05:00;2020-07-16 05:00:00;;;14.0;12.4;107.765625;0.0;107.765625
30622;2020-07-16 00:00:00;02:00;2020-07-16 02:00:00;;;14.9;11.8;107.765625;0.0;107.765625
30622;2020-07-15 00:00:00;23:00;2020-07-15 23:00:00;;;16.5;14.7;122.2734375;0.0;122.2734375
30622;2020-07-15 00:00:00;20:00;2020-07-15 20:00:00;;4.0;18.7;16.7;122.2734375;0.0;122.2734375
30622;2020-07-15 00:00:00;17:00;2020-07-15 17:00:00;;;26.8;15.8;122.2734375;0.0;122.2734375
30622;2020-07-15 00:00:00;14:00;2020-07-15 14:00:00;;;28.0;14.6;122.2734375;0.0;122.2734375
30622;2020-07-15 00:00:00;11:00;2020-07-15 11:00:00;;;24.6;15.6;122.2734375;0.0;122.2734375
30622;2020-07-15 00:00:00;08:00;2020-07-15 08:00:00;;0.0;20.5;15.1;122.2734375;0.0;122.2734375
30622;2020-07-15 00:00:00;05:00;2020-07-15 05:00:00;;;14.5;12.6;122.2734375;0.0;122.2734375
30622;2020-07-15 00:00:00;02:00;2020-07-15 02:00:00;;;16.9;14.4;122.2734375;0.0;122.2734375
30622;2020-07-14 00:00:00;23:00;2020-07-14 23:00:00;;;20.1;16.0;189.29671875000003;6.0;313.4584375
30622;2020-07-14 00:00:00;20:00;2020-07-14 20:00:00;;0.0;29.4;12.5;189.29671875000003;6.0;313.4584375
30622;2020-07-14 00:00:00;17:00;2020-07-14 17:00:00;;;31.4;12.2;189.29671875000003;6.0;313.4584375
30622;2020-07-14 00:00:00;14:00;2020-07-14 14:00:00;;;29.6;12.2;189.29671875000003;6.0;313.4584375
30622;2020-07-14 00:00:00;11:00;2020-07-14 11:00:00;;;23.2;15.9;189.29671875000003;6.0;313.4584375
30622;2020-07-14 00:00:00;08:00;2020-07-14 08:00:00;;0.0;15.2;14.2;189.29671875000003;6.0;313.4584375
30622;2020-07-14 00:00:00;05:00;2020-07-14 05:00:00;;;14.2;13.1;189.29671875000003;6.0;313.4584375
30622;2020-07-14 00:00:00;02:00;2020-07-14 02:00:00;;;14.8;13.7;189.29671875000003;6.0;313.4584375
30622;2020-07-13 00:00:00;23:00;2020-07-13 23:00:00;;;17.4;15.3;113.94562499999998;5.0;124.16171874999998
30622;2020-07-13 00:00:00;20:00;2020-07-13 20:00:00;;0.0;23.5;14.8;113.94562499999998;5.0;124.16171874999998
30622;2020-07-13 00:00:00;17:00;2020-07-13 17:00:00;;;25.6;16.4;113.94562499999998;5.0;124.16171874999998
30622;2020-07-13 00:00:00;14:00;2020-07-13 14:00:00;;;26.6;15.5;113.94562499999998;5.0;124.16171874999998
30622;2020-07-13 00:00:00;11:00;2020-07-13 11:00:00;;;23.0;16.6;113.94562499999998;5.0;124.16171874999998
30622;2020-07-13 00:00:00;08:00;2020-07-13 08:00:00;;0.0;18.5;16.0;113.94562499999998;5.0;124.16171874999998
30622;2020-07-13 00:00:00;05:00;2020-07-13 05:00:00;;;17.1;15.6;113.94562499999998;5.0;124.16171874999998
30622;2020-07-13 00:00:00;02:00;2020-07-13 02:00:00;;;17.5;15.9;113.94562499999998;5.0;124.16171874999998
30622;2020-12-07 00:00:00;23:00;2020-12-07 23:00:00;;;18.6;16.0;88.60499999999996;0.0;88.60499999999996
30622;2020-12-07 00:00:00;20:00;2020-12-07 20:00:00;;0.0;22.0;16.2;88.60499999999996;0.0;88.60499999999996
30622;2020-12-07 00:00:00;17:00;2020-12-07 17:00:00;;;25.0;14.9;88.60499999999996;0.0;88.60499999999996
30622;2020-12-07 00:00:00;14:00;2020-12-07 14:00:00;;;23.8;15.4;88.60499999999996;0.0;88.60499999999996
30622;2020-12-07 00:00:00;11:00;2020-12-07 11:00:00;;;19.5;16.5;88.60499999999996;0.0;88.60499999999996
30622;2020-12-07 00:00:00;08:00;2020-12-07 08:00:00;;3.0;17.8;15.7;88.60499999999996;0.0;88.60499999999996
30622;2020-12-07 00:00:00;05:00;2020-12-07 05:00:00;;;16.1;14.7;88.60499999999996;0.0;88.60499999999996
30622;2020-12-07 00:00:00;02:00;2020-12-07 02:00:00;;;18.3;16.5;88.60499999999996;0.0;88.60499999999996
30622;2020-11-07 00:00:00;23:00;2020-11-07 23:00:00;;;17.6;14.7;150.80343749999997;1.0;224.57609374999996
30622;2020-11-07 00:00:00;20:00;2020-11-07 20:00:00;;0.0;22.6;16.0;150.80343749999997;1.0;224.57609374999996
30622;2020-11-07 00:00:00;17:00;2020-11-07 17:00:00;;;29.4;11.9;150.80343749999997;1.0;224.57609374999996
30622;2020-11-07 00:00:00;14:00;2020-11-07 14:00:00;;;27.4;13.5;150.80343749999997;1.0;224.57609374999996
30622;2020-11-07 00:00:00;11:00;2020-11-07 11:00:00;;;23.4;13.0;150.80343749999997;1.0;224.57609374999996
30622;2020-11-07 00:00:00;08:00;2020-11-07 08:00:00;;0.0;17.2;13.5;150.80343749999997;1.0;224.57609374999996
30622;2020-11-07 00:00:00;05:00;2020-11-07 05:00:00;;;12.5;10.8;150.80343749999997;1.0;224.57609374999996
30622;2020-11-07 00:00:00;02:00;2020-11-07 02:00:00;;;14.6;12.7;150.80343749999997;1.0;224.57609374999996
30622;2020-10-07 00:00:00;23:00;2020-10-07 23:00:00;;;17.9;13.7;201.43296875000007;10.0;432.4820312500001
30622;2020-10-07 00:00:00;20:00;2020-10-07 20:00:00;;0.0;25.2;11.8;201.43296875000007;10.0;432.4820312500001
30622;2020-10-07 00:00:00;17:00;2020-10-07 17:00:00;;;26.6;11.3;201.43296875000007;10.0;432.4820312500001
30622;2020-10-07 00:00:00;14:00;2020-10-07 14:00:00;;;26.0;9.9;201.43296875000007;10.0;432.4820312500001
30622;2020-10-07 00:00:00;11:00;2020-10-07 11:00:00;;;23.8;12.3;201.43296875000007;10.0;432.4820312500001
30622;2020-10-07 00:00:00;08:00;2020-10-07 08:00:00;;0.0;17.4;12.1;201.43296875000007;10.0;432.4820312500001
30622;2020-10-07 00:00:00;05:00;2020-10-07 05:00:00;;;15.5;11.8;201.43296875000007;10.0;432.4820312500001
30622;2020-10-07 00:00:00;02:00;2020-10-07 02:00:00;;;17.9;11.7;201.43296875000007;10.0;432.4820312500001
30622;2020-09-07 00:00:00;23:00;2020-09-07 23:00:00;;;17.8;14.5;106.76093750000001;10.0;466.16328125
30622;2020-09-07 00:00:00;20:00;2020-09-07 20:00:00;;0.0;22.5;12.2;106.76093750000001;10.0;466.16328125
30622;2020-09-07 00:00:00;17:00;2020-09-07 17:00:00;;;21.5;14.2;106.76093750000001;10.0;466.16328125
30622;2020-09-07 00:00:00;14:00;2020-09-07 14:00:00;;;22.9;11.5;106.76093750000001;10.0;466.16328125
30622;2020-09-07 00:00:00;11:00;2020-09-07 11:00:00;;;22.6;13.9;106.76093750000001;10.0;466.16328125
30622;2020-09-07 00:00:00;08:00;2020-09-07 08:00:00;;0.0;15.2;13.5;106.76093750000001;10.0;466.16328125
30622;2020-09-07 00:00:00;05:00;2020-09-07 05:00:00;;;13.9;12.7;106.76093750000001;10.0;466.16328125
30622;2020-09-07 00:00:00;02:00;2020-09-07 02:00:00;;;14.1;12.6;106.76093750000001;10.0;466.16328125
30622;2020-08-07 00:00:00;23:00;2020-08-07 23:00:00;;;16.2;14.0;69.93796874999998;0.0;69.93796874999998
30622;2020-08-07 00:00:00;20:00;2020-08-07 20:00:00;;12.0;18.6;14.9;69.93796874999998;0.0;69.93796874999998
30622;2020-08-07 00:00:00;17:00;2020-08-07 17:00:00;;;17.1;15.8;69.93796874999998;0.0;69.93796874999998
30622;2020-08-07 00:00:00;14:00;2020-08-07 14:00:00;;;21.6;15.6;69.93796874999998;0.0;69.93796874999998
30622;2020-08-07 00:00:00;11:00;2020-08-07 11:00:00;;;18.9;15.7;69.93796874999998;0.0;69.93796874999998
30622;2020-08-07 00:00:00;08:00;2020-08-07 08:00:00;;9.0;17.9;16.3;69.93796874999998;0.0;69.93796874999998
30622;2020-08-07 00:00:00;05:00;2020-08-07 05:00:00;;;17.8;16.0;69.93796874999998;0.0;69.93796874999998
30622;2020-08-07 00:00:00;02:00;2020-08-07 02:00:00;;;21.6;11.5;69.93796874999998;0.0;69.93796874999998
30622;2020-07-07 00:00:00;23:00;2020-07-07 23:00:00;;;21.9;11.2;305.16609374999996;1.0;358.9064062499999
30622;2020-07-07 00:00:00;20:00;2020-07-07 20:00:00;;0.0;29.1;9.2;305.16609374999996;1.0;358.9064062499999
30622;2020-07-07 00:00:00;17:00;2020-07-07 17:00:00;;;31.8;8.0;305.16609374999996;1.0;358.9064062499999
30622;2020-07-07 00:00:00;14:00;2020-07-07 14:00:00;;;30.2;8.9;305.16609374999996;1.0;358.9064062499999
30622;2020-07-07 00:00:00;11:00;2020-07-07 11:00:00;;;26.6;11.5;305.16609374999996;1.0;358.9064062499999
30622;2020-07-07 00:00:00;08:00;2020-07-07 08:00:00;;0.0;17.6;9.6;305.16609374999996;1.0;358.9064062499999
30622;2020-07-07 00:00:00;05:00;2020-07-07 05:00:00;;;11.5;8.2;305.16609374999996;1.0;358.9064062499999
30622;2020-07-07 00:00:00;02:00;2020-07-07 02:00:00;;;14.0;9.2;305.16609374999996;1.0;358.9064062499999
30622;2020-06-07 00:00:00;23:00;2020-06-07 23:00:00;;;18.7;11.1;253.82343749999998;17.0;2158.69671875
30622;2020-06-07 00:00:00;20:00;2020-06-07 20:00:00;;0.0;28.3;6.7;253.82343749999998;17.0;2158.69671875
30622;2020-06-07 00:00:00;17:00;2020-06-07 17:00:00;;;30.1;6.7;253.82343749999998;17.0;2158.69671875
30622;2020-06-07 00:00:00;14:00;2020-06-07 14:00:00;;;28.0;7.3;253.82343749999998;17.0;2158.69671875
30622;2020-06-07 00:00:00;11:00;2020-06-07 11:00:00;;;21.6;8.4;253.82343749999998;17.0;2158.69671875
30622;2020-06-07 00:00:00;08:00;2020-06-07 08:00:00;;0.0;12.8;4.7;253.82343749999998;17.0;2158.69671875
30622;2020-06-07 00:00:00;05:00;2020-06-07 05:00:00;;;7.2;3.2;253.82343749999998;17.0;2158.69671875
30622;2020-06-07 00:00:00;02:00;2020-06-07 02:00:00;;;9.8;4.6;253.82343749999998;17.0;2158.69671875
30622;2020-05-07 00:00:00;23:00;2020-05-07 23:00:00;;;17.8;5.0;342.24328124999994;59.0;1879.63671875
30622;2020-05-07 00:00:00;20:00;2020-05-07 20:00:00;;0.0;26.6;-0.4;342.24328124999994;59.0;1879.63671875
30622;2020-05-07 00:00:00;17:00;2020-05-07 17:00:00;;;30.0;3.8;342.24328124999994;59.0;1879.63671875
30622;2020-05-07 00:00:00;14:00;2020-05-07 14:00:00;;;28.5;5.1;342.24328124999994;59.0;1879.63671875
30622;2020-05-07 00:00:00;11:00;2020-05-07 11:00:00;;;24.8;7.5;342.24328124999994;59.0;1879.63671875
30622;2020-05-07 00:00:00;08:00;2020-05-07 08:00:00;;0.0;18.6;8.3;342.24328124999994;59.0;1879.63671875
30622;2020-05-07 00:00:00;05:00;2020-05-07 05:00:00;;;12.2;8.3;342.24328124999994;59.0;1879.63671875
30622;2020-05-07 00:00:00;02:00;2020-05-07 02:00:00;;;15.2;10.0;342.24328124999994;59.0;1879.63671875
30622;2020-04-07 00:00:00;23:00;2020-04-07 23:00:00;;;20.9;9.6;318.09468749999996;29.0;-180.31078124999993
30622;2020-04-07 00:00:00;20:00;2020-04-07 20:00:00;;0.3;30.4;6.5;318.09468749999996;29.0;-180.31078124999993
30622;2020-04-07 00:00:00;17:00;2020-04-07 17:00:00;;;32.2;9.7;318.09468749999996;29.0;-180.31078124999993
30622;2020-04-07 00:00:00;14:00;2020-04-07 14:00:00;;;32.2;8.3;318.09468749999996;29.0;-180.31078124999993
30622;2020-04-07 00:00:00;11:00;2020-04-07 11:00:00;;;26.2;12.1;318.09468749999996;29.0;-180.31078124999993
30622;2020-04-07 00:00:00;08:00;2020-04-07 08:00:00;;0.0;18.5;10.7;318.09468749999996;29.0;-180.31078124999993
30622;2020-04-07 00:00:00;05:00;2020-04-07 05:00:00;;;11.5;9.8;318.09468749999996;29.0;-180.31078124999993
30622;2020-04-07 00:00:00;02:00;2020-04-07 02:00:00;;;14.7;10.8;318.09468749999996;29.0;-180.31078124999993
30622;2020-03-07 00:00:00;23:00;2020-03-07 23:00:00;;;20.2;11.2;310.66875;28.0;-1258.1118749999996
30622;2020-03-07 00:00:00;20:00;2020-03-07 20:00:00;;0.0;30.5;6.2;310.66875;28.0;-1258.1118749999996
30622;2020-03-07 00:00:00;17:00;2020-03-07 17:00:00;;;32.5;5.7;310.66875;28.0;-1258.1118749999996
30622;2020-03-07 00:00:00;14:00;2020-03-07 14:00:00;;;31.7;5.0;310.66875;28.0;-1258.1118749999996
30622;2020-03-07 00:00:00;11:00;2020-03-07 11:00:00;;;25.4;12.3;310.66875;28.0;-1258.1118749999996
30622;2020-03-07 00:00:00;08:00;2020-03-07 08:00:00;;0.0;17.3;13.0;310.66875;28.0;-1258.1118749999996
30622;2020-03-07 00:00:00;05:00;2020-03-07 05:00:00;;;11.9;10.5;310.66875;28.0;-1258.1118749999996
30622;2020-03-07 00:00:00;02:00;2020-03-07 02:00:00;;;14.6;12.2;310.66875;28.0;-1258.1118749999996
30622;2020-02-07 00:00:00;23:00;2020-02-07 23:00:00;;;20.6;14.9;211.18171875000004;30.0;-2132.5784693877554
30622;2020-02-07 00:00:00;20:00;2020-02-07 20:00:00;;0.0;25.2;12.5;211.18171875000004;30.0;-2132.5784693877554
30622;2020-02-07 00:00:00;17:00;2020-02-07 17:00:00;;;28.5;11.7;211.18171875000004;30.0;-2132.5784693877554
30622;2020-02-07 00:00:00;14:00;2020-02-07 14:00:00;;;31.0;9.1;211.18171875000004;30.0;-2132.5784693877554
30622;2020-02-07 00:00:00;11:00;2020-02-07 11:00:00;;;25.6;13.8;211.18171875000004;30.0;-2132.5784693877554
30622;2020-02-07 00:00:00;08:00;2020-02-07 08:00:00;;0.0;17.7;12.8;211.18171875000004;30.0;-2132.5784693877554
30622;2020-02-07 00:00:00;05:00;2020-02-07 05:00:00;;;11.6;10.4;211.18171875000004;30.0;-2132.5784693877554
30622;2020-02-07 00:00:00;02:00;2020-02-07 02:00:00;;;15.1;13.0;211.18171875000004;30.0;-2132.5784693877554
30622;2020-01-07 00:00:00;23:00;2020-01-07 23:00:00;;;18.9;14.7;209.86484375;4.0;439.67046875
30622;2020-01-07 00:00:00;20:00;2020-01-07 20:00:00;;0.0;21.4;14.6;209.86484375;4.0;439.67046875
30622;2020-01-07 00:00:00;17:00;2020-01-07 17:00:00;;;30.9;6.6;209.86484375;4.0;439.67046875
30622;2020-01-07 00:00:00;14:00;2020-01-07 14:00:00;;;31.4;9.0;209.86484375;4.0;439.67046875
30622;2020-01-07 00:00:00;11:00;2020-01-07 11:00:00;;;25.5;13.5;209.86484375;4.0;439.67046875
30622;2020-01-07 00:00:00;08:00;2020-01-07 08:00:00;;0.0;17.6;12.3;209.86484375;4.0;439.67046875
30622;2020-01-07 00:00:00;05:00;2020-01-07 05:00:00;;;11.7;10.3;209.86484375;4.0;439.67046875
30622;2020-01-07 00:00:00;02:00;2020-01-07 02:00:00;;;13.7;11.6;209.86484375;4.0;439.67046875
30622;2020-06-30 00:00:00;23:00;2020-06-30 23:00:00;;;20.1;11.9;220.49718749999997;7.0;1470.6525
30622;2020-06-30 00:00:00;20:00;2020-06-30 20:00:00;;0.0;26.5;11.1;220.49718749999997;7.0;1470.6525
30622;2020-06-30 00:00:00;17:00;2020-06-30 17:00:00;;;28.5;7.8;220.49718749999997;7.0;1470.6525
30622;2020-06-30 00:00:00;14:00;2020-06-30 14:00:00;;;28.9;9.7;220.49718749999997;7.0;1470.6525
30622;2020-06-30 00:00:00;11:00;2020-06-30 11:00:00;;;24.8;11.7;220.49718749999997;7.0;1470.6525
30622;2020-06-30 00:00:00;08:00;2020-06-30 08:00:00;;0.0;15.6;11.4;220.49718749999997;7.0;1470.6525
30622;2020-06-30 00:00:00;05:00;2020-06-30 05:00:00;;;10.9;9.6;220.49718749999997;7.0;1470.6525
30622;2020-06-30 00:00:00;02:00;2020-06-30 02:00:00;;;13.3;11.7;220.49718749999997;7.0;1470.6525
30622;2020-06-29 00:00:00;23:00;2020-06-29 23:00:00;;;18.1;12.4;192.98515625;6.0;1250.1553125
30622;2020-06-29 00:00:00;20:00;2020-06-29 20:00:00;;0.0;27.3;8.2;192.98515625;6.0;1250.1553125
30622;2020-06-29 00:00:00;17:00;2020-06-29 17:00:00;;;30.7;7.0;192.98515625;6.0;1250.1553125
30622;2020-06-29 00:00:00;14:00;2020-06-29 14:00:00;;;28.5;12.7;192.98515625;6.0;1250.1553125
30622;2020-06-29 00:00:00;11:00;2020-06-29 11:00:00;;;22.1;16.2;192.98515625;6.0;1250.1553125
30622;2020-06-29 00:00:00;08:00;2020-06-29 08:00:00;;0.0;14.5;13.5;192.98515625;6.0;1250.1553125
30622;2020-06-29 00:00:00;05:00;2020-06-29 05:00:00;;;13.3;12.3;192.98515625;6.0;1250.1553125
30622;2020-06-29 00:00:00;02:00;2020-06-29 02:00:00;;;14.0;12.9;192.98515625;6.0;1250.1553125
30622;2020-06-28 00:00:00;23:00;2020-06-28 23:00:00;;;16.8;14.5;124.3828125;5.0;1057.17015625
30622;2020-06-28 00:00:00;20:00;2020-06-28 20:00:00;;1.0;19.4;14.9;124.3828125;5.0;1057.17015625
30622;2020-06-28 00:00:00;17:00;2020-06-28 17:00:00;;;17.7;15.5;124.3828125;5.0;1057.17015625
30622;2020-06-28 00:00:00;14:00;2020-06-28 14:00:00;;;25.7;10.3;124.3828125;5.0;1057.17015625
30622;2020-06-28 00:00:00;11:00;2020-06-28 11:00:00;;;26.1;10.5;124.3828125;5.0;1057.17015625
30622;2020-06-28 00:00:00;08:00;2020-06-28 08:00:00;;0.0;19.6;12.3;124.3828125;5.0;1057.17015625
30622;2020-06-28 00:00:00;05:00;2020-06-28 05:00:00;;;13.0;10.6;124.3828125;5.0;1057.17015625
30622;2020-06-28 00:00:00;02:00;2020-06-28 02:00:00;;;14.2;11.7;124.3828125;5.0;1057.17015625
30622;2020-06-27 00:00:00;23:00;2020-06-27 23:00:00;;;18.5;13.0;232.68749999999997;4.0;932.78734375
30622;2020-06-27 00:00:00;20:00;2020-06-27 20:00:00;;0.0;24.0;9.1;232.68749999999997;4.0;932.78734375
30622;2020-06-27 00:00:00;17:00;2020-06-27 17:00:00;;;28.3;8.5;232.68749999999997;4.0;932.78734375
30622;2020-06-27 00:00:00;14:00;2020-06-27 14:00:00;;;30.9;7.8;232.68749999999997;4.0;932.78734375
30622;2020-06-27 00:00:00;11:00;2020-06-27 11:00:00;;;25.5;11.8;232.68749999999997;4.0;932.78734375
30622;2020-06-27 00:00:00;08:00;2020-06-27 08:00:00;;0.0;17.5;11.6;232.68749999999997;4.0;932.78734375
30622;2020-06-27 00:00:00;05:00;2020-06-27 05:00:00;;;10.8;9.4;232.68749999999997;4.0;932.78734375
30622;2020-06-27 00:00:00;02:00;2020-06-27 02:00:00;;;14.5;11.2;232.68749999999997;4.0;932.78734375
30622;2020-06-26 00:00:00;23:00;2020-06-26 23:00:00;;;18.9;11.4;217.66984374999998;3.0;700.09984375
30622;2020-06-26 00:00:00;20:00;2020-06-26 20:00:00;;0.0;26.0;8.8;217.66984374999998;3.0;700.09984375
30622;2020-06-26 00:00:00;17:00;2020-06-26 17:00:00;;;30.4;7.0;217.66984374999998;3.0;700.09984375
30622;2020-06-26 00:00:00;14:00;2020-06-26 14:00:00;;;28.5;10.0;217.66984374999998;3.0;700.09984375
30622;2020-06-26 00:00:00;11:00;2020-06-26 11:00:00;;;23.8;12.0;217.66984374999998;3.0;700.09984375
30622;2020-06-26 00:00:00;08:00;2020-06-26 08:00:00;;0.0;15.2;11.3;217.66984374999998;3.0;700.09984375
30622;2020-06-26 00:00:00;05:00;2020-06-26 05:00:00;;;9.1;7.9;217.66984374999998;3.0;700.09984375
30622;2020-06-26 00:00:00;02:00;2020-06-26 02:00:00;;;11.8;10.2;217.66984374999998;3.0;700.09984375
30622;2020-06-25 00:00:00;23:00;2020-06-25 23:00:00;;;15.3;12.1;149.0625;2.0;482.42999999999995
30622;2020-06-25 00:00:00;20:00;2020-06-25 20:00:00;;0.0;24.4;12.3;149.0625;2.0;482.42999999999995
30622;2020-06-25 00:00:00;17:00;2020-06-25 17:00:00;;;24.3;10.0;149.0625;2.0;482.42999999999995
30622;2020-06-25 00:00:00;14:00;2020-06-25 14:00:00;;;24.6;11.1;149.0625;2.0;482.42999999999995
30622;2020-06-25 00:00:00;11:00;2020-06-25 11:00:00;;;23.6;10.3;149.0625;2.0;482.42999999999995
30622;2020-06-25 00:00:00;08:00;2020-06-25 08:00:00;;0.0;15.3;11.1;149.0625;2.0;482.42999999999995
30622;2020-06-25 00:00:00;05:00;2020-06-25 05:00:00;;;10.4;9.0;149.0625;2.0;482.42999999999995
30622;2020-06-25 00:00:00;02:00;2020-06-25 02:00:00;;;12.1;10.5;149.0625;2.0;482.42999999999995
30622;2020-06-24 00:00:00;23:00;2020-06-24 23:00:00;;;16.7;11.0;179.78812499999998;1.0;333.36749999999995
30622;2020-06-24 00:00:00;20:00;2020-06-24 20:00:00;;0.0;24.4;7.5;179.78812499999998;1.0;333.36749999999995
30622;2020-06-24 00:00:00;17:00;2020-06-24 17:00:00;;;26.9;6.0;179.78812499999998;1.0;333.36749999999995
30622;2020-06-24 00:00:00;14:00;2020-06-24 14:00:00;;;20.0;10.2;179.78812499999998;1.0;333.36749999999995
30622;2020-06-24 00:00:00;11:00;2020-06-24 11:00:00;;;23.6;10.2;179.78812499999998;1.0;333.36749999999995
30622;2020-06-24 00:00:00;08:00;2020-06-24 08:00:00;;0.0;16.5;11.4;179.78812499999998;1.0;333.36749999999995
30622;2020-06-24 00:00:00;05:00;2020-06-24 05:00:00;;;11.9;9.7;179.78812499999998;1.0;333.36749999999995
30622;2020-06-24 00:00:00;02:00;2020-06-24 02:00:00;;;11.6;9.7;179.78812499999998;1.0;333.36749999999995
30622;2020-06-23 00:00:00;23:00;2020-06-23 23:00:00;;;17.0;11.9;153.57937499999997;0.0;153.57937499999997
30622;2020-06-23 00:00:00;20:00;2020-06-23 20:00:00;;3.0;22.0;12.4;153.57937499999997;0.0;153.57937499999997
30622;2020-06-23 00:00:00;17:00;2020-06-23 17:00:00;;;24.7;9.1;153.57937499999997;0.0;153.57937499999997
30622;2020-06-23 00:00:00;14:00;2020-06-23 14:00:00;;;26.8;4.1;153.57937499999997;0.0;153.57937499999997
30622;2020-06-23 00:00:00;11:00;2020-06-23 11:00:00;;;21.1;11.3;153.57937499999997;0.0;153.57937499999997
30622;2020-06-23 00:00:00;08:00;2020-06-23 08:00:00;;1.0;13.5;11.1;153.57937499999997;0.0;153.57937499999997
30622;2020-06-23 00:00:00;05:00;2020-06-23 05:00:00;;;8.2;6.7;153.57937499999997;0.0;153.57937499999997
30622;2020-06-23 00:00:00;02:00;2020-06-23 02:00:00;;;10.4;8.7;153.57937499999997;0.0;153.57937499999997
30622;2020-06-22 00:00:00;23:00;2020-06-22 23:00:00;;;14.7;9.0;221.29875000000004;6.0;1105.7246875
30622;2020-06-22 00:00:00;20:00;2020-06-22 20:00:00;;0.3;19.4;10.2;221.29875000000004;6.0;1105.7246875
30622;2020-06-22 00:00:00;17:00;2020-06-22 17:00:00;;;29.5;2.7;221.29875000000004;6.0;1105.7246875
30622;2020-06-22 00:00:00;14:00;2020-06-22 14:00:00;;;28.5;3.1;221.29875000000004;6.0;1105.7246875
30622;2020-06-22 00:00:00;11:00;2020-06-22 11:00:00;;;23.5;7.5;221.29875000000004;6.0;1105.7246875
30622;2020-06-22 00:00:00;08:00;2020-06-22 08:00:00;;0.0;14.5;8.5;221.29875000000004;6.0;1105.7246875
30622;2020-06-22 00:00:00;05:00;2020-06-22 05:00:00;;;8.2;6.1;221.29875000000004;6.0;1105.7246875
30622;2020-06-22 00:00:00;02:00;2020-06-22 02:00:00;;;11.1;7.5;221.29875000000004;6.0;1105.7246875
30622;2020-06-21 00:00:00;23:00;2020-06-21 23:00:00;;;18.1;8.2;192.29546875000005;5.0;884.4259375
30622;2020-06-21 00:00:00;20:00;2020-06-21 20:00:00;;0.0;25.2;4.8;192.29546875000005;5.0;884.4259375
30622;2020-06-21 00:00:00;17:00;2020-06-21 17:00:00;;;27.4;4.5;192.29546875000005;5.0;884.4259375
30622;2020-06-21 00:00:00;14:00;2020-06-21 14:00:00;;;26.1;6.1;192.29546875000005;5.0;884.4259375
30622;2020-06-21 00:00:00;11:00;2020-06-21 11:00:00;;;19.3;11.4;192.29546875000005;5.0;884.4259375
30622;2020-06-21 00:00:00;08:00;2020-06-21 08:00:00;;0.0;10.9;9.7;192.29546875000005;5.0;884.4259375
30622;2020-06-21 00:00:00;05:00;2020-06-21 05:00:00;;;10.0;9.0;192.29546875000005;5.0;884.4259375
30622;2020-06-21 00:00:00;02:00;2020-06-21 02:00:00;;;8.3;6.9;192.29546875000005;5.0;884.4259375
30622;2020-06-20 00:00:00;23:00;2020-06-20 23:00:00;;;14.9;11.1;91.82578124999999;4.0;692.13046875
30622;2020-06-20 00:00:00;20:00;2020-06-20 20:00:00;;0.8;19.6;10.5;91.82578124999999;4.0;692.13046875
30622;2020-06-20 00:00:00;17:00;2020-06-20 17:00:00;;;20.1;11.3;91.82578124999999;4.0;692.13046875
30622;2020-06-20 00:00:00;14:00;2020-06-20 14:00:00;;;16.9;13.2;91.82578124999999;4.0;692.13046875
30622;2020-06-20 00:00:00;11:00;2020-06-20 11:00:00;;;17.6;11.5;91.82578124999999;4.0;692.13046875
30622;2020-06-20 00:00:00;08:00;2020-06-20 08:00:00;;0.0;15.7;11.7;91.82578124999999;4.0;692.13046875
30622;2020-06-20 00:00:00;05:00;2020-06-20 05:00:00;;;14.7;11.5;91.82578124999999;4.0;692.13046875
30622;2020-06-20 00:00:00;02:00;2020-06-20 02:00:00;;;15.6;10.8;91.82578124999999;4.0;692.13046875
30622;2020-06-19 00:00:00;23:00;2020-06-19 23:00:00;;;17.1;10.7;188.22765625000002;3.0;600.3046875
30622;2020-06-19 00:00:00;20:00;2020-06-19 20:00:00;;0.0;20.6;10.5;188.22765625000002;3.0;600.3046875
30622;2020-06-19 00:00:00;17:00;2020-06-19 17:00:00;;;25.5;5.7;188.22765625000002;3.0;600.3046875
30622;2020-06-19 00:00:00;14:00;2020-06-19 14:00:00;;;24.2;4.5;188.22765625000002;3.0;600.3046875
30622;2020-06-19 00:00:00;11:00;2020-06-19 11:00:00;;;21.8;3.4;188.22765625000002;3.0;600.3046875
30622;2020-06-19 00:00:00;08:00;2020-06-19 08:00:00;;0.0;12.3;4.3;188.22765625000002;3.0;600.3046875
30622;2020-06-19 00:00:00;05:00;2020-06-19 05:00:00;;;5.0;2.7;188.22765625000002;3.0;600.3046875
30622;2020-06-19 00:00:00;02:00;2020-06-19 02:00:00;;;8.4;3.8;188.22765625000002;3.0;600.3046875
30622;2020-06-18 00:00:00;23:00;2020-06-18 23:00:00;;;14.1;4.8;179.90671874999998;2.0;412.07703125
30622;2020-06-18 00:00:00;20:00;2020-06-18 20:00:00;;0.0;22.4;0.8;179.90671874999998;2.0;412.07703125
30622;2020-06-18 00:00:00;17:00;2020-06-18 17:00:00;;;23.9;2.1;179.90671874999998;2.0;412.07703125
30622;2020-06-18 00:00:00;14:00;2020-06-18 14:00:00;;;22.6;1.7;179.90671874999998;2.0;412.07703125
30622;2020-06-18 00:00:00;11:00;2020-06-18 11:00:00;;;19.1;6.7;179.90671874999998;2.0;412.07703125
30622;2020-06-18 00:00:00;08:00;2020-06-18 08:00:00;;0.0;10.5;5.4;179.90671874999998;2.0;412.07703125
30622;2020-06-18 00:00:00;05:00;2020-06-18 05:00:00;;;3.4;2.1;179.90671874999998;2.0;412.07703125
30622;2020-06-18 00:00:00;02:00;2020-06-18 02:00:00;;;6.1;4.2;179.90671874999998;2.0;412.07703125
30622;2020-06-17 00:00:00;23:00;2020-06-17 23:00:00;;;10.2;6.3;133.875;1.0;232.1703125
30622;2020-06-17 00:00:00;20:00;2020-06-17 20:00:00;;0.0;18.6;2.1;133.875;1.0;232.1703125
30622;2020-06-17 00:00:00;17:00;2020-06-17 17:00:00;;;20.2;3.1;133.875;1.0;232.1703125
30622;2020-06-17 00:00:00;14:00;2020-06-17 14:00:00;;;18.8;4.9;133.875;1.0;232.1703125
30622;2020-06-17 00:00:00;11:00;2020-06-17 11:00:00;;;18.4;6.6;133.875;1.0;232.1703125
30622;2020-06-17 00:00:00;08:00;2020-06-17 08:00:00;;0.3;12.5;8.0;133.875;1.0;232.1703125
30622;2020-06-17 00:00:00;05:00;2020-06-17 05:00:00;;;8.8;7.4;133.875;1.0;232.1703125
30622;2020-06-17 00:00:00;02:00;2020-06-17 02:00:00;;;12.5;10.2;133.875;1.0;232.1703125
30622;2020-06-16 00:00:00;23:00;2020-06-16 23:00:00;;;12.8;10.6;98.2953125;0.0;98.2953125
30622;2020-06-16 00:00:00;20:00;2020-06-16 20:00:00;;4.0;14.9;9.7;98.2953125;0.0;98.2953125
30622;2020-06-16 00:00:00;17:00;2020-06-16 17:00:00;;;13.5;11.7;98.2953125;0.0;98.2953125
30622;2020-06-16 00:00:00;14:00;2020-06-16 14:00:00;;;17.4;12.5;98.2953125;0.0;98.2953125
30622;2020-06-16 00:00:00;11:00;2020-06-16 11:00:00;;;20.5;11.1;98.2953125;0.0;98.2953125
30622;2020-06-16 00:00:00;08:00;2020-06-16 08:00:00;;0.0;21.7;11.9;98.2953125;0.0;98.2953125
30622;2020-06-16 00:00:00;05:00;2020-06-16 05:00:00;;;16.6;9.3;98.2953125;0.0;98.2953125
30622;2020-06-16 00:00:00;02:00;2020-06-16 02:00:00;;;15.6;8.9;98.2953125;0.0;98.2953125
30622;2020-06-15 00:00:00;23:00;2020-06-15 23:00:00;;;22.8;6.3;307.09093749999994;2.0;506.49375
30622;2020-06-15 00:00:00;20:00;2020-06-15 20:00:00;;0.0;29.6;3.5;307.09093749999994;2.0;506.49375
30622;2020-06-15 00:00:00;17:00;2020-06-15 17:00:00;;;31.2;4.5;307.09093749999994;2.0;506.49375
30622;2020-06-15 00:00:00;14:00;2020-06-15 14:00:00;;;30.7;5.9;307.09093749999994;2.0;506.49375
30622;2020-06-15 00:00:00;11:00;2020-06-15 11:00:00;;;23.7;11.0;307.09093749999994;2.0;506.49375
30622;2020-06-15 00:00:00;08:00;2020-06-15 08:00:00;;0.0;14.2;9.9;307.09093749999994;2.0;506.49375
30622;2020-06-15 00:00:00;05:00;2020-06-15 05:00:00;;;8.7;7.5;307.09093749999994;2.0;506.49375
30622;2020-06-15 00:00:00;02:00;2020-06-15 02:00:00;;;11.2;9.3;307.09093749999994;2.0;506.49375
30622;2020-06-14 00:00:00;23:00;2020-06-14 23:00:00;;;16.1;11.4;114.79343750000002;1.0;199.4028125
30622;2020-06-14 00:00:00;20:00;2020-06-14 20:00:00;;2.0;22.5;10.6;114.79343750000002;1.0;199.4028125
30622;2020-06-14 00:00:00;17:00;2020-06-14 17:00:00;;;26.0;9.1;114.79343750000002;1.0;199.4028125
30622;2020-06-14 00:00:00;14:00;2020-06-14 14:00:00;;;20.1;10.9;114.79343750000002;1.0;199.4028125
30622;2020-06-14 00:00:00;11:00;2020-06-14 11:00:00;;;20.6;12.6;114.79343750000002;1.0;199.4028125
30622;2020-06-14 00:00:00;08:00;2020-06-14 08:00:00;;0.4;12.0;11.0;114.79343750000002;1.0;199.4028125
30622;2020-06-14 00:00:00;05:00;2020-06-14 05:00:00;;;8.5;7.5;114.79343750000002;1.0;199.4028125
30622;2020-06-14 00:00:00;02:00;2020-06-14 02:00:00;;;10.0;8.6;114.79343750000002;1.0;199.4028125
30622;2020-06-13 00:00:00;23:00;2020-06-13 23:00:00;;;15.2;11.8;84.60937499999999;0.0;84.60937499999999
30622;2020-06-13 00:00:00;20:00;2020-06-13 20:00:00;;3.0;16.2;13.3;84.60937499999999;0.0;84.60937499999999
30622;2020-06-13 00:00:00;17:00;2020-06-13 17:00:00;;;23.7;6.7;84.60937499999999;0.0;84.60937499999999
30622;2020-06-13 00:00:00;14:00;2020-06-13 14:00:00;;;23.8;7.2;84.60937499999999;0.0;84.60937499999999
30622;2020-06-13 00:00:00;11:00;2020-06-13 11:00:00;;;14.9;8.1;84.60937499999999;0.0;84.60937499999999
30622;2020-06-13 00:00:00;08:00;2020-06-13 08:00:00;;0.0;6.9;5.8;84.60937499999999;0.0;84.60937499999999
30622;2020-06-13 00:00:00;05:00;2020-06-13 05:00:00;;;3.0;2.0;84.60937499999999;0.0;84.60937499999999
30622;2020-06-13 00:00:00;02:00;2020-06-13 02:00:00;;;4.6;3.4;84.60937499999999;0.0;84.60937499999999
30622;2020-12-06 00:00:00;23:00;2020-12-06 23:00:00;;;8.0;6.2;37.36375000000001;0.0;37.36375000000001
30622;2020-12-06 00:00:00;20:00;2020-12-06 20:00:00;;3.0;14.6;7.3;37.36375000000001;0.0;37.36375000000001
30622;2020-12-06 00:00:00;17:00;2020-12-06 17:00:00;;;13.4;8.9;37.36375000000001;0.0;37.36375000000001
30622;2020-12-06 00:00:00;14:00;2020-12-06 14:00:00;;;15.9;8.5;37.36375000000001;0.0;37.36375000000001
30622;2020-12-06 00:00:00;11:00;2020-12-06 11:00:00;;;12.5;8.8;37.36375000000001;0.0;37.36375000000001
30622;2020-12-06 00:00:00;08:00;2020-12-06 08:00:00;;0.7;8.0;6.6;37.36375000000001;0.0;37.36375000000001
30622;2020-12-06 00:00:00;05:00;2020-12-06 05:00:00;;;5.0;3.9;37.36375000000001;0.0;37.36375000000001
30622;2020-12-06 00:00:00;02:00;2020-12-06 02:00:00;;;6.8;5.6;37.36375000000001;0.0;37.36375000000001
30622;2020-11-06 00:00:00;23:00;2020-11-06 23:00:00;;;9.2;7.0;73.77265624999998;0.0;73.77265624999998
30622;2020-11-06 00:00:00;20:00;2020-11-06 20:00:00;;11.0;15.2;8.5;73.77265624999998;0.0;73.77265624999998
30622;2020-11-06 00:00:00;17:00;2020-11-06 17:00:00;;;14.2;10.0;73.77265624999998;0.0;73.77265624999998
30622;2020-11-06 00:00:00;14:00;2020-11-06 14:00:00;;;21.1;3.7;73.77265624999998;0.0;73.77265624999998
30622;2020-11-06 00:00:00;11:00;2020-11-06 11:00:00;;;14.1;9.2;73.77265624999998;0.0;73.77265624999998
30622;2020-11-06 00:00:00;08:00;2020-11-06 08:00:00;;0.7;12.3;8.5;73.77265624999998;0.0;73.77265624999998
30622;2020-11-06 00:00:00;05:00;2020-11-06 05:00:00;;;9.5;7.3;73.77265624999998;0.0;73.77265624999998
30622;2020-11-06 00:00:00;02:00;2020-11-06 02:00:00;;;10.5;7.4;73.77265624999998;0.0;73.77265624999998
30622;2020-10-06 00:00:00;23:00;2020-10-06 23:00:00;;;11.5;6.8;103.16953125;9.0;231.0490625
30622;2020-10-06 00:00:00;20:00;2020-10-06 20:00:00;;2.0;14.2;6.4;103.16953125;9.0;231.0490625
30622;2020-10-06 00:00:00;17:00;2020-10-06 17:00:00;;;15.9;5.3;103.16953125;9.0;231.0490625
30622;2020-10-06 00:00:00;14:00;2020-10-06 14:00:00;;;17.3;4.8;103.16953125;9.0;231.0490625
30622;2020-10-06 00:00:00;11:00;2020-10-06 11:00:00;;;19.3;3.2;103.16953125;9.0;231.0490625
30622;2020-10-06 00:00:00;08:00;2020-10-06 08:00:00;;0.0;9.4;3.4;103.16953125;9.0;231.0490625
30622;2020-10-06 00:00:00;05:00;2020-10-06 05:00:00;;;5.0;2.1;103.16953125;9.0;231.0490625
30622;2020-10-06 00:00:00;02:00;2020-10-06 02:00:00;;;7.9;2.8;103.16953125;9.0;231.0490625
30622;2020-09-06 00:00:00;23:00;2020-09-06 23:00:00;;;12.2;3.7;154.50187500000004;9.0;359.40234375
30622;2020-09-06 00:00:00;20:00;2020-09-06 20:00:00;;0.0;19.6;2.4;154.50187500000004;9.0;359.40234375
30622;2020-09-06 00:00:00;17:00;2020-09-06 17:00:00;;;20.2;-2.1;154.50187500000004;9.0;359.40234375
30622;2020-09-06 00:00:00;14:00;2020-09-06 14:00:00;;;19.7;-0.3;154.50187500000004;9.0;359.40234375
30622;2020-09-06 00:00:00;11:00;2020-09-06 11:00:00;;;16.8;4.1;154.50187500000004;9.0;359.40234375
30622;2020-09-06 00:00:00;08:00;2020-09-06 08:00:00;;0.0;10.5;4.5;154.50187500000004;9.0;359.40234375
30622;2020-09-06 00:00:00;05:00;2020-09-06 05:00:00;;;5.8;3.2;154.50187500000004;9.0;359.40234375
30622;2020-09-06 00:00:00;02:00;2020-09-06 02:00:00;;;4.1;2.6;154.50187500000004;9.0;359.40234375
30622;2020-08-06 00:00:00;23:00;2020-08-06 23:00:00;;;6.6;3.7;78.66218749999999;7.0;62.16718749999998
30622;2020-08-06 00:00:00;20:00;2020-08-06 20:00:00;;0.5;14.5;3.6;78.66218749999999;7.0;62.16718749999998
30622;2020-08-06 00:00:00;17:00;2020-08-06 17:00:00;;;15.3;4.4;78.66218749999999;7.0;62.16718749999998
30622;2020-08-06 00:00:00;14:00;2020-08-06 14:00:00;;;18.2;2.6;78.66218749999999;7.0;62.16718749999998
30622;2020-08-06 00:00:00;11:00;2020-08-06 11:00:00;;;14.1;4.8;78.66218749999999;7.0;62.16718749999998
30622;2020-08-06 00:00:00;08:00;2020-08-06 08:00:00;;0.0;11.2;5.9;78.66218749999999;7.0;62.16718749999998
30622;2020-08-06 00:00:00;05:00;2020-08-06 05:00:00;;;3.6;2.3;78.66218749999999;7.0;62.16718749999998
30622;2020-08-06 00:00:00;02:00;2020-08-06 02:00:00;;;3.6;2.0;78.66218749999999;7.0;62.16718749999998
30622;2020-07-06 00:00:00;23:00;2020-07-06 23:00:00;;;7.4;4.7;53.74031249999999;0.0;53.74031249999999
30622;2020-07-06 00:00:00;20:00;2020-07-06 20:00:00;;1.0;12.8;6.2;53.74031249999999;0.0;53.74031249999999
30622;2020-07-06 00:00:00;17:00;2020-07-06 17:00:00;;;15.3;4.3;53.74031249999999;0.0;53.74031249999999
30622;2020-07-06 00:00:00;14:00;2020-07-06 14:00:00;;;12.9;6.7;53.74031249999999;0.0;53.74031249999999
30622;2020-07-06 00:00:00;11:00;2020-07-06 11:00:00;;;11.7;3.8;53.74031249999999;0.0;53.74031249999999
30622;2020-07-06 00:00:00;08:00;2020-07-06 08:00:00;;3.0;11.1;4.9;53.74031249999999;0.0;53.74031249999999
30622;2020-07-06 00:00:00;05:00;2020-07-06 05:00:00;;;4.3;3.2;53.74031249999999;0.0;53.74031249999999
30622;2020-07-06 00:00:00;02:00;2020-07-06 02:00:00;;;4.3;2.9;53.74031249999999;0.0;53.74031249999999
30622;2020-06-06 00:00:00;23:00;2020-06-06 23:00:00;;;8.6;5.5;61.31656250000001;16.0;1904.87328125
30622;2020-06-06 00:00:00;20:00;2020-06-06 20:00:00;;0.3;15.4;6.8;61.31656250000001;16.0;1904.87328125
30622;2020-06-06 00:00:00;17:00;2020-06-06 17:00:00;;;15.6;6.8;61.31656250000001;16.0;1904.87328125
30622;2020-06-06 00:00:00;14:00;2020-06-06 14:00:00;;;14.7;5.7;61.31656250000001;16.0;1904.87328125
30622;2020-06-06 00:00:00;11:00;2020-06-06 11:00:00;;;13.2;6.0;61.31656250000001;16.0;1904.87328125
30622;2020-06-06 00:00:00;08:00;2020-06-06 08:00:00;;0.0;9.1;4.9;61.31656250000001;16.0;1904.87328125
30622;2020-06-06 00:00:00;05:00;2020-06-06 05:00:00;;;4.4;2.7;61.31656250000001;16.0;1904.87328125
30622;2020-06-06 00:00:00;02:00;2020-06-06 02:00:00;;;6.4;4.1;61.31656250000001;16.0;1904.87328125
30622;2020-05-06 00:00:00;23:00;2020-05-06 23:00:00;;;7.9;4.7;107.1;58.0;1537.3934375000001
30622;2020-05-06 00:00:00;20:00;2020-05-06 20:00:00;;0.0;17.2;4.0;107.1;58.0;1537.3934375000001
30622;2020-05-06 00:00:00;17:00;2020-05-06 17:00:00;;;16.5;5.5;107.1;58.0;1537.3934375000001
30622;2020-05-06 00:00:00;14:00;2020-05-06 14:00:00;;;21.0;1.9;107.1;58.0;1537.3934375000001
30622;2020-05-06 00:00:00;11:00;2020-05-06 11:00:00;;;15.6;5.7;107.1;58.0;1537.3934375000001
30622;2020-05-06 00:00:00;08:00;2020-05-06 08:00:00;;0.0;9.3;3.6;107.1;58.0;1537.3934375000001
30622;2020-05-06 00:00:00;05:00;2020-05-06 05:00:00;;;6.2;2.9;107.1;58.0;1537.3934375000001
30622;2020-05-06 00:00:00;02:00;2020-05-06 02:00:00;;;7.1;4.5;107.1;58.0;1537.3934375000001
30622;2020-04-06 00:00:00;23:00;2020-04-06 23:00:00;;;8.8;5.4;72.19625;28.0;-498.4054687499999
30622;2020-04-06 00:00:00;20:00;2020-04-06 20:00:00;;0.7;15.9;6.1;72.19625;28.0;-498.4054687499999
30622;2020-04-06 00:00:00;17:00;2020-04-06 17:00:00;;;17.6;3.9;72.19625;28.0;-498.4054687499999
30622;2020-04-06 00:00:00;14:00;2020-04-06 14:00:00;;;17.1;5.0;72.19625;28.0;-498.4054687499999
30622;2020-04-06 00:00:00;11:00;2020-04-06 11:00:00;;;10.8;7.9;72.19625;28.0;-498.4054687499999
30622;2020-04-06 00:00:00;08:00;2020-04-06 08:00:00;;0.0;8.4;4.9;72.19625;28.0;-498.4054687499999
30622;2020-04-06 00:00:00;05:00;2020-04-06 05:00:00;;;5.7;2.7;72.19625;28.0;-498.4054687499999
30622;2020-04-06 00:00:00;02:00;2020-04-06 02:00:00;;;4.9;1.5;72.19625;28.0;-498.4054687499999
30622;2020-03-06 00:00:00;23:00;2020-03-06 23:00:00;;;8.6;1.3;95.00671875000002;27.0;-1568.7806249999996
30622;2020-03-06 00:00:00;20:00;2020-03-06 20:00:00;;0.0;18.6;0.3;95.00671875000002;27.0;-1568.7806249999996
30622;2020-03-06 00:00:00;17:00;2020-03-06 17:00:00;;;18.7;2.2;95.00671875000002;27.0;-1568.7806249999996
30622;2020-03-06 00:00:00;14:00;2020-03-06 14:00:00;;;18.7;2.2;95.00671875000002;27.0;-1568.7806249999996
30622;2020-03-06 00:00:00;11:00;2020-03-06 11:00:00;;;14.8;4.6;95.00671875000002;27.0;-1568.7806249999996
30622;2020-03-06 00:00:00;08:00;2020-03-06 08:00:00;;0.0;3.2;2.3;95.00671875000002;27.0;-1568.7806249999996
30622;2020-03-06 00:00:00;05:00;2020-03-06 05:00:00;;;-0.8;-1.8;95.00671875000002;27.0;-1568.7806249999996
30622;2020-03-06 00:00:00;02:00;2020-03-06 02:00:00;;;2.3;0.7;95.00671875000002;27.0;-1568.7806249999996
30622;2020-02-06 00:00:00;23:00;2020-02-06 23:00:00;;;5.2;2.4;55.76703124999999;29.0;-2343.7601881377554
30622;2020-02-06 00:00:00;20:00;2020-02-06 20:00:00;;0.0;13.7;3.2;55.76703124999999;29.0;-2343.7601881377554
30622;2020-02-06 00:00:00;17:00;2020-02-06 17:00:00;;;14.2;3.3;55.76703124999999;29.0;-2343.7601881377554
30622;2020-02-06 00:00:00;14:00;2020-02-06 14:00:00;;;12.1;3.8;55.76703124999999;29.0;-2343.7601881377554
30622;2020-02-06 00:00:00;11:00;2020-02-06 11:00:00;;;9.2;5.0;55.76703124999999;29.0;-2343.7601881377554
30622;2020-02-06 00:00:00;08:00;2020-02-06 08:00:00;;0.4;7.4;4.1;55.76703124999999;29.0;-2343.7601881377554
30622;2020-02-06 00:00:00;05:00;2020-02-06 05:00:00;;;6.7;3.9;55.76703124999999;29.0;-2343.7601881377554
30622;2020-02-06 00:00:00;02:00;2020-02-06 02:00:00;;;7.6;3.5;55.76703124999999;29.0;-2343.7601881377554
30622;2020-01-06 00:00:00;23:00;2020-01-06 23:00:00;;;8.2;3.8;90.82;3.0;229.805625
30622;2020-01-06 00:00:00;20:00;2020-01-06 20:00:00;;0.7;11.8;3.4;90.82;3.0;229.805625
30622;2020-01-06 00:00:00;17:00;2020-01-06 17:00:00;;;14.6;1.3;90.82;3.0;229.805625
30622;2020-01-06 00:00:00;14:00;2020-01-06 14:00:00;;;14.0;4.2;90.82;3.0;229.805625
30622;2020-01-06 00:00:00;11:00;2020-01-06 11:00:00;;;11.9;7.0;90.82;3.0;229.805625
30622;2020-01-06 00:00:00;08:00;2020-01-06 08:00:00;;0.3;12.2;5.1;90.82;3.0;229.805625
30622;2020-01-06 00:00:00;05:00;2020-01-06 05:00:00;;;9.5;6.6;90.82;3.0;229.805625
30622;2020-01-06 00:00:00;02:00;2020-01-06 02:00:00;;;13.4;3.4;90.82;3.0;229.805625
30622;2020-05-31 00:00:00;23:00;2020-05-31 23:00:00;;;15.7;2.4;164.80562499999996;10.0;1971.6065625
30622;2020-05-31 00:00:00;20:00;2020-05-31 20:00:00;;0.0;17.3;-2.1;164.80562499999996;10.0;1971.6065625
30622;2020-05-31 00:00:00;17:00;2020-05-31 17:00:00;;;20.9;-5.3;164.80562499999996;10.0;1971.6065625
30622;2020-05-31 00:00:00;14:00;2020-05-31 14:00:00;;;19.9;-5.6;164.80562499999996;10.0;1971.6065625
30622;2020-05-31 00:00:00;11:00;2020-05-31 11:00:00;;;15.7;-3.8;164.80562499999996;10.0;1971.6065625
30622;2020-05-31 00:00:00;08:00;2020-05-31 08:00:00;;0.0;3.5;-2.3;164.80562499999996;10.0;1971.6065625
30622;2020-05-31 00:00:00;05:00;2020-05-31 05:00:00;;;-2.3;-4.2;164.80562499999996;10.0;1971.6065625
30622;2020-05-31 00:00:00;02:00;2020-05-31 02:00:00;;;0.7;-3.1;164.80562499999996;10.0;1971.6065625
30622;2020-05-30 00:00:00;23:00;2020-05-30 23:00:00;;;5.7;-3.5;119.1815625;9.0;1806.8009375000001
30622;2020-05-30 00:00:00;20:00;2020-05-30 20:00:00;;0.0;14.8;-4.1;119.1815625;9.0;1806.8009375000001
30622;2020-05-30 00:00:00;17:00;2020-05-30 17:00:00;;;15.5;-5.2;119.1815625;9.0;1806.8009375000001
30622;2020-05-30 00:00:00;14:00;2020-05-30 14:00:00;;;16.9;-5.0;119.1815625;9.0;1806.8009375000001
30622;2020-05-30 00:00:00;11:00;2020-05-30 11:00:00;;;13.5;-2.7;119.1815625;9.0;1806.8009375000001
30622;2020-05-30 00:00:00;08:00;2020-05-30 08:00:00;;0.0;5.3;-0.7;119.1815625;9.0;1806.8009375000001
30622;2020-05-30 00:00:00;05:00;2020-05-30 05:00:00;;;0.7;-1.8;119.1815625;9.0;1806.8009375000001
30622;2020-05-30 00:00:00;02:00;2020-05-30 02:00:00;;;3.8;-0.9;119.1815625;9.0;1806.8009375000001
30622;2020-05-29 00:00:00;23:00;2020-05-29 23:00:00;;;5.8;-0.3;61.043125;8.0;1687.6193750000002
30622;2020-05-29 00:00:00;20:00;2020-05-29 20:00:00;;0.0;11.0;-0.8;61.043125;8.0;1687.6193750000002
30622;2020-05-29 00:00:00;17:00;2020-05-29 17:00:00;;;12.7;-2.0;61.043125;8.0;1687.6193750000002
30622;2020-05-29 00:00:00;14:00;2020-05-29 14:00:00;;;12.1;-2.1;61.043125;8.0;1687.6193750000002
30622;2020-05-29 00:00:00;11:00;2020-05-29 11:00:00;;;9.8;-1.2;61.043125;8.0;1687.6193750000002
30622;2020-05-29 00:00:00;08:00;2020-05-29 08:00:00;;0.0;4.6;-0.2;61.043125;8.0;1687.6193750000002
30622;2020-05-29 00:00:00;05:00;2020-05-29 05:00:00;;;-1.0;-3.2;61.043125;8.0;1687.6193750000002
30622;2020-05-29 00:00:00;02:00;2020-05-29 02:00:00;;;2.2;-1.3;61.043125;8.0;1687.6193750000002
30622;2020-05-28 00:00:00;23:00;2020-05-28 23:00:00;;;6.1;-0.3;60.85843749999999;7.0;1626.5762500000003
30622;2020-05-28 00:00:00;20:00;2020-05-28 20:00:00;;0.0;8.6;0.0;60.85843749999999;7.0;1626.5762500000003
30622;2020-05-28 00:00:00;17:00;2020-05-28 17:00:00;;;11.1;-2.2;60.85843749999999;7.0;1626.5762500000003
30622;2020-05-28 00:00:00;14:00;2020-05-28 14:00:00;;;10.1;-1.0;60.85843749999999;7.0;1626.5762500000003
30622;2020-05-28 00:00:00;11:00;2020-05-28 11:00:00;;;9.1;-0.5;60.85843749999999;7.0;1626.5762500000003
30622;2020-05-28 00:00:00;08:00;2020-05-28 08:00:00;;0.0;7.4;0.6;60.85843749999999;7.0;1626.5762500000003
30622;2020-05-28 00:00:00;05:00;2020-05-28 05:00:00;;;3.0;-0.9;60.85843749999999;7.0;1626.5762500000003
30622;2020-05-28 00:00:00;02:00;2020-05-28 02:00:00;;;4.8;-0.2;60.85843749999999;7.0;1626.5762500000003
30622;2020-05-27 00:00:00;23:00;2020-05-27 23:00:00;;;7.1;0.6;127.98562499999998;6.0;1565.7178125000003
30622;2020-05-27 00:00:00;20:00;2020-05-27 20:00:00;;0.0;10.1;-0.5;127.98562499999998;6.0;1565.7178125000003
30622;2020-05-27 00:00:00;17:00;2020-05-27 17:00:00;;;14.3;-1.1;127.98562499999998;6.0;1565.7178125000003
30622;2020-05-27 00:00:00;14:00;2020-05-27 14:00:00;;;17.8;6.6;127.98562499999998;6.0;1565.7178125000003
30622;2020-05-27 00:00:00;11:00;2020-05-27 11:00:00;;;18.6;7.1;127.98562499999998;6.0;1565.7178125000003
30622;2020-05-27 00:00:00;08:00;2020-05-27 08:00:00;;0.0;16.5;6.6;127.98562499999998;6.0;1565.7178125000003
30622;2020-05-27 00:00:00;05:00;2020-05-27 05:00:00;;;12.4;7.7;127.98562499999998;6.0;1565.7178125000003
30622;2020-05-27 00:00:00;02:00;2020-05-27 02:00:00;;;13.0;8.2;127.98562499999998;6.0;1565.7178125000003
30622;2020-05-26 00:00:00;23:00;2020-05-26 23:00:00;;;13.4;7.8;245.59843750000002;5.0;1437.7321875000002
30622;2020-05-26 00:00:00;20:00;2020-05-26 20:00:00;;0.0;18.7;8.4;245.59843750000002;5.0;1437.7321875000002
30622;2020-05-26 00:00:00;17:00;2020-05-26 17:00:00;;;20.2;5.9;245.59843750000002;5.0;1437.7321875000002
30622;2020-05-26 00:00:00;14:00;2020-05-26 14:00:00;;;24.7;1.4;245.59843750000002;5.0;1437.7321875000002
30622;2020-05-26 00:00:00;11:00;2020-05-26 11:00:00;;;22.5;3.1;245.59843750000002;5.0;1437.7321875000002
30622;2020-05-26 00:00:00;08:00;2020-05-26 08:00:00;;0.0;16.9;5.9;245.59843750000002;5.0;1437.7321875000002
30622;2020-05-26 00:00:00;05:00;2020-05-26 05:00:00;;;14.8;4.3;245.59843750000002;5.0;1437.7321875000002
30622;2020-05-26 00:00:00;02:00;2020-05-26 02:00:00;;;15.7;3.1;245.59843750000002;5.0;1437.7321875000002
30622;2020-05-25 00:00:00;23:00;2020-05-25 23:00:00;;;19.0;1.5;299.78406250000006;4.0;1192.1337500000002
30622;2020-05-25 00:00:00;20:00;2020-05-25 20:00:00;;0.0;26.4;-2.2;299.78406250000006;4.0;1192.1337500000002
30622;2020-05-25 00:00:00;17:00;2020-05-25 17:00:00;;;28.1;-3.9;299.78406250000006;4.0;1192.1337500000002
30622;2020-05-25 00:00:00;14:00;2020-05-25 14:00:00;;;26.6;-4.2;299.78406250000006;4.0;1192.1337500000002
30622;2020-05-25 00:00:00;11:00;2020-05-25 11:00:00;;;19.6;2.9;299.78406250000006;4.0;1192.1337500000002
30622;2020-05-25 00:00:00;08:00;2020-05-25 08:00:00;;0.0;8.7;0.8;299.78406250000006;4.0;1192.1337500000002
30622;2020-05-25 00:00:00;05:00;2020-05-25 05:00:00;;;1.3;-1.8;299.78406250000006;4.0;1192.1337500000002
30622;2020-05-25 00:00:00;02:00;2020-05-25 02:00:00;;;5.7;0.6;299.78406250000006;4.0;1192.1337500000002
30622;2020-05-24 00:00:00;23:00;2020-05-24 23:00:00;;;12.4;4.0;326.8134375;3.0;892.3496875000001
30622;2020-05-24 00:00:00;20:00;2020-05-24 20:00:00;;0.0;24.3;-6.9;326.8134375;3.0;892.3496875000001
30622;2020-05-24 00:00:00;17:00;2020-05-24 17:00:00;;;26.5;-4.5;326.8134375;3.0;892.3496875000001
30622;2020-05-24 00:00:00;14:00;2020-05-24 14:00:00;;;25.5;-4.8;326.8134375;3.0;892.3496875000001
30622;2020-05-24 00:00:00;11:00;2020-05-24 11:00:00;;;23.4;3.2;326.8134375;3.0;892.3496875000001
30622;2020-05-24 00:00:00;08:00;2020-05-24 08:00:00;;0.4;10.1;3.3;326.8134375;3.0;892.3496875000001
30622;2020-05-24 00:00:00;05:00;2020-05-24 05:00:00;;;10.6;-0.1;326.8134375;3.0;892.3496875000001
30622;2020-05-24 00:00:00;02:00;2020-05-24 02:00:00;;;9.1;0.3;326.8134375;3.0;892.3496875000001
30622;2020-05-23 00:00:00;23:00;2020-05-23 23:00:00;;;20.4;-2.7;290.519375;2.0;565.5362500000001
30622;2020-05-23 00:00:00;20:00;2020-05-23 20:00:00;;0.0;24.7;-5.7;290.519375;2.0;565.5362500000001
30622;2020-05-23 00:00:00;17:00;2020-05-23 17:00:00;;;26.1;-5.7;290.519375;2.0;565.5362500000001
30622;2020-05-23 00:00:00;14:00;2020-05-23 14:00:00;;;23.6;-4.5;290.519375;2.0;565.5362500000001
30622;2020-05-23 00:00:00;11:00;2020-05-23 11:00:00;;;18.2;0.5;290.519375;2.0;565.5362500000001
30622;2020-05-23 00:00:00;08:00;2020-05-23 08:00:00;;0.0;9.0;-1.0;290.519375;2.0;565.5362500000001
30622;2020-05-23 00:00:00;05:00;2020-05-23 05:00:00;;;0.6;-2.4;290.519375;2.0;565.5362500000001
30622;2020-05-23 00:00:00;02:00;2020-05-23 02:00:00;;;3.2;-0.5;290.519375;2.0;565.5362500000001
30622;2020-05-22 00:00:00;23:00;2020-05-22 23:00:00;;;9.3;-0.1;171.045;1.0;275.016875
30622;2020-05-22 00:00:00;20:00;2020-05-22 20:00:00;;0.0;19.4;-2.0;171.045;1.0;275.016875
30622;2020-05-22 00:00:00;17:00;2020-05-22 17:00:00;;;20.8;-2.8;171.045;1.0;275.016875
30622;2020-05-22 00:00:00;14:00;2020-05-22 14:00:00;;;19.8;-0.9;171.045;1.0;275.016875
30622;2020-05-22 00:00:00;11:00;2020-05-22 11:00:00;;;16.4;-0.5;171.045;1.0;275.016875
30622;2020-05-22 00:00:00;08:00;2020-05-22 08:00:00;;0.0;7.5;0.1;171.045;1.0;275.016875
30622;2020-05-22 00:00:00;05:00;2020-05-22 05:00:00;;;1.0;-1.5;171.045;1.0;275.016875
30622;2020-05-22 00:00:00;02:00;2020-05-22 02:00:00;;;6.6;-0.1;171.045;1.0;275.016875
30622;2020-05-21 00:00:00;23:00;2020-05-21 23:00:00;;;14.0;-4.5;103.97187500000001;0.0;103.97187500000001
30622;2020-05-21 00:00:00;20:00;2020-05-21 20:00:00;;;14.0;-4.5;103.97187500000001;0.0;103.97187500000001
30622;2020-05-21 00:00:00;17:00;2020-05-21 17:00:00;;;15.0;3.7;103.97187500000001;0.0;103.97187500000001
30622;2020-05-21 00:00:00;14:00;2020-05-21 14:00:00;;;14.2;5.9;103.97187500000001;0.0;103.97187500000001
30622;2020-05-21 00:00:00;11:00;2020-05-21 11:00:00;;;11.1;5.6;103.97187500000001;0.0;103.97187500000001
30622;2020-05-21 00:00:00;08:00;2020-05-21 08:00:00;;3.0;10.5;8.8;103.97187500000001;0.0;103.97187500000001
30622;2020-05-21 00:00:00;05:00;2020-05-21 05:00:00;;;9.0;7.6;103.97187500000001;0.0;103.97187500000001
30622;2020-05-21 00:00:00;02:00;2020-05-21 02:00:00;;;10.2;7.5;103.97187500000001;0.0;103.97187500000001
30622;2020-05-20 00:00:00;23:00;2020-05-20 23:00:00;;;11.6;7.9;142.77703125;6.0;826.8870312499998
30622;2020-05-20 00:00:00;20:00;2020-05-20 20:00:00;;0.6;13.8;7.9;142.77703125;6.0;826.8870312499998
30622;2020-05-20 00:00:00;17:00;2020-05-20 17:00:00;;;17.3;4.5;142.77703125;6.0;826.8870312499998
30622;2020-05-20 00:00:00;14:00;2020-05-20 14:00:00;;;20.1;0.8;142.77703125;6.0;826.8870312499998
30622;2020-05-20 00:00:00;11:00;2020-05-20 11:00:00;;;15.7;2.6;142.77703125;6.0;826.8870312499998
30622;2020-05-20 00:00:00;08:00;2020-05-20 08:00:00;;0.0;11.1;2.4;142.77703125;6.0;826.8870312499998
30622;2020-05-20 00:00:00;05:00;2020-05-20 05:00:00;;;8.5;1.6;142.77703125;6.0;826.8870312499998
30622;2020-05-20 00:00:00;02:00;2020-05-20 02:00:00;;;13.2;1.5;142.77703125;6.0;826.8870312499998
30622;2020-05-19 00:00:00;23:00;2020-05-19 23:00:00;;;15.6;0.1;147.19781250000003;5.0;684.1099999999999
30622;2020-05-19 00:00:00;20:00;2020-05-19 20:00:00;;0.0;18.3;0.6;147.19781250000003;5.0;684.1099999999999
30622;2020-05-19 00:00:00;17:00;2020-05-19 17:00:00;;;19.6;2.1;147.19781250000003;5.0;684.1099999999999
30622;2020-05-19 00:00:00;14:00;2020-05-19 14:00:00;;;19.8;3.9;147.19781250000003;5.0;684.1099999999999
30622;2020-05-19 00:00:00;11:00;2020-05-19 11:00:00;;;14.9;8.0;147.19781250000003;5.0;684.1099999999999
30622;2020-05-19 00:00:00;08:00;2020-05-19 08:00:00;;1.0;10.3;8.7;147.19781250000003;5.0;684.1099999999999
30622;2020-05-19 00:00:00;05:00;2020-05-19 05:00:00;;;9.9;8.4;147.19781250000003;5.0;684.1099999999999
30622;2020-05-19 00:00:00;02:00;2020-05-19 02:00:00;;;11.0;8.7;147.19781250000003;5.0;684.1099999999999
30622;2020-05-18 00:00:00;23:00;2020-05-18 23:00:00;;;13.5;9.1;150.09421874999998;4.0;536.9121874999998
30622;2020-05-18 00:00:00;20:00;2020-05-18 20:00:00;;0.0;17.7;5.4;150.09421874999998;4.0;536.9121874999998
30622;2020-05-18 00:00:00;17:00;2020-05-18 17:00:00;;;19.4;3.2;150.09421874999998;4.0;536.9121874999998
30622;2020-05-18 00:00:00;14:00;2020-05-18 14:00:00;;;17.8;1.7;150.09421874999998;4.0;536.9121874999998
30622;2020-05-18 00:00:00;11:00;2020-05-18 11:00:00;;;13.7;-2.4;150.09421874999998;4.0;536.9121874999998
30622;2020-05-18 00:00:00;08:00;2020-05-18 08:00:00;;0.0;9.0;-1.9;150.09421874999998;4.0;536.9121874999998
30622;2020-05-18 00:00:00;05:00;2020-05-18 05:00:00;;;5.6;-1.4;150.09421874999998;4.0;536.9121874999998
30622;2020-05-18 00:00:00;02:00;2020-05-18 02:00:00;;;7.6;-1.5;150.09421874999998;4.0;536.9121874999998
30622;2020-05-17 00:00:00;23:00;2020-05-17 23:00:00;;;9.5;-5.8;144.80812499999996;3.0;386.8179687499999
30622;2020-05-17 00:00:00;20:00;2020-05-17 20:00:00;;0.0;15.9;-5.5;144.80812499999996;3.0;386.8179687499999
30622;2020-05-17 00:00:00;17:00;2020-05-17 17:00:00;;;18.6;-9.6;144.80812499999996;3.0;386.8179687499999
30622;2020-05-17 00:00:00;14:00;2020-05-17 14:00:00;;;16.4;-7.9;144.80812499999996;3.0;386.8179687499999
30622;2020-05-17 00:00:00;11:00;2020-05-17 11:00:00;;;11.7;-7.0;144.80812499999996;3.0;386.8179687499999
30622;2020-05-17 00:00:00;08:00;2020-05-17 08:00:00;;0.0;2.1;-6.8;144.80812499999996;3.0;386.8179687499999
30622;2020-05-17 00:00:00;05:00;2020-05-17 05:00:00;;;-1.0;-8.1;144.80812499999996;3.0;386.8179687499999
30622;2020-05-17 00:00:00;02:00;2020-05-17 02:00:00;;;-1.8;-7.7;144.80812499999996;3.0;386.8179687499999
30622;2020-05-16 00:00:00;23:00;2020-05-16 23:00:00;;;8.1;-9.1;163.17640624999999;2.0;242.00984374999996
30622;2020-05-16 00:00:00;20:00;2020-05-16 20:00:00;;0.0;12.1;-10.0;163.17640624999999;2.0;242.00984374999996
30622;2020-05-16 00:00:00;17:00;2020-05-16 17:00:00;;;13.5;-9.6;163.17640624999999;2.0;242.00984374999996
30622;2020-05-16 00:00:00;14:00;2020-05-16 14:00:00;;;11.9;-9.4;163.17640624999999;2.0;242.00984374999996
30622;2020-05-16 00:00:00;11:00;2020-05-16 11:00:00;;;10.3;-10.5;163.17640624999999;2.0;242.00984374999996
30622;2020-05-16 00:00:00;08:00;2020-05-16 08:00:00;;0.0;7.9;-6.7;163.17640624999999;2.0;242.00984374999996
30622;2020-05-16 00:00:00;05:00;2020-05-16 05:00:00;;;4.1;-6.1;163.17640624999999;2.0;242.00984374999996
30622;2020-05-16 00:00:00;02:00;2020-05-16 02:00:00;;;5.8;-6.6;163.17640624999999;2.0;242.00984374999996
30622;2020-05-15 00:00:00;23:00;2020-05-15 23:00:00;;;6.5;-6.5;75.31781249999999;1.0;78.83343749999999
30622;2020-05-15 00:00:00;20:00;2020-05-15 20:00:00;;0.0;8.1;-8.1;75.31781249999999;1.0;78.83343749999999
30622;2020-05-15 00:00:00;17:00;2020-05-15 17:00:00;;;9.8;-8.6;75.31781249999999;1.0;78.83343749999999
30622;2020-05-15 00:00:00;14:00;2020-05-15 14:00:00;;;9.5;-7.9;75.31781249999999;1.0;78.83343749999999
30622;2020-05-15 00:00:00;11:00;2020-05-15 11:00:00;;;6.8;-5.6;75.31781249999999;1.0;78.83343749999999
30622;2020-05-15 00:00:00;08:00;2020-05-15 08:00:00;;0.0;3.8;-4.7;75.31781249999999;1.0;78.83343749999999
30622;2020-05-15 00:00:00;05:00;2020-05-15 05:00:00;;;2.8;-3.8;75.31781249999999;1.0;78.83343749999999
30622;2020-05-15 00:00:00;02:00;2020-05-15 02:00:00;;;2.6;-1.5;75.31781249999999;1.0;78.83343749999999
30622;2020-05-14 00:00:00;23:00;2020-05-14 23:00:00;;;3.6;-2.2;3.5156249999999996;0.0;3.5156249999999996
30622;2020-05-14 00:00:00;20:00;2020-05-14 20:00:00;;3.0;4.1;-3.2;3.5156249999999996;0.0;3.5156249999999996
30622;2020-05-14 00:00:00;17:00;2020-05-14 17:00:00;;;4.4;-2.4;3.5156249999999996;0.0;3.5156249999999996
30622;2020-05-14 00:00:00;14:00;2020-05-14 14:00:00;;;2.0;-0.7;3.5156249999999996;0.0;3.5156249999999996
30622;2020-05-14 00:00:00;11:00;2020-05-14 11:00:00;;;0.1;-2.0;3.5156249999999996;0.0;3.5156249999999996
30622;2020-05-14 00:00:00;08:00;2020-05-14 08:00:00;;0.0;-0.8;-5.2;3.5156249999999996;0.0;3.5156249999999996
30622;2020-05-14 00:00:00;05:00;2020-05-14 05:00:00;;;-5.7;-8.2;3.5156249999999996;0.0;3.5156249999999996
30622;2020-05-14 00:00:00;02:00;2020-05-14 02:00:00;;;-1.7;-7.6;3.5156249999999996;0.0;3.5156249999999996
30622;2020-05-13 00:00:00;23:00;2020-05-13 23:00:00;;;-0.7;-7.2;118.83374999999998;65.0;2127.4734375
30622;2020-05-13 00:00:00;20:00;2020-05-13 20:00:00;;0.0;8.0;-10.1;118.83374999999998;65.0;2127.4734375
30622;2020-05-13 00:00:00;17:00;2020-05-13 17:00:00;;;10.4;-10.6;118.83374999999998;65.0;2127.4734375
30622;2020-05-13 00:00:00;14:00;2020-05-13 14:00:00;;;11.3;-7.4;118.83374999999998;65.0;2127.4734375
30622;2020-05-13 00:00:00;11:00;2020-05-13 11:00:00;;;15.9;2.5;118.83374999999998;65.0;2127.4734375
30622;2020-05-13 00:00:00;08:00;2020-05-13 08:00:00;;0.0;11.8;3.6;118.83374999999998;65.0;2127.4734375
30622;2020-05-13 00:00:00;05:00;2020-05-13 05:00:00;;;6.2;1.2;118.83374999999998;65.0;2127.4734375
30622;2020-05-13 00:00:00;02:00;2020-05-13 02:00:00;;;12.7;3.0;118.83374999999998;65.0;2127.4734375
30622;2020-12-05 00:00:00;23:00;2020-12-05 23:00:00;;;15.7;-0.9;234.56312499999999;24.0;-1113.6170312500003
30622;2020-12-05 00:00:00;20:00;2020-12-05 20:00:00;;0.0;20.1;-3.5;234.56312499999999;24.0;-1113.6170312500003
30622;2020-12-05 00:00:00;17:00;2020-12-05 17:00:00;;;23.4;-7.2;234.56312499999999;24.0;-1113.6170312500003
30622;2020-12-05 00:00:00;14:00;2020-12-05 14:00:00;;;23.4;-6.0;234.56312499999999;24.0;-1113.6170312500003
30622;2020-12-05 00:00:00;11:00;2020-12-05 11:00:00;;;15.4;-4.2;234.56312499999999;24.0;-1113.6170312500003
30622;2020-12-05 00:00:00;08:00;2020-12-05 08:00:00;;0.0;4.8;-3.8;234.56312499999999;24.0;-1113.6170312500003
30622;2020-12-05 00:00:00;05:00;2020-12-05 05:00:00;;;-0.5;-5.4;234.56312499999999;24.0;-1113.6170312500003
30622;2020-12-05 00:00:00;02:00;2020-12-05 02:00:00;;;2.9;-6.5;234.56312499999999;24.0;-1113.6170312500003
30622;2020-11-05 00:00:00;23:00;2020-11-05 23:00:00;;;7.3;-7.7;314.015625;39.0;475.4709374999999
30622;2020-11-05 00:00:00;20:00;2020-11-05 20:00:00;;0.0;17.3;-10.5;314.015625;39.0;475.4709374999999
30622;2020-11-05 00:00:00;17:00;2020-11-05 17:00:00;;;19.0;-11.4;314.015625;39.0;475.4709374999999
30622;2020-11-05 00:00:00;14:00;2020-11-05 14:00:00;;;17.4;-13.4;314.015625;39.0;475.4709374999999
30622;2020-11-05 00:00:00;11:00;2020-11-05 11:00:00;;;14.2;-14.4;314.015625;39.0;475.4709374999999
30622;2020-11-05 00:00:00;08:00;2020-11-05 08:00:00;;0.3;11.0;-9.4;314.015625;39.0;475.4709374999999
30622;2020-11-05 00:00:00;05:00;2020-11-05 05:00:00;;;5.6;-9.8;314.015625;39.0;475.4709374999999
30622;2020-11-05 00:00:00;02:00;2020-11-05 02:00:00;;;12.6;-11.5;314.015625;39.0;475.4709374999999
30622;2020-10-05 00:00:00;23:00;2020-10-05 23:00:00;;;16.5;4.0;111.24843750000001;8.0;127.87953124999997
30622;2020-10-05 00:00:00;20:00;2020-10-05 20:00:00;;0.0;16.6;5.8;111.24843750000001;8.0;127.87953124999997
30622;2020-10-05 00:00:00;17:00;2020-10-05 17:00:00;;;18.0;2.2;111.24843750000001;8.0;127.87953124999997
30622;2020-10-05 00:00:00;14:00;2020-10-05 14:00:00;;;12.9;4.1;111.24843750000001;8.0;127.87953124999997
30622;2020-10-05 00:00:00;11:00;2020-10-05 11:00:00;;;12.7;-0.5;111.24843750000001;8.0;127.87953124999997
30622;2020-10-05 00:00:00;08:00;2020-10-05 08:00:00;;0.0;7.5;-3.0;111.24843750000001;8.0;127.87953124999997
30622;2020-10-05 00:00:00;05:00;2020-10-05 05:00:00;;;2.6;-2.4;111.24843750000001;8.0;127.87953124999997
30622;2020-10-05 00:00:00;02:00;2020-10-05 02:00:00;;;1.1;-3.3;111.24843750000001;8.0;127.87953124999997
30622;2020-09-05 00:00:00;23:00;2020-09-05 23:00:00;;;3.2;-4.6;69.42;8.0;204.90046874999996
30622;2020-09-05 00:00:00;20:00;2020-09-05 20:00:00;;0.0;10.2;-4.9;69.42;8.0;204.90046874999996
30622;2020-09-05 00:00:00;17:00;2020-09-05 17:00:00;;;11.5;-5.8;69.42;8.0;204.90046874999996
30622;2020-09-05 00:00:00;14:00;2020-09-05 14:00:00;;;11.6;-6.3;69.42;8.0;204.90046874999996
30622;2020-09-05 00:00:00;11:00;2020-09-05 11:00:00;;;9.4;-7.5;69.42;8.0;204.90046874999996
30622;2020-09-05 00:00:00;08:00;2020-09-05 08:00:00;;0.0;2.8;-0.6;69.42;8.0;204.90046874999996
30622;2020-09-05 00:00:00;05:00;2020-09-05 05:00:00;;;1.7;-0.5;69.42;8.0;204.90046874999996
30622;2020-09-05 00:00:00;02:00;2020-09-05 02:00:00;;;3.0;0.4;69.42;8.0;204.90046874999996
30622;2020-08-05 00:00:00;23:00;2020-08-05 23:00:00;;;3.8;1.2;36.135;6.0;-16.495000000000005
30622;2020-08-05 00:00:00;20:00;2020-08-05 20:00:00;;0.7;4.7;1.4;36.135;6.0;-16.495000000000005
30622;2020-08-05 00:00:00;17:00;2020-08-05 17:00:00;;;9.0;3.0;36.135;6.0;-16.495000000000005
30622;2020-08-05 00:00:00;14:00;2020-08-05 14:00:00;;;8.7;3.1;36.135;6.0;-16.495000000000005
30622;2020-08-05 00:00:00;11:00;2020-08-05 11:00:00;;;11.0;-1.3;36.135;6.0;-16.495000000000005
30622;2020-08-05 00:00:00;08:00;2020-08-05 08:00:00;;0.0;6.8;1.9;36.135;6.0;-16.495000000000005
30622;2020-08-05 00:00:00;05:00;2020-08-05 05:00:00;;;2.5;-1.0;36.135;6.0;-16.495000000000005
30622;2020-08-05 00:00:00;02:00;2020-08-05 02:00:00;;;6.3;0.7;36.135;6.0;-16.495000000000005
30622;2020-07-05 00:00:00;23:00;2020-07-05 23:00:00;;;7.8;0.7;99.98124999999999;12.0;1313.2240625
30622;2020-07-05 00:00:00;20:00;2020-07-05 20:00:00;;0.0;11.3;-6.6;99.98124999999999;12.0;1313.2240625
30622;2020-07-05 00:00:00;17:00;2020-07-05 17:00:00;;;13.1;-8.6;99.98124999999999;12.0;1313.2240625
30622;2020-07-05 00:00:00;14:00;2020-07-05 14:00:00;;;13.2;-8.1;99.98124999999999;12.0;1313.2240625
30622;2020-07-05 00:00:00;11:00;2020-07-05 11:00:00;;;10.6;-4.9;99.98124999999999;12.0;1313.2240625
30622;2020-07-05 00:00:00;08:00;2020-07-05 08:00:00;;0.7;6.3;0.9;99.98124999999999;12.0;1313.2240625
30622;2020-07-05 00:00:00;05:00;2020-07-05 05:00:00;;;1.9;-0.1;99.98124999999999;12.0;1313.2240625
30622;2020-07-05 00:00:00;02:00;2020-07-05 02:00:00;;;3.8;0.6;99.98124999999999;12.0;1313.2240625
30622;2020-06-05 00:00:00;23:00;2020-06-05 23:00:00;;;4.8;-0.8;70.61390625;15.0;1843.55671875
30622;2020-06-05 00:00:00;20:00;2020-06-05 20:00:00;;0.0;6.3;-1.3;70.61390625;15.0;1843.55671875
30622;2020-06-05 00:00:00;17:00;2020-06-05 17:00:00;;;11.0;-7.5;70.61390625;15.0;1843.55671875
30622;2020-06-05 00:00:00;14:00;2020-06-05 14:00:00;;;10.3;-6.6;70.61390625;15.0;1843.55671875
30622;2020-06-05 00:00:00;11:00;2020-06-05 11:00:00;;;9.2;-5.0;70.61390625;15.0;1843.55671875
30622;2020-06-05 00:00:00;08:00;2020-06-05 08:00:00;;1.0;5.9;1.1;70.61390625;15.0;1843.55671875
30622;2020-06-05 00:00:00;05:00;2020-06-05 05:00:00;;;5.6;1.0;70.61390625;15.0;1843.55671875
30622;2020-06-05 00:00:00;02:00;2020-06-05 02:00:00;;;6.6;3.1;70.61390625;15.0;1843.55671875
30622;2020-05-05 00:00:00;23:00;2020-05-05 23:00:00;;;8.7;2.3;121.021875;57.0;1430.2934375000002
30622;2020-05-05 00:00:00;20:00;2020-05-05 20:00:00;;0.0;13.0;0.5;121.021875;57.0;1430.2934375000002
30622;2020-05-05 00:00:00;17:00;2020-05-05 17:00:00;;;15.9;0.4;121.021875;57.0;1430.2934375000002
30622;2020-05-05 00:00:00;14:00;2020-05-05 14:00:00;;;17.7;-5.0;121.021875;57.0;1430.2934375000002
30622;2020-05-05 00:00:00;11:00;2020-05-05 11:00:00;;;11.9;-4.9;121.021875;57.0;1430.2934375000002
30622;2020-05-05 00:00:00;08:00;2020-05-05 08:00:00;;0.0;5.5;-3.5;121.021875;57.0;1430.2934375000002
30622;2020-05-05 00:00:00;05:00;2020-05-05 05:00:00;;;-1.5;-4.9;121.021875;57.0;1430.2934375000002
30622;2020-05-05 00:00:00;02:00;2020-05-05 02:00:00;;;6.8;-6.2;121.021875;57.0;1430.2934375000002
30622;2020-04-05 00:00:00;23:00;2020-04-05 23:00:00;;;8.5;-3.0;100.546875;27.0;-570.6017187499999
30622;2020-04-05 00:00:00;20:00;2020-04-05 20:00:00;;0.0;14.8;-7.3;100.546875;27.0;-570.6017187499999
30622;2020-04-05 00:00:00;17:00;2020-04-05 17:00:00;;;17.1;-5.8;100.546875;27.0;-570.6017187499999
30622;2020-04-05 00:00:00;14:00;2020-04-05 14:00:00;;;15.3;-3.7;100.546875;27.0;-570.6017187499999
30622;2020-04-05 00:00:00;11:00;2020-04-05 11:00:00;;;11.3;-2.0;100.546875;27.0;-570.6017187499999
30622;2020-04-05 00:00:00;08:00;2020-04-05 08:00:00;;0.0;2.9;-2.2;100.546875;27.0;-570.6017187499999
30622;2020-04-05 00:00:00;05:00;2020-04-05 05:00:00;;;-3.0;-4.7;100.546875;27.0;-570.6017187499999
30622;2020-04-05 00:00:00;02:00;2020-04-05 02:00:00;;;-0.9;-2.8;100.546875;27.0;-570.6017187499999
30622;2020-03-05 00:00:00;23:00;2020-03-05 23:00:00;;;3.9;-1.5;79.096875;26.0;-1663.7873437499998
30622;2020-03-05 00:00:00;20:00;2020-03-05 20:00:00;;2.0;12.1;-3.7;79.096875;26.0;-1663.7873437499998
30622;2020-03-05 00:00:00;17:00;2020-03-05 17:00:00;;;13.4;-0.4;79.096875;26.0;-1663.7873437499998
30622;2020-03-05 00:00:00;14:00;2020-03-05 14:00:00;;;13.4;-2.3;79.096875;26.0;-1663.7873437499998
30622;2020-03-05 00:00:00;11:00;2020-03-05 11:00:00;;;11.2;2.8;79.096875;26.0;-1663.7873437499998
30622;2020-03-05 00:00:00;08:00;2020-03-05 08:00:00;;1.0;6.3;3.2;79.096875;26.0;-1663.7873437499998
30622;2020-03-05 00:00:00;05:00;2020-03-05 05:00:00;;;4.4;2.6;79.096875;26.0;-1663.7873437499998
30622;2020-03-05 00:00:00;02:00;2020-03-05 02:00:00;;;6.8;0.0;79.096875;26.0;-1663.7873437499998
30622;2020-02-05 00:00:00;23:00;2020-02-05 23:00:00;;;6.8;-0.3;69.834375;28.0;-2399.5272193877554
30622;2020-02-05 00:00:00;20:00;2020-02-05 20:00:00;;0.0;10.2;-1.0;69.834375;28.0;-2399.5272193877554
30622;2020-02-05 00:00:00;17:00;2020-02-05 17:00:00;;;13.1;-3.3;69.834375;28.0;-2399.5272193877554
30622;2020-02-05 00:00:00;14:00;2020-02-05 14:00:00;;;10.3;-2.8;69.834375;28.0;-2399.5272193877554
30622;2020-02-05 00:00:00;11:00;2020-02-05 11:00:00;;;4.8;-3.1;69.834375;28.0;-2399.5272193877554
30622;2020-02-05 00:00:00;08:00;2020-02-05 08:00:00;;0.0;2.6;-1.7;69.834375;28.0;-2399.5272193877554
30622;2020-02-05 00:00:00;05:00;2020-02-05 05:00:00;;;3.3;-4.3;69.834375;28.0;-2399.5272193877554
30622;2020-02-05 00:00:00;02:00;2020-02-05 02:00:00;;;6.2;-4.2;69.834375;28.0;-2399.5272193877554
30622;2020-01-05 00:00:00;23:00;2020-01-05 23:00:00;;;6.2;-4.2;160.60593749999998;2.0;138.985625
30622;2020-01-05 00:00:00;20:00;2020-01-05 20:00:00;;0.0;10.9;1.1;160.60593749999998;2.0;138.985625
30622;2020-01-05 00:00:00;17:00;2020-01-05 17:00:00;;;19.3;-5.4;160.60593749999998;2.0;138.985625
30622;2020-01-05 00:00:00;14:00;2020-01-05 14:00:00;;;18.3;-3.1;160.60593749999998;2.0;138.985625
30622;2020-01-05 00:00:00;11:00;2020-01-05 11:00:00;;;14.8;-0.6;160.60593749999998;2.0;138.985625
30622;2020-01-05 00:00:00;08:00;2020-01-05 08:00:00;;0.0;10.0;1.5;160.60593749999998;2.0;138.985625
30622;2020-01-05 00:00:00;05:00;2020-01-05 05:00:00;;;7.2;0.6;160.60593749999998;2.0;138.985625
30622;2020-01-05 00:00:00;02:00;2020-01-05 02:00:00;;;11.1;2.8;160.60593749999998;2.0;138.985625
30622;2020-04-30 00:00:00;23:00;2020-04-30 23:00:00;;;13.2;2.1;225.17218750000004;52.0;1493.31421875
30622;2020-04-30 00:00:00;20:00;2020-04-30 20:00:00;;0.0;18.8;0.2;225.17218750000004;52.0;1493.31421875
30622;2020-04-30 00:00:00;17:00;2020-04-30 17:00:00;;;22.0;4.1;225.17218750000004;52.0;1493.31421875
30622;2020-04-30 00:00:00;14:00;2020-04-30 14:00:00;;;23.9;1.6;225.17218750000004;52.0;1493.31421875
30622;2020-04-30 00:00:00;11:00;2020-04-30 11:00:00;;;22.6;5.1;225.17218750000004;52.0;1493.31421875
30622;2020-04-30 00:00:00;08:00;2020-04-30 08:00:00;;0.0;10.9;2.0;225.17218750000004;52.0;1493.31421875
30622;2020-04-30 00:00:00;05:00;2020-04-30 05:00:00;;;7.7;0.4;225.17218750000004;52.0;1493.31421875
30622;2020-04-30 00:00:00;02:00;2020-04-30 02:00:00;;;9.8;1.6;225.17218750000004;52.0;1493.31421875
30622;2020-04-29 00:00:00;23:00;2020-04-29 23:00:00;;;12.0;-1.4;193.53125;51.0;1268.14203125
30622;2020-04-29 00:00:00;20:00;2020-04-29 20:00:00;;0.0;18.5;-2.9;193.53125;51.0;1268.14203125
30622;2020-04-29 00:00:00;17:00;2020-04-29 17:00:00;;;23.0;-4.9;193.53125;51.0;1268.14203125
30622;2020-04-29 00:00:00;14:00;2020-04-29 14:00:00;;;22.3;-5.0;193.53125;51.0;1268.14203125
30622;2020-04-29 00:00:00;11:00;2020-04-29 11:00:00;;;15.1;4.1;193.53125;51.0;1268.14203125
30622;2020-04-29 00:00:00;08:00;2020-04-29 08:00:00;;0.0;6.8;2.6;193.53125;51.0;1268.14203125
30622;2020-04-29 00:00:00;05:00;2020-04-29 05:00:00;;;4.8;2.0;193.53125;51.0;1268.14203125
30622;2020-04-29 00:00:00;02:00;2020-04-29 02:00:00;;;7.5;2.9;193.53125;51.0;1268.14203125
30622;2020-04-28 00:00:00;23:00;2020-04-28 23:00:00;;;9.9;3.2;114.13687499999997;50.0;1074.61078125
30622;2020-04-28 00:00:00;20:00;2020-04-28 20:00:00;;0.0;15.4;1.6;114.13687499999997;50.0;1074.61078125
30622;2020-04-28 00:00:00;17:00;2020-04-28 17:00:00;;;19.9;-8.2;114.13687499999997;50.0;1074.61078125
30622;2020-04-28 00:00:00;14:00;2020-04-28 14:00:00;;;19.2;-9.4;114.13687499999997;50.0;1074.61078125
30622;2020-04-28 00:00:00;11:00;2020-04-28 11:00:00;;;13.2;3.1;114.13687499999997;50.0;1074.61078125
30622;2020-04-28 00:00:00;08:00;2020-04-28 08:00:00;;0.0;2.2;-0.2;114.13687499999997;50.0;1074.61078125
30622;2020-04-28 00:00:00;05:00;2020-04-28 05:00:00;;;-2.1;-3.4;114.13687499999997;50.0;1074.61078125
30622;2020-04-28 00:00:00;02:00;2020-04-28 02:00:00;;;1.1;-0.6;114.13687499999997;50.0;1074.61078125
30622;2020-04-27 00:00:00;23:00;2020-04-27 23:00:00;;;6.1;0.9;113.875;49.0;960.4739062499999
30622;2020-04-27 00:00:00;20:00;2020-04-27 20:00:00;;0.0;11.8;2.4;113.875;49.0;960.4739062499999
30622;2020-04-27 00:00:00;17:00;2020-04-27 17:00:00;;;14.9;2.0;113.875;49.0;960.4739062499999
30622;2020-04-27 00:00:00;14:00;2020-04-27 14:00:00;;;14.0;0.9;113.875;49.0;960.4739062499999
30622;2020-04-27 00:00:00;11:00;2020-04-27 11:00:00;;;13.5;1.3;113.875;49.0;960.4739062499999
30622;2020-04-27 00:00:00;08:00;2020-04-27 08:00:00;;0.0;11.7;0.7;113.875;49.0;960.4739062499999
30622;2020-04-27 00:00:00;05:00;2020-04-27 05:00:00;;;6.7;1.6;113.875;49.0;960.4739062499999
30622;2020-04-27 00:00:00;02:00;2020-04-27 02:00:00;;;12.4;1.3;113.875;49.0;960.4739062499999
30622;2020-04-26 00:00:00;23:00;2020-04-26 23:00:00;;;12.5;5.7;177.01375;48.0;846.5989062499999
30622;2020-04-26 00:00:00;20:00;2020-04-26 20:00:00;;0.0;17.2;6.8;177.01375;48.0;846.5989062499999
30622;2020-04-26 00:00:00;17:00;2020-04-26 17:00:00;;;26.3;-1.4;177.01375;48.0;846.5989062499999
30622;2020-04-26 00:00:00;14:00;2020-04-26 14:00:00;;;26.1;-1.4;177.01375;48.0;846.5989062499999
30622;2020-04-26 00:00:00;11:00;2020-04-26 11:00:00;;;15.4;-3.6;177.01375;48.0;846.5989062499999
30622;2020-04-26 00:00:00;08:00;2020-04-26 08:00:00;;0.0;4.3;-1.9;177.01375;48.0;846.5989062499999
30622;2020-04-26 00:00:00;05:00;2020-04-26 05:00:00;;;0.6;-4.1;177.01375;48.0;846.5989062499999
30622;2020-04-26 00:00:00;02:00;2020-04-26 02:00:00;;;2.4;-3.4;177.01375;48.0;846.5989062499999
30622;2020-04-25 00:00:00;23:00;2020-04-25 23:00:00;;;7.5;-2.5;117.14656249999999;47.0;669.58515625
30622;2020-04-25 00:00:00;20:00;2020-04-25 20:00:00;;0.0;15.9;-3.7;117.14656249999999;47.0;669.58515625
30622;2020-04-25 00:00:00;17:00;2020-04-25 17:00:00;;;18.4;-8.4;117.14656249999999;47.0;669.58515625
30622;2020-04-25 00:00:00;14:00;2020-04-25 14:00:00;;;12.9;-8.2;117.14656249999999;47.0;669.58515625
30622;2020-04-25 00:00:00;11:00;2020-04-25 11:00:00;;;6.9;-7.6;117.14656249999999;47.0;669.58515625
30622;2020-04-25 00:00:00;08:00;2020-04-25 08:00:00;;0.0;2.0;-6.4;117.14656249999999;47.0;669.58515625
30622;2020-04-25 00:00:00;05:00;2020-04-25 05:00:00;;;-0.7;-7.1;117.14656249999999;47.0;669.58515625
30622;2020-04-25 00:00:00;02:00;2020-04-25 02:00:00;;;1.4;-8.4;117.14656249999999;47.0;669.58515625
30622;2020-04-24 00:00:00;23:00;2020-04-24 23:00:00;;;4.6;-10.1;189.20562499999997;46.0;552.43859375
30622;2020-04-24 00:00:00;20:00;2020-04-24 20:00:00;;0.0;16.7;-11.8;189.20562499999997;46.0;552.43859375
30622;2020-04-24 00:00:00;17:00;2020-04-24 17:00:00;;;19.4;-12.3;189.20562499999997;46.0;552.43859375
30622;2020-04-24 00:00:00;14:00;2020-04-24 14:00:00;;;15.9;-11.7;189.20562499999997;46.0;552.43859375
30622;2020-04-24 00:00:00;11:00;2020-04-24 11:00:00;;;11.1;-10.0;189.20562499999997;46.0;552.43859375
30622;2020-04-24 00:00:00;08:00;2020-04-24 08:00:00;;0.0;3.5;-11.3;189.20562499999997;46.0;552.43859375
30622;2020-04-24 00:00:00;05:00;2020-04-24 05:00:00;;;-2.6;-11.8;189.20562499999997;46.0;552.43859375
30622;2020-04-24 00:00:00;02:00;2020-04-24 02:00:00;;;4.7;-12.9;189.20562499999997;46.0;552.43859375
30622;2020-04-23 00:00:00;23:00;2020-04-23 23:00:00;;;11.5;-15.5;227.39406250000005;45.0;363.23296875000005
30622;2020-04-23 00:00:00;20:00;2020-04-23 20:00:00;;0.0;17.7;-15.5;227.39406250000005;45.0;363.23296875000005
30622;2020-04-23 00:00:00;17:00;2020-04-23 17:00:00;;;20.7;-11.3;227.39406250000005;45.0;363.23296875000005
30622;2020-04-23 00:00:00;14:00;2020-04-23 14:00:00;;;20.8;-10.8;227.39406250000005;45.0;363.23296875000005
30622;2020-04-23 00:00:00;11:00;2020-04-23 11:00:00;;;11.2;-13.1;227.39406250000005;45.0;363.23296875000005
30622;2020-04-23 00:00:00;08:00;2020-04-23 08:00:00;;0.0;0.8;-13.4;227.39406250000005;45.0;363.23296875000005
30622;2020-04-23 00:00:00;05:00;2020-04-23 05:00:00;;;-1.8;-12.1;227.39406250000005;45.0;363.23296875000005
30622;2020-04-23 00:00:00;02:00;2020-04-23 02:00:00;;;-1.2;-11.2;227.39406250000005;45.0;363.23296875000005
30622;2020-04-22 00:00:00;23:00;2020-04-22 23:00:00;;;4.3;-16.1;43.4484375;44.0;135.83890624999998
30622;2020-04-22 00:00:00;20:00;2020-04-22 20:00:00;;0.0;8.8;-14.0;43.4484375;44.0;135.83890624999998
30622;2020-04-22 00:00:00;17:00;2020-04-22 17:00:00;;;13.7;-16.8;43.4484375;44.0;135.83890624999998
30622;2020-04-22 00:00:00;14:00;2020-04-22 14:00:00;;;10.6;-16.4;43.4484375;44.0;135.83890624999998
30622;2020-04-22 00:00:00;11:00;2020-04-22 11:00:00;;;4.4;-16.2;43.4484375;44.0;135.83890624999998
30622;2020-04-22 00:00:00;08:00;2020-04-22 08:00:00;;0.0;-5.4;-12.9;43.4484375;44.0;135.83890624999998
30622;2020-04-22 00:00:00;05:00;2020-04-22 05:00:00;;;-9.9;-15.4;43.4484375;44.0;135.83890624999998
30622;2020-04-22 00:00:00;02:00;2020-04-22 02:00:00;;;-7.0;-15.3;43.4484375;44.0;135.83890624999998
30622;2020-04-21 00:00:00;23:00;2020-04-21 23:00:00;;;-4.6;-14.9;-1.12890625;43.0;92.39046875
30622;2020-04-21 00:00:00;20:00;2020-04-21 20:00:00;;0.0;6.1;-19.6;-1.12890625;43.0;92.39046875
30622;2020-04-21 00:00:00;17:00;2020-04-21 17:00:00;;;8.4;-19.6;-1.12890625;43.0;92.39046875
30622;2020-04-21 00:00:00;14:00;2020-04-21 14:00:00;;;7.3;-20.3;-1.12890625;43.0;92.39046875
30622;2020-04-21 00:00:00;11:00;2020-04-21 11:00:00;;;3.3;-18.3;-1.12890625;43.0;92.39046875
30622;2020-04-21 00:00:00;08:00;2020-04-21 08:00:00;;0.0;-5.7;-17.7;-1.12890625;43.0;92.39046875
30622;2020-04-21 00:00:00;05:00;2020-04-21 05:00:00;;;-6.5;-18.6;-1.12890625;43.0;92.39046875
30622;2020-04-21 00:00:00;02:00;2020-04-21 02:00:00;;;-8.8;-16.0;-1.12890625;43.0;92.39046875
30622;2020-04-20 00:00:00;23:00;2020-04-20 23:00:00;;;-2.0;-20.6;-32.615625;42.0;93.519375
30622;2020-04-20 00:00:00;20:00;2020-04-20 20:00:00;;0.0;2.4;-22.7;-32.615625;42.0;93.519375
30622;2020-04-20 00:00:00;17:00;2020-04-20 17:00:00;;;4.7;-23.0;-32.615625;42.0;93.519375
30622;2020-04-20 00:00:00;14:00;2020-04-20 14:00:00;;;3.2;-22.3;-32.615625;42.0;93.519375
30622;2020-04-20 00:00:00;11:00;2020-04-20 11:00:00;;;-0.2;-20.7;-32.615625;42.0;93.519375
30622;2020-04-20 00:00:00;08:00;2020-04-20 08:00:00;;0.0;-5.5;-17.3;-32.615625;42.0;93.519375
30622;2020-04-20 00:00:00;05:00;2020-04-20 05:00:00;;;-8.8;-18.5;-32.615625;42.0;93.519375
30622;2020-04-20 00:00:00;02:00;2020-04-20 02:00:00;;;-7.8;-18.0;-32.615625;42.0;93.519375
30622;2020-04-19 00:00:00;23:00;2020-04-19 23:00:00;;;-2.9;-18.9;-8.657031250000001;41.0;126.135
30622;2020-04-19 00:00:00;20:00;2020-04-19 20:00:00;;0.0;0.2;-21.2;-8.657031250000001;41.0;126.135
30622;2020-04-19 00:00:00;17:00;2020-04-19 17:00:00;;;2.3;-22.5;-8.657031250000001;41.0;126.135
30622;2020-04-19 00:00:00;14:00;2020-04-19 14:00:00;;;2.6;-22.2;-8.657031250000001;41.0;126.135
30622;2020-04-19 00:00:00;11:00;2020-04-19 11:00:00;;;0.2;-22.0;-8.657031250000001;41.0;126.135
30622;2020-04-19 00:00:00;08:00;2020-04-19 08:00:00;;0.0;-2.7;-20.3;-8.657031250000001;41.0;126.135
30622;2020-04-19 00:00:00;05:00;2020-04-19 05:00:00;;;-3.0;-18.5;-8.657031250000001;41.0;126.135
30622;2020-04-19 00:00:00;02:00;2020-04-19 02:00:00;;;-0.2;-16.2;-8.657031250000001;41.0;126.135
30622;2020-04-18 00:00:00;23:00;2020-04-18 23:00:00;;;2.3;-12.8;29.63125;40.0;134.79203125
30622;2020-04-18 00:00:00;20:00;2020-04-18 20:00:00;;0.0;5.5;-14.2;29.63125;40.0;134.79203125
30622;2020-04-18 00:00:00;17:00;2020-04-18 17:00:00;;;8.4;-16.7;29.63125;40.0;134.79203125
30622;2020-04-18 00:00:00;14:00;2020-04-18 14:00:00;;;4.1;-5.1;29.63125;40.0;134.79203125
30622;2020-04-18 00:00:00;11:00;2020-04-18 11:00:00;;;4.5;-4.8;29.63125;40.0;134.79203125
30622;2020-04-18 00:00:00;08:00;2020-04-18 08:00:00;;0.0;-0.5;-4.0;29.63125;40.0;134.79203125
30622;2020-04-18 00:00:00;05:00;2020-04-18 05:00:00;;;-2.3;-4.3;29.63125;40.0;134.79203125
30622;2020-04-18 00:00:00;02:00;2020-04-18 02:00:00;;;0.0;-2.3;29.63125;40.0;134.79203125
30622;2020-04-17 00:00:00;23:00;2020-04-17 23:00:00;;;1.2;-1.4;26.505;39.0;105.16078125000001
30622;2020-04-17 00:00:00;20:00;2020-04-17 20:00:00;;0.6;6.3;1.4;26.505;39.0;105.16078125000001
30622;2020-04-17 00:00:00;17:00;2020-04-17 17:00:00;;;8.1;2.6;26.505;39.0;105.16078125000001
30622;2020-04-17 00:00:00;14:00;2020-04-17 14:00:00;;;13.7;-4.2;26.505;39.0;105.16078125000001
30622;2020-04-17 00:00:00;11:00;2020-04-17 11:00:00;;;5.5;-7.5;26.505;39.0;105.16078125000001
30622;2020-04-17 00:00:00;08:00;2020-04-17 08:00:00;;0.0;-0.8;-6.6;26.505;39.0;105.16078125000001
30622;2020-04-17 00:00:00;05:00;2020-04-17 05:00:00;;;-3.9;-8.4;26.505;39.0;105.16078125000001
30622;2020-04-17 00:00:00;02:00;2020-04-17 02:00:00;;;-2.2;-8.8;26.505;39.0;105.16078125000001
30622;2020-04-16 00:00:00;23:00;2020-04-16 23:00:00;;;4.7;-9.9;92.2925;38.0;78.65578125000002
30622;2020-04-16 00:00:00;20:00;2020-04-16 20:00:00;;0.0;12.3;-12.5;92.2925;38.0;78.65578125000002
30622;2020-04-16 00:00:00;17:00;2020-04-16 17:00:00;;;17.0;-13.8;92.2925;38.0;78.65578125000002
30622;2020-04-16 00:00:00;14:00;2020-04-16 14:00:00;;;15.7;-12.9;92.2925;38.0;78.65578125000002
30622;2020-04-16 00:00:00;11:00;2020-04-16 11:00:00;;;7.4;-8.1;92.2925;38.0;78.65578125000002
30622;2020-04-16 00:00:00;08:00;2020-04-16 08:00:00;;0.0;-2.0;-7.1;92.2925;38.0;78.65578125000002
30622;2020-04-16 00:00:00;05:00;2020-04-16 05:00:00;;;-5.6;-9.2;92.2925;38.0;78.65578125000002
30622;2020-04-16 00:00:00;02:00;2020-04-16 02:00:00;;;-3.1;-7.4;92.2925;38.0;78.65578125000002
30622;2020-04-15 00:00:00;23:00;2020-04-15 23:00:00;;;1.2;-8.3;47.334374999999994;37.0;-13.636718749999979
30622;2020-04-15 00:00:00;20:00;2020-04-15 20:00:00;;0.0;9.6;-8.6;47.334374999999994;37.0;-13.636718749999979
30622;2020-04-15 00:00:00;17:00;2020-04-15 17:00:00;;;14.2;-12.1;47.334374999999994;37.0;-13.636718749999979
30622;2020-04-15 00:00:00;14:00;2020-04-15 14:00:00;;;12.9;-12.4;47.334374999999994;37.0;-13.636718749999979
30622;2020-04-15 00:00:00;11:00;2020-04-15 11:00:00;;;6.1;-5.5;47.334374999999994;37.0;-13.636718749999979
30622;2020-04-15 00:00:00;08:00;2020-04-15 08:00:00;;0.0;-3.1;-5.9;47.334374999999994;37.0;-13.636718749999979
30622;2020-04-15 00:00:00;05:00;2020-04-15 05:00:00;;;-6.2;-8.1;47.334374999999994;37.0;-13.636718749999979
30622;2020-04-15 00:00:00;02:00;2020-04-15 02:00:00;;;-4.1;-7.5;47.334374999999994;37.0;-13.636718749999979
30622;2020-04-14 00:00:00;23:00;2020-04-14 23:00:00;;;-0.8;-6.0;26.8734375;36.0;-60.97109374999997
30622;2020-04-14 00:00:00;20:00;2020-04-14 20:00:00;;0.0;7.7;-6.6;26.8734375;36.0;-60.97109374999997
30622;2020-04-14 00:00:00;17:00;2020-04-14 17:00:00;;;10.4;-7.5;26.8734375;36.0;-60.97109374999997
30622;2020-04-14 00:00:00;14:00;2020-04-14 14:00:00;;;8.9;-6.1;26.8734375;36.0;-60.97109374999997
30622;2020-04-14 00:00:00;11:00;2020-04-14 11:00:00;;;4.5;-2.8;26.8734375;36.0;-60.97109374999997
30622;2020-04-14 00:00:00;08:00;2020-04-14 08:00:00;;0.0;-2.8;-5.2;26.8734375;36.0;-60.97109374999997
30622;2020-04-14 00:00:00;05:00;2020-04-14 05:00:00;;;-4.0;-6.4;26.8734375;36.0;-60.97109374999997
30622;2020-04-14 00:00:00;02:00;2020-04-14 02:00:00;;;0.6;-5.1;26.8734375;36.0;-60.97109374999997
30622;2020-04-13 00:00:00;23:00;2020-04-13 23:00:00;;;3.5;-5.5;17.956875;35.0;-87.84453124999997
30622;2020-04-13 00:00:00;20:00;2020-04-13 20:00:00;;0.0;4.7;-7.6;17.956875;35.0;-87.84453124999997
30622;2020-04-13 00:00:00;17:00;2020-04-13 17:00:00;;;6.1;-8.8;17.956875;35.0;-87.84453124999997
30622;2020-04-13 00:00:00;14:00;2020-04-13 14:00:00;;;4.9;-6.9;17.956875;35.0;-87.84453124999997
30622;2020-04-13 00:00:00;11:00;2020-04-13 11:00:00;;;2.6;-6.2;17.956875;35.0;-87.84453124999997
30622;2020-04-13 00:00:00;08:00;2020-04-13 08:00:00;;0.0;-1.7;-7.1;17.956875;35.0;-87.84453124999997
30622;2020-04-13 00:00:00;05:00;2020-04-13 05:00:00;;;-2.7;-7.5;17.956875;35.0;-87.84453124999997
30622;2020-04-13 00:00:00;02:00;2020-04-13 02:00:00;;;-1.7;-7.9;17.956875;35.0;-87.84453124999997
30622;2020-12-04 00:00:00;23:00;2020-12-04 23:00:00;;;-0.1;-8.5;27.214687499999993;23.0;-1348.1801562500002
30622;2020-12-04 00:00:00;20:00;2020-12-04 20:00:00;;0.0;3.8;-4.7;27.214687499999993;23.0;-1348.1801562500002
30622;2020-12-04 00:00:00;17:00;2020-12-04 17:00:00;;;5.1;-3.6;27.214687499999993;23.0;-1348.1801562500002
30622;2020-12-04 00:00:00;14:00;2020-12-04 14:00:00;;;5.0;-1.4;27.214687499999993;23.0;-1348.1801562500002
30622;2020-12-04 00:00:00;11:00;2020-12-04 11:00:00;;;3.4;-1.4;27.214687499999993;23.0;-1348.1801562500002
30622;2020-12-04 00:00:00;08:00;2020-12-04 08:00:00;;0.0;2.6;-2.0;27.214687499999993;23.0;-1348.1801562500002
30622;2020-12-04 00:00:00;05:00;2020-12-04 05:00:00;;;3.3;-5.2;27.214687499999993;23.0;-1348.1801562500002
30622;2020-12-04 00:00:00;02:00;2020-12-04 02:00:00;;;5.5;-5.5;27.214687499999993;23.0;-1348.1801562500002
30622;2020-11-04 00:00:00;23:00;2020-11-04 23:00:00;;;8.1;-3.9;103.41718750000001;38.0;161.45531249999988
30622;2020-11-04 00:00:00;20:00;2020-11-04 20:00:00;;0.0;11.8;-3.4;103.41718750000001;38.0;161.45531249999988
30622;2020-11-04 00:00:00;17:00;2020-11-04 17:00:00;;;17.0;-5.1;103.41718750000001;38.0;161.45531249999988
30622;2020-11-04 00:00:00;14:00;2020-11-04 14:00:00;;;18.1;-9.7;103.41718750000001;38.0;161.45531249999988
30622;2020-11-04 00:00:00;11:00;2020-11-04 11:00:00;;;10.3;-6.8;103.41718750000001;38.0;161.45531249999988
30622;2020-11-04 00:00:00;08:00;2020-11-04 08:00:00;;0.0;-0.1;-6.0;103.41718750000001;38.0;161.45531249999988
30622;2020-11-04 00:00:00;05:00;2020-11-04 05:00:00;;;-4.1;-7.4;103.41718750000001;38.0;161.45531249999988
30622;2020-11-04 00:00:00;02:00;2020-11-04 02:00:00;;;-0.6;-6.6;103.41718750000001;38.0;161.45531249999988
30622;2020-10-04 00:00:00;23:00;2020-10-04 23:00:00;;;4.6;-7.6;104.1925;7.0;16.631093749999962
30622;2020-10-04 00:00:00;20:00;2020-10-04 20:00:00;;0.0;12.4;-7.7;104.1925;7.0;16.631093749999962
30622;2020-10-04 00:00:00;17:00;2020-10-04 17:00:00;;;19.5;-9.2;104.1925;7.0;16.631093749999962
30622;2020-10-04 00:00:00;14:00;2020-10-04 14:00:00;;;18.9;-8.4;104.1925;7.0;16.631093749999962
30622;2020-10-04 00:00:00;11:00;2020-10-04 11:00:00;;;8.9;-6.1;104.1925;7.0;16.631093749999962
30622;2020-10-04 00:00:00;08:00;2020-10-04 08:00:00;;0.0;-0.4;-6.2;104.1925;7.0;16.631093749999962
30622;2020-10-04 00:00:00;05:00;2020-10-04 05:00:00;;;-4.9;-8.5;104.1925;7.0;16.631093749999962
30622;2020-10-04 00:00:00;02:00;2020-10-04 02:00:00;;;-2.2;-6.9;104.1925;7.0;16.631093749999962
30622;2020-09-04 00:00:00;23:00;2020-09-04 23:00:00;;;5.0;-8.9;79.09031249999998;7.0;135.48046874999997
30622;2020-09-04 00:00:00;20:00;2020-09-04 20:00:00;;0.0;10.3;-7.5;79.09031249999998;7.0;135.48046874999997
30622;2020-09-04 00:00:00;17:00;2020-09-04 17:00:00;;;17.4;-10.3;79.09031249999998;7.0;135.48046874999997
30622;2020-09-04 00:00:00;14:00;2020-09-04 14:00:00;;;16.9;-10.1;79.09031249999998;7.0;135.48046874999997
30622;2020-09-04 00:00:00;11:00;2020-09-04 11:00:00;;;7.9;-5.7;79.09031249999998;7.0;135.48046874999997
30622;2020-09-04 00:00:00;08:00;2020-09-04 08:00:00;;0.0;-3.1;-6.1;79.09031249999998;7.0;135.48046874999997
30622;2020-09-04 00:00:00;05:00;2020-09-04 05:00:00;;;-5.2;-7.7;79.09031249999998;7.0;135.48046874999997
30622;2020-09-04 00:00:00;02:00;2020-09-04 02:00:00;;;-3.1;-7.4;79.09031249999998;7.0;135.48046874999997
30622;2020-08-04 00:00:00;23:00;2020-08-04 23:00:00;;;0.2;-6.7;50.467968750000004;5.0;-52.63
30622;2020-08-04 00:00:00;20:00;2020-08-04 20:00:00;;0.0;10.2;-9.3;50.467968750000004;5.0;-52.63
30622;2020-08-04 00:00:00;17:00;2020-08-04 17:00:00;;;15.9;-11.4;50.467968750000004;5.0;-52.63
30622;2020-08-04 00:00:00;14:00;2020-08-04 14:00:00;;;14.2;-10.0;50.467968750000004;5.0;-52.63
30622;2020-08-04 00:00:00;11:00;2020-08-04 11:00:00;;;5.9;-10.2;50.467968750000004;5.0;-52.63
30622;2020-08-04 00:00:00;08:00;2020-08-04 08:00:00;;0.0;-3.4;-8.5;50.467968750000004;5.0;-52.63
30622;2020-08-04 00:00:00;05:00;2020-08-04 05:00:00;;;-7.1;-10.1;50.467968750000004;5.0;-52.63
30622;2020-08-04 00:00:00;02:00;2020-08-04 02:00:00;;;-5.4;-9.2;50.467968750000004;5.0;-52.63
30622;2020-07-04 00:00:00;23:00;2020-07-04 23:00:00;;;-1.1;-8.7;32.1790625;11.0;1213.2428125
30622;2020-07-04 00:00:00;20:00;2020-07-04 20:00:00;;0.0;6.5;-13.4;32.1790625;11.0;1213.2428125
30622;2020-07-04 00:00:00;17:00;2020-07-04 17:00:00;;;12.9;-16.7;32.1790625;11.0;1213.2428125
30622;2020-07-04 00:00:00;14:00;2020-07-04 14:00:00;;;12.9;-16.3;32.1790625;11.0;1213.2428125
30622;2020-07-04 00:00:00;11:00;2020-07-04 11:00:00;;;5.3;-10.6;32.1790625;11.0;1213.2428125
30622;2020-07-04 00:00:00;08:00;2020-07-04 08:00:00;;0.0;-4.3;-10.2;32.1790625;11.0;1213.2428125
30622;2020-07-04 00:00:00;05:00;2020-07-04 05:00:00;;;-8.2;-11.2;32.1790625;11.0;1213.2428125
30622;2020-07-04 00:00:00;02:00;2020-07-04 02:00:00;;;-6.2;-10.8;32.1790625;11.0;1213.2428125
30622;2020-06-04 00:00:00;23:00;2020-06-04 23:00:00;;;-1.8;-12.6;3.7571875000000037;14.0;1772.9428125000002
30622;2020-06-04 00:00:00;20:00;2020-06-04 20:00:00;;0.0;5.2;-17.5;3.7571875000000037;14.0;1772.9428125000002
30622;2020-06-04 00:00:00;17:00;2020-06-04 17:00:00;;;10.3;-18.1;3.7571875000000037;14.0;1772.9428125000002
30622;2020-06-04 00:00:00;14:00;2020-06-04 14:00:00;;;8.3;-14.8;3.7571875000000037;14.0;1772.9428125000002
30622;2020-06-04 00:00:00;11:00;2020-06-04 11:00:00;;;2.3;-11.3;3.7571875000000037;14.0;1772.9428125000002
30622;2020-06-04 00:00:00;08:00;2020-06-04 08:00:00;;0.0;-6.2;-11.0;3.7571875000000037;14.0;1772.9428125000002
30622;2020-06-04 00:00:00;05:00;2020-06-04 05:00:00;;;-9.1;-11.6;3.7571875000000037;14.0;1772.9428125000002
30622;2020-06-04 00:00:00;02:00;2020-06-04 02:00:00;;;-6.8;-10.2;3.7571875000000037;14.0;1772.9428125000002
30622;2020-05-04 00:00:00;23:00;2020-05-04 23:00:00;;;-3.3;-11.2;26.7425;56.0;1309.2715625000003
30622;2020-05-04 00:00:00;20:00;2020-05-04 20:00:00;;0.0;3.3;-16.7;26.7425;56.0;1309.2715625000003
30622;2020-05-04 00:00:00;17:00;2020-05-04 17:00:00;;;7.1;-16.6;26.7425;56.0;1309.2715625000003
30622;2020-05-04 00:00:00;14:00;2020-05-04 14:00:00;;;5.8;-14.7;26.7425;56.0;1309.2715625000003
30622;2020-05-04 00:00:00;11:00;2020-05-04 11:00:00;;;3.4;-14.1;26.7425;56.0;1309.2715625000003
30622;2020-05-04 00:00:00;08:00;2020-05-04 08:00:00;;0.0;-0.8;-8.6;26.7425;56.0;1309.2715625000003
30622;2020-05-04 00:00:00;05:00;2020-05-04 05:00:00;;;-1.0;-8.9;26.7425;56.0;1309.2715625000003
30622;2020-05-04 00:00:00;02:00;2020-05-04 02:00:00;;;0.7;-6.6;26.7425;56.0;1309.2715625000003
30622;2020-04-04 00:00:00;23:00;2020-04-04 23:00:00;;;1.7;-4.4;33.158125000000005;26.0;-671.1485937499999
30622;2020-04-04 00:00:00;20:00;2020-04-04 20:00:00;;0.0;7.2;-3.4;33.158125000000005;26.0;-671.1485937499999
30622;2020-04-04 00:00:00;17:00;2020-04-04 17:00:00;;;13.1;-2.1;33.158125000000005;26.0;-671.1485937499999
30622;2020-04-04 00:00:00;14:00;2020-04-04 14:00:00;;;16.1;-3.7;33.158125000000005;26.0;-671.1485937499999
30622;2020-04-04 00:00:00;11:00;2020-04-04 11:00:00;;;4.2;-5.6;33.158125000000005;26.0;-671.1485937499999
30622;2020-04-04 00:00:00;08:00;2020-04-04 08:00:00;;0.0;-3.3;-5.4;33.158125000000005;26.0;-671.1485937499999
30622;2020-04-04 00:00:00;05:00;2020-04-04 05:00:00;;;-4.6;-6.9;33.158125000000005;26.0;-671.1485937499999
30622;2020-04-04 00:00:00;02:00;2020-04-04 02:00:00;;;-3.6;-6.6;33.158125000000005;26.0;-671.1485937499999
30622;2020-03-04 00:00:00;23:00;2020-03-04 23:00:00;;;-0.4;-6.3;45.667812500000004;25.0;-1742.8842187499997
30622;2020-03-04 00:00:00;20:00;2020-03-04 20:00:00;;0.0;8.9;-8.6;45.667812500000004;25.0;-1742.8842187499997
30622;2020-03-04 00:00:00;17:00;2020-03-04 17:00:00;;;15.0;-10.4;45.667812500000004;25.0;-1742.8842187499997
30622;2020-03-04 00:00:00;14:00;2020-03-04 14:00:00;;;12.3;-8.0;45.667812500000004;25.0;-1742.8842187499997
30622;2020-03-04 00:00:00;11:00;2020-03-04 11:00:00;;;5.1;-5.6;45.667812500000004;25.0;-1742.8842187499997
30622;2020-03-04 00:00:00;08:00;2020-03-04 08:00:00;;0.0;-1.7;-6.7;45.667812500000004;25.0;-1742.8842187499997
30622;2020-03-04 00:00:00;05:00;2020-03-04 05:00:00;;;-4.6;-8.1;45.667812500000004;25.0;-1742.8842187499997
30622;2020-03-04 00:00:00;02:00;2020-03-04 02:00:00;;;-2.9;-6.8;45.667812500000004;25.0;-1742.8842187499997
30622;2020-02-04 00:00:00;23:00;2020-02-04 23:00:00;;;-0.7;-7.4;46.805625;27.0;-2469.3615943877553
30622;2020-02-04 00:00:00;20:00;2020-02-04 20:00:00;;0.0;9.3;-11.5;46.805625;27.0;-2469.3615943877553
30622;2020-02-04 00:00:00;17:00;2020-02-04 17:00:00;;;14.5;-12.8;46.805625;27.0;-2469.3615943877553
30622;2020-02-04 00:00:00;14:00;2020-02-04 14:00:00;;;14.4;-10.5;46.805625;27.0;-2469.3615943877553
30622;2020-02-04 00:00:00;11:00;2020-02-04 11:00:00;;;4.1;-3.4;46.805625;27.0;-2469.3615943877553
30622;2020-02-04 00:00:00;08:00;2020-02-04 08:00:00;;0.0;-1.7;-4.6;46.805625;27.0;-2469.3615943877553
30622;2020-02-04 00:00:00;05:00;2020-02-04 05:00:00;;;-4.7;-6.6;46.805625;27.0;-2469.3615943877553
30622;2020-02-04 00:00:00;02:00;2020-02-04 02:00:00;;;-3.4;-5.6;46.805625;27.0;-2469.3615943877553
30622;2020-01-04 00:00:00;23:00;2020-01-04 23:00:00;;;-1.3;-5.2;28.543437500000007;1.0;-21.62031249999998
30622;2020-01-04 00:00:00;20:00;2020-01-04 20:00:00;;0.0;3.6;-5.3;28.543437500000007;1.0;-21.62031249999998
30622;2020-01-04 00:00:00;17:00;2020-01-04 17:00:00;;;10.7;-5.9;28.543437500000007;1.0;-21.62031249999998
30622;2020-01-04 00:00:00;14:00;2020-01-04 14:00:00;;;9.3;-5.9;28.543437500000007;1.0;-21.62031249999998
30622;2020-01-04 00:00:00;11:00;2020-01-04 11:00:00;;;6.4;-7.3;28.543437500000007;1.0;-21.62031249999998
30622;2020-01-04 00:00:00;08:00;2020-01-04 08:00:00;;0.0;-4.2;-7.3;28.543437500000007;1.0;-21.62031249999998
30622;2020-01-04 00:00:00;05:00;2020-01-04 05:00:00;;;3.2;-7.6;28.543437500000007;1.0;-21.62031249999998
30622;2020-01-04 00:00:00;02:00;2020-01-04 02:00:00;;;-3.6;-7.2;28.543437500000007;1.0;-21.62031249999998
30622;2020-03-31 00:00:00;23:00;2020-03-31 23:00:00;;;-1.6;-7.1;15.043125000000002;22.0;-354.41125000000005
30622;2020-03-31 00:00:00;20:00;2020-03-31 20:00:00;;0.0;5.5;-10.1;15.043125000000002;22.0;-354.41125000000005
30622;2020-03-31 00:00:00;17:00;2020-03-31 17:00:00;;;8.2;-10.5;15.043125000000002;22.0;-354.41125000000005
30622;2020-03-31 00:00:00;14:00;2020-03-31 14:00:00;;;7.4;-9.6;15.043125000000002;22.0;-354.41125000000005
30622;2020-03-31 00:00:00;11:00;2020-03-31 11:00:00;;;3.2;-7.6;15.043125000000002;22.0;-354.41125000000005
30622;2020-03-31 00:00:00;08:00;2020-03-31 08:00:00;;0.0;-2.8;-10.4;15.043125000000002;22.0;-354.41125000000005
30622;2020-03-31 00:00:00;05:00;2020-03-31 05:00:00;;;-5.0;-10.4;15.043125000000002;22.0;-354.41125000000005
30622;2020-03-31 00:00:00;02:00;2020-03-31 02:00:00;;;-3.6;-8.2;15.043125000000002;22.0;-354.41125000000005
30622;2020-03-30 00:00:00;23:00;2020-03-30 23:00:00;;;-3.8;-8.6;-19.724999999999998;21.0;-369.454375
30622;2020-03-30 00:00:00;20:00;2020-03-30 20:00:00;;0.0;-0.4;-10.8;-19.724999999999998;21.0;-369.454375
30622;2020-03-30 00:00:00;17:00;2020-03-30 17:00:00;;;3.0;-10.8;-19.724999999999998;21.0;-369.454375
30622;2020-03-30 00:00:00;14:00;2020-03-30 14:00:00;;;-0.1;-6.1;-19.724999999999998;21.0;-369.454375
30622;2020-03-30 00:00:00;11:00;2020-03-30 11:00:00;;;0.5;-9.3;-19.724999999999998;21.0;-369.454375
30622;2020-03-30 00:00:00;08:00;2020-03-30 08:00:00;;0.0;-7.7;-10.4;-19.724999999999998;21.0;-369.454375
30622;2020-03-30 00:00:00;05:00;2020-03-30 05:00:00;;;-7.9;-10.2;-19.724999999999998;21.0;-369.454375
30622;2020-03-30 00:00:00;02:00;2020-03-30 02:00:00;;;-7.6;-10.4;-19.724999999999998;21.0;-369.454375
30622;2020-03-29 00:00:00;23:00;2020-03-29 23:00:00;;;-4.0;-10.0;-6.524374999999999;20.0;-349.729375
30622;2020-03-29 00:00:00;20:00;2020-03-29 20:00:00;;0.0;-0.5;-12.2;-6.524374999999999;20.0;-349.729375
30622;2020-03-29 00:00:00;17:00;2020-03-29 17:00:00;;;2.7;-11.4;-6.524374999999999;20.0;-349.729375
30622;2020-03-29 00:00:00;14:00;2020-03-29 14:00:00;;;2.3;-13.3;-6.524374999999999;20.0;-349.729375
30622;2020-03-29 00:00:00;11:00;2020-03-29 11:00:00;;;1.8;-10.6;-6.524374999999999;20.0;-349.729375
30622;2020-03-29 00:00:00;08:00;2020-03-29 08:00:00;;0.0;-2.4;-9.1;-6.524374999999999;20.0;-349.729375
30622;2020-03-29 00:00:00;05:00;2020-03-29 05:00:00;;;-2.2;-9.3;-6.524374999999999;20.0;-349.729375
30622;2020-03-29 00:00:00;02:00;2020-03-29 02:00:00;;;-2.9;-9.6;-6.524374999999999;20.0;-349.729375
30622;2020-03-28 00:00:00;23:00;2020-03-28 23:00:00;;;-2.9;-7.5;-19.8909375;19.0;-343.205
30622;2020-03-28 00:00:00;20:00;2020-03-28 20:00:00;;0.0;3.8;-12.3;-19.8909375;19.0;-343.205
30622;2020-03-28 00:00:00;17:00;2020-03-28 17:00:00;;;7.2;-14.9;-19.8909375;19.0;-343.205
30622;2020-03-28 00:00:00;14:00;2020-03-28 14:00:00;;;8.1;-14.4;-19.8909375;19.0;-343.205
30622;2020-03-28 00:00:00;11:00;2020-03-28 11:00:00;;;-3.4;-13.2;-19.8909375;19.0;-343.205
30622;2020-03-28 00:00:00;08:00;2020-03-28 08:00:00;Менее 0.5;0.0;-10.3;-14.2;-19.8909375;19.0;-343.205
30622;2020-03-28 00:00:00;05:00;2020-03-28 05:00:00;;;-10.8;-13.5;-19.8909375;19.0;-343.205
30622;2020-03-28 00:00:00;02:00;2020-03-28 02:00:00;;;-6.4;-11.3;-19.8909375;19.0;-343.205
30622;2020-03-27 00:00:00;23:00;2020-03-27 23:00:00;;;-2.3;-10.2;-33.67;18.0;-323.3140625
30622;2020-03-27 00:00:00;20:00;2020-03-27 20:00:00;;0.0;-1.2;-11.2;-33.67;18.0;-323.3140625
30622;2020-03-27 00:00:00;17:00;2020-03-27 17:00:00;;;1.8;-9.8;-33.67;18.0;-323.3140625
30622;2020-03-27 00:00:00;14:00;2020-03-27 14:00:00;;;-1.1;-8.3;-33.67;18.0;-323.3140625
30622;2020-03-27 00:00:00;11:00;2020-03-27 11:00:00;;;-6.1;-10.7;-33.67;18.0;-323.3140625
30622;2020-03-27 00:00:00;08:00;2020-03-27 08:00:00;1.0;0.0;-12.0;-14.4;-33.67;18.0;-323.3140625
30622;2020-03-27 00:00:00;05:00;2020-03-27 05:00:00;;;-14.5;-16.5;-33.67;18.0;-323.3140625
30622;2020-03-27 00:00:00;02:00;2020-03-27 02:00:00;;;-9.4;-11.8;-33.67;18.0;-323.3140625
30622;2020-03-26 00:00:00;23:00;2020-03-26 23:00:00;;;-11.5;-14.4;-46.5159375;17.0;-289.64406249999996
30622;2020-03-26 00:00:00;20:00;2020-03-26 20:00:00;;0.4;-6.3;-12.4;-46.5159375;17.0;-289.64406249999996
30622;2020-03-26 00:00:00;17:00;2020-03-26 17:00:00;;;-4.4;-8.5;-46.5159375;17.0;-289.64406249999996
30622;2020-03-26 00:00:00;14:00;2020-03-26 14:00:00;;;-2.8;-15.1;-46.5159375;17.0;-289.64406249999996
30622;2020-03-26 00:00:00;11:00;2020-03-26 11:00:00;;;-5.6;-12.8;-46.5159375;17.0;-289.64406249999996
30622;2020-03-26 00:00:00;08:00;2020-03-26 08:00:00;1.0;0.3;-11.4;-14.3;-46.5159375;17.0;-289.64406249999996
30622;2020-03-26 00:00:00;05:00;2020-03-26 05:00:00;;;-13.3;-16.0;-46.5159375;17.0;-289.64406249999996
30622;2020-03-26 00:00:00;02:00;2020-03-26 02:00:00;;;-11.3;-17.8;-46.5159375;17.0;-289.64406249999996
30622;2020-03-25 00:00:00;23:00;2020-03-25 23:00:00;;;-9.6;-19.5;-101.3421875;16.0;-243.12812499999995
30622;2020-03-25 00:00:00;20:00;2020-03-25 20:00:00;;0.0;-8.8;-22.0;-101.3421875;16.0;-243.12812499999995
30622;2020-03-25 00:00:00;17:00;2020-03-25 17:00:00;;;-7.2;-21.8;-101.3421875;16.0;-243.12812499999995
30622;2020-03-25 00:00:00;14:00;2020-03-25 14:00:00;;;-8.3;-21.5;-101.3421875;16.0;-243.12812499999995
30622;2020-03-25 00:00:00;11:00;2020-03-25 11:00:00;;;-10.9;-20.5;-101.3421875;16.0;-243.12812499999995
30622;2020-03-25 00:00:00;08:00;2020-03-25 08:00:00;1.0;0.0;-12.6;-18.4;-101.3421875;16.0;-243.12812499999995
30622;2020-03-25 00:00:00;05:00;2020-03-25 05:00:00;;;-11.7;-18.6;-101.3421875;16.0;-243.12812499999995
30622;2020-03-25 00:00:00;02:00;2020-03-25 02:00:00;;;-9.9;-18.8;-101.3421875;16.0;-243.12812499999995
30622;2020-03-24 00:00:00;23:00;2020-03-24 23:00:00;;;-6.8;-16.8;-34.7875;15.0;-141.78593749999996
30622;2020-03-24 00:00:00;20:00;2020-03-24 20:00:00;;0.0;-4.3;-18.5;-34.7875;15.0;-141.78593749999996
30622;2020-03-24 00:00:00;17:00;2020-03-24 17:00:00;;;-1.8;-12.6;-34.7875;15.0;-141.78593749999996
30622;2020-03-24 00:00:00;14:00;2020-03-24 14:00:00;;;-1.9;-11.2;-34.7875;15.0;-141.78593749999996
30622;2020-03-24 00:00:00;11:00;2020-03-24 11:00:00;;;-2.1;-14.1;-34.7875;15.0;-141.78593749999996
30622;2020-03-24 00:00:00;08:00;2020-03-24 08:00:00;1.0;0.0;-2.1;-18.7;-34.7875;15.0;-141.78593749999996
30622;2020-03-24 00:00:00;05:00;2020-03-24 05:00:00;;;-1.6;-16.6;-34.7875;15.0;-141.78593749999996
30622;2020-03-24 00:00:00;02:00;2020-03-24 02:00:00;;;-1.4;-14.7;-34.7875;15.0;-141.78593749999996
30622;2020-03-23 00:00:00;23:00;2020-03-23 23:00:00;;;1.5;-16.8;30.056250000000002;14.0;-106.99843749999997
30622;2020-03-23 00:00:00;20:00;2020-03-23 20:00:00;;0.0;4.9;-11.9;30.056250000000002;14.0;-106.99843749999997
30622;2020-03-23 00:00:00;17:00;2020-03-23 17:00:00;;;9.3;-11.9;30.056250000000002;14.0;-106.99843749999997
30622;2020-03-23 00:00:00;14:00;2020-03-23 14:00:00;;;10.4;-6.5;30.056250000000002;14.0;-106.99843749999997
30622;2020-03-23 00:00:00;11:00;2020-03-23 11:00:00;;;6.4;-3.8;30.056250000000002;14.0;-106.99843749999997
30622;2020-03-23 00:00:00;08:00;2020-03-23 08:00:00;5.0;0.0;-5.1;-7.4;30.056250000000002;14.0;-106.99843749999997
30622;2020-03-23 00:00:00;05:00;2020-03-23 05:00:00;;;-4.0;-6.5;30.056250000000002;14.0;-106.99843749999997
30622;2020-03-23 00:00:00;02:00;2020-03-23 02:00:00;;;-2.4;-5.8;30.056250000000002;14.0;-106.99843749999997
30622;2020-03-22 00:00:00;23:00;2020-03-22 23:00:00;;;-1.9;-5.1;-0.6262499999999993;13.0;-137.05468749999997
30622;2020-03-22 00:00:00;20:00;2020-03-22 20:00:00;;0.0;2.1;-4.2;-0.6262499999999993;13.0;-137.05468749999997
30622;2020-03-22 00:00:00;17:00;2020-03-22 17:00:00;;;8.3;-7.3;-0.6262499999999993;13.0;-137.05468749999997
30622;2020-03-22 00:00:00;14:00;2020-03-22 14:00:00;;;5.9;-6.1;-0.6262499999999993;13.0;-137.05468749999997
30622;2020-03-22 00:00:00;11:00;2020-03-22 11:00:00;;;-1.3;-6.6;-0.6262499999999993;13.0;-137.05468749999997
30622;2020-03-22 00:00:00;08:00;2020-03-22 08:00:00;10.0;0.0;-6.8;-9.0;-0.6262499999999993;13.0;-137.05468749999997
30622;2020-03-22 00:00:00;05:00;2020-03-22 05:00:00;;;-5.3;-7.7;-0.6262499999999993;13.0;-137.05468749999997
30622;2020-03-22 00:00:00;02:00;2020-03-22 02:00:00;;;-1.8;-4.9;-0.6262499999999993;13.0;-137.05468749999997
30622;2020-03-21 00:00:00;23:00;2020-03-21 23:00:00;;;-0.7;-5.2;-15.5896875;12.0;-136.42843749999997
30622;2020-03-21 00:00:00;20:00;2020-03-21 20:00:00;;0.0;2.0;-6.0;-15.5896875;12.0;-136.42843749999997
30622;2020-03-21 00:00:00;17:00;2020-03-21 17:00:00;;;5.1;-8.4;-15.5896875;12.0;-136.42843749999997
30622;2020-03-21 00:00:00;14:00;2020-03-21 14:00:00;;;2.7;-7.5;-15.5896875;12.0;-136.42843749999997
30622;2020-03-21 00:00:00;11:00;2020-03-21 11:00:00;;;-4.2;-9.9;-15.5896875;12.0;-136.42843749999997
30622;2020-03-21 00:00:00;08:00;2020-03-21 08:00:00;12.0;0.0;-8.6;-10.8;-15.5896875;12.0;-136.42843749999997
30622;2020-03-21 00:00:00;05:00;2020-03-21 05:00:00;;;-8.0;-10.1;-15.5896875;12.0;-136.42843749999997
30622;2020-03-21 00:00:00;02:00;2020-03-21 02:00:00;;;-9.0;-11.0;-15.5896875;12.0;-136.42843749999997
30622;2020-03-20 00:00:00;23:00;2020-03-20 23:00:00;;;-6.5;-9.2;-28.689062500000002;11.0;-120.83874999999998
30622;2020-03-20 00:00:00;20:00;2020-03-20 20:00:00;;0.0;-1.4;-8.0;-28.689062500000002;11.0;-120.83874999999998
30622;2020-03-20 00:00:00;17:00;2020-03-20 17:00:00;;;1.3;-9.7;-28.689062500000002;11.0;-120.83874999999998
30622;2020-03-20 00:00:00;14:00;2020-03-20 14:00:00;;;0.5;-10.7;-28.689062500000002;11.0;-120.83874999999998
30622;2020-03-20 00:00:00;11:00;2020-03-20 11:00:00;;;-6.4;-10.5;-28.689062500000002;11.0;-120.83874999999998
30622;2020-03-20 00:00:00;08:00;2020-03-20 08:00:00;12.0;0.0;-11.1;-13.3;-28.689062500000002;11.0;-120.83874999999998
30622;2020-03-20 00:00:00;05:00;2020-03-20 05:00:00;;;-11.3;-13.2;-28.689062500000002;11.0;-120.83874999999998
30622;2020-03-20 00:00:00;02:00;2020-03-20 02:00:00;;;-7.8;-11.1;-28.689062500000002;11.0;-120.83874999999998
30622;2020-03-19 00:00:00;23:00;2020-03-19 23:00:00;;;-8.3;-10.8;-18.52375;10.0;-92.14968749999997
30622;2020-03-19 00:00:00;20:00;2020-03-19 20:00:00;;0.3;-3.3;-8.0;-18.52375;10.0;-92.14968749999997
30622;2020-03-19 00:00:00;17:00;2020-03-19 17:00:00;;;0.7;-9.4;-18.52375;10.0;-92.14968749999997
30622;2020-03-19 00:00:00;14:00;2020-03-19 14:00:00;;;1.7;-6.9;-18.52375;10.0;-92.14968749999997
30622;2020-03-19 00:00:00;11:00;2020-03-19 11:00:00;;;-3.3;-6.3;-18.52375;10.0;-92.14968749999997
30622;2020-03-19 00:00:00;08:00;2020-03-19 08:00:00;13.0;0.0;-6.3;-8.5;-18.52375;10.0;-92.14968749999997
30622;2020-03-19 00:00:00;05:00;2020-03-19 05:00:00;;;-6.9;-9.5;-18.52375;10.0;-92.14968749999997
30622;2020-03-19 00:00:00;02:00;2020-03-19 02:00:00;;;-3.5;-10.4;-18.52375;10.0;-92.14968749999997
30622;2020-03-18 00:00:00;23:00;2020-03-18 23:00:00;;;-3.3;-12.2;-35.395312499999996;9.0;-73.62593749999996
30622;2020-03-18 00:00:00;20:00;2020-03-18 20:00:00;;0.0;-3.4;-14.5;-35.395312499999996;9.0;-73.62593749999996
30622;2020-03-18 00:00:00;17:00;2020-03-18 17:00:00;;;-0.1;-12.2;-35.395312499999996;9.0;-73.62593749999996
30622;2020-03-18 00:00:00;14:00;2020-03-18 14:00:00;;;-1.6;-14.7;-35.395312499999996;9.0;-73.62593749999996
30622;2020-03-18 00:00:00;11:00;2020-03-18 11:00:00;;;-3.1;-15.6;-35.395312499999996;9.0;-73.62593749999996
30622;2020-03-18 00:00:00;08:00;2020-03-18 08:00:00;14.0;0.0;-8.7;-14.5;-35.395312499999996;9.0;-73.62593749999996
30622;2020-03-18 00:00:00;05:00;2020-03-18 05:00:00;;;-4.3;-13.6;-35.395312499999996;9.0;-73.62593749999996
30622;2020-03-18 00:00:00;02:00;2020-03-18 02:00:00;;;-2.5;-13.6;-35.395312499999996;9.0;-73.62593749999996
30622;2020-03-17 00:00:00;23:00;2020-03-17 23:00:00;;;-0.8;-9.0;11.15625;8.0;-38.23062499999997
30622;2020-03-17 00:00:00;20:00;2020-03-17 20:00:00;;0.0;0.3;-7.2;11.15625;8.0;-38.23062499999997
30622;2020-03-17 00:00:00;17:00;2020-03-17 17:00:00;;;2.6;-7.7;11.15625;8.0;-38.23062499999997
30622;2020-03-17 00:00:00;14:00;2020-03-17 14:00:00;;;4.5;-11.2;11.15625;8.0;-38.23062499999997
30622;2020-03-17 00:00:00;11:00;2020-03-17 11:00:00;;;3.9;-10.4;11.15625;8.0;-38.23062499999997
30622;2020-03-17 00:00:00;08:00;2020-03-17 08:00:00;15.0;0.0;-1.3;-6.3;11.15625;8.0;-38.23062499999997
30622;2020-03-17 00:00:00;05:00;2020-03-17 05:00:00;;;0.1;-4.5;11.15625;8.0;-38.23062499999997
30622;2020-03-17 00:00:00;02:00;2020-03-17 02:00:00;;;0.7;-5.1;11.15625;8.0;-38.23062499999997
30622;2020-03-16 00:00:00;23:00;2020-03-16 23:00:00;;;0.9;-3.8;5.403750000000001;7.0;-49.38687499999997
30622;2020-03-16 00:00:00;20:00;2020-03-16 20:00:00;;0.0;1.0;-5.3;5.403750000000001;7.0;-49.38687499999997
30622;2020-03-16 00:00:00;17:00;2020-03-16 17:00:00;;;6.0;-7.2;5.403750000000001;7.0;-49.38687499999997
30622;2020-03-16 00:00:00;14:00;2020-03-16 14:00:00;;;5.0;-8.9;5.403750000000001;7.0;-49.38687499999997
30622;2020-03-16 00:00:00;11:00;2020-03-16 11:00:00;;;3.2;-5.9;5.403750000000001;7.0;-49.38687499999997
30622;2020-03-16 00:00:00;08:00;2020-03-16 08:00:00;19.0;0.0;-3.4;-5.6;5.403750000000001;7.0;-49.38687499999997
30622;2020-03-16 00:00:00;05:00;2020-03-16 05:00:00;;;-3.8;-5.6;5.403750000000001;7.0;-49.38687499999997
30622;2020-03-16 00:00:00;02:00;2020-03-16 02:00:00;;;-2.3;-3.5;5.403750000000001;7.0;-49.38687499999997
30622;2020-03-15 00:00:00;23:00;2020-03-15 23:00:00;;;0.3;-4.2;-11.34546875;6.0;-54.79062499999997
30622;2020-03-15 00:00:00;20:00;2020-03-15 20:00:00;;0.3;0.8;-2.8;-11.34546875;6.0;-54.79062499999997
30622;2020-03-15 00:00:00;17:00;2020-03-15 17:00:00;;;4.8;-2.0;-11.34546875;6.0;-54.79062499999997
30622;2020-03-15 00:00:00;14:00;2020-03-15 14:00:00;;;1.6;-2.7;-11.34546875;6.0;-54.79062499999997
30622;2020-03-15 00:00:00;11:00;2020-03-15 11:00:00;;;-6.3;-7.6;-11.34546875;6.0;-54.79062499999997
30622;2020-03-15 00:00:00;08:00;2020-03-15 08:00:00;20.0;0.0;-10.0;-11.6;-11.34546875;6.0;-54.79062499999997
30622;2020-03-15 00:00:00;05:00;2020-03-15 05:00:00;;;-11.0;-12.8;-11.34546875;6.0;-54.79062499999997
30622;2020-03-15 00:00:00;02:00;2020-03-15 02:00:00;;;-8.9;-10.3;-11.34546875;6.0;-54.79062499999997
30622;2020-03-14 00:00:00;23:00;2020-03-14 23:00:00;;;-4.7;-6.2;-0.5087500000000005;5.0;-43.44515624999997
30622;2020-03-14 00:00:00;20:00;2020-03-14 20:00:00;;0.0;0.5;-3.1;-0.5087500000000005;5.0;-43.44515624999997
30622;2020-03-14 00:00:00;17:00;2020-03-14 17:00:00;;;5.1;-2.5;-0.5087500000000005;5.0;-43.44515624999997
30622;2020-03-14 00:00:00;14:00;2020-03-14 14:00:00;;;4.6;-2.6;-0.5087500000000005;5.0;-43.44515624999997
30622;2020-03-14 00:00:00;11:00;2020-03-14 11:00:00;;;2.5;-3.0;-0.5087500000000005;5.0;-43.44515624999997
30622;2020-03-14 00:00:00;08:00;2020-03-14 08:00:00;26.0;2.0;-2.9;-4.2;-0.5087500000000005;5.0;-43.44515624999997
30622;2020-03-14 00:00:00;05:00;2020-03-14 05:00:00;;;-3.1;-4.4;-0.5087500000000005;5.0;-43.44515624999997
30622;2020-03-14 00:00:00;02:00;2020-03-14 02:00:00;;;-3.1;-4.7;-0.5087500000000005;5.0;-43.44515624999997
30622;2020-03-13 00:00:00;23:00;2020-03-13 23:00:00;;;-2.3;-4.1;-11.2046875;4.0;-42.93640624999997
30622;2020-03-13 00:00:00;20:00;2020-03-13 20:00:00;;0.1;-1.3;-5.0;-11.2046875;4.0;-42.93640624999997
30622;2020-03-13 00:00:00;17:00;2020-03-13 17:00:00;;;0.6;-7.7;-11.2046875;4.0;-42.93640624999997
30622;2020-03-13 00:00:00;14:00;2020-03-13 14:00:00;;;0.2;-6.9;-11.2046875;4.0;-42.93640624999997
30622;2020-03-13 00:00:00;11:00;2020-03-13 11:00:00;;;-2.2;-6.3;-11.2046875;4.0;-42.93640624999997
30622;2020-03-13 00:00:00;08:00;2020-03-13 08:00:00;25.0;0.3;-6.2;-7.8;-11.2046875;4.0;-42.93640624999997
30622;2020-03-13 00:00:00;05:00;2020-03-13 05:00:00;;;-5.4;-8.7;-11.2046875;4.0;-42.93640624999997
30622;2020-03-13 00:00:00;02:00;2020-03-13 02:00:00;;;-3.6;-9.2;-11.2046875;4.0;-42.93640624999997
30622;2020-12-03 00:00:00;23:00;2020-12-03 23:00:00;;;-3.5;-7.4;-72.26093750000001;22.0;-1375.3948437500003
30622;2020-12-03 00:00:00;20:00;2020-12-03 20:00:00;;0.0;-0.5;-10.5;-72.26093750000001;22.0;-1375.3948437500003
30622;2020-12-03 00:00:00;17:00;2020-12-03 17:00:00;;;0.1;-12.4;-72.26093750000001;22.0;-1375.3948437500003
30622;2020-12-03 00:00:00;14:00;2020-12-03 14:00:00;;;-5.1;-12.8;-72.26093750000001;22.0;-1375.3948437500003
30622;2020-12-03 00:00:00;11:00;2020-12-03 11:00:00;;;-13.6;-20.2;-72.26093750000001;22.0;-1375.3948437500003
30622;2020-12-03 00:00:00;08:00;2020-12-03 08:00:00;25.0;0.0;-21.0;-24.9;-72.26093750000001;22.0;-1375.3948437500003
30622;2020-12-03 00:00:00;05:00;2020-12-03 05:00:00;;;-23.3;-26.6;-72.26093750000001;22.0;-1375.3948437500003
30622;2020-12-03 00:00:00;02:00;2020-12-03 02:00:00;;;-22.9;-26.5;-72.26093750000001;22.0;-1375.3948437500003
30622;2020-11-03 00:00:00;23:00;2020-11-03 23:00:00;;;-20.8;-26.3;-84.87812500000001;37.0;58.038124999999866
30622;2020-11-03 00:00:00;20:00;2020-11-03 20:00:00;;0.2;-13.0;-22.5;-84.87812500000001;37.0;58.038124999999866
30622;2020-11-03 00:00:00;17:00;2020-11-03 17:00:00;;;-4.2;-21.0;-84.87812500000001;37.0;58.038124999999866
30622;2020-11-03 00:00:00;14:00;2020-11-03 14:00:00;;;-5.1;-20.1;-84.87812500000001;37.0;58.038124999999866
30622;2020-11-03 00:00:00;11:00;2020-11-03 11:00:00;;;-7.0;-15.6;-84.87812500000001;37.0;58.038124999999866
30622;2020-11-03 00:00:00;08:00;2020-11-03 08:00:00;25.0;0.3;-11.5;-13.8;-84.87812500000001;37.0;58.038124999999866
30622;2020-11-03 00:00:00;05:00;2020-11-03 05:00:00;;;-16.6;-18.9;-84.87812500000001;37.0;58.038124999999866
30622;2020-11-03 00:00:00;02:00;2020-11-03 02:00:00;;;-8.3;-11.1;-84.87812500000001;37.0;58.038124999999866
30622;2020-10-03 00:00:00;23:00;2020-10-03 23:00:00;;;-5.5;-10.7;-44.42578125000001;6.0;-87.56140625000003
30622;2020-10-03 00:00:00;20:00;2020-10-03 20:00:00;;0.0;-2.6;-9.8;-44.42578125000001;6.0;-87.56140625000003
30622;2020-10-03 00:00:00;17:00;2020-10-03 17:00:00;;;-0.9;-8.9;-44.42578125000001;6.0;-87.56140625000003
30622;2020-10-03 00:00:00;14:00;2020-10-03 14:00:00;;;-5.7;-14.1;-44.42578125000001;6.0;-87.56140625000003
30622;2020-10-03 00:00:00;11:00;2020-10-03 11:00:00;;;-9.6;-15.5;-44.42578125000001;6.0;-87.56140625000003
30622;2020-10-03 00:00:00;08:00;2020-10-03 08:00:00;25.0;0.0;-14.0;-16.7;-44.42578125000001;6.0;-87.56140625000003
30622;2020-10-03 00:00:00;05:00;2020-10-03 05:00:00;;;-15.3;-17.8;-44.42578125000001;6.0;-87.56140625000003
30622;2020-10-03 00:00:00;02:00;2020-10-03 02:00:00;;;-13.3;-15.9;-44.42578125000001;6.0;-87.56140625000003
30622;2020-09-03 00:00:00;23:00;2020-09-03 23:00:00;;;-8.7;-13.1;-59.87843749999999;6.0;56.39015624999999
30622;2020-09-03 00:00:00;20:00;2020-09-03 20:00:00;;0.0;-5.7;-11.3;-59.87843749999999;6.0;56.39015624999999
30622;2020-09-03 00:00:00;17:00;2020-09-03 17:00:00;;;-3.2;-11.2;-59.87843749999999;6.0;56.39015624999999
30622;2020-09-03 00:00:00;14:00;2020-09-03 14:00:00;;;-5.8;-13.0;-59.87843749999999;6.0;56.39015624999999
30622;2020-09-03 00:00:00;11:00;2020-09-03 11:00:00;;;-12.3;-18.2;-59.87843749999999;6.0;56.39015624999999
30622;2020-09-03 00:00:00;08:00;2020-09-03 08:00:00;25.0;0.0;-16.6;-20.3;-59.87843749999999;6.0;56.39015624999999
30622;2020-09-03 00:00:00;05:00;2020-09-03 05:00:00;;;-17.0;-21.4;-59.87843749999999;6.0;56.39015624999999
30622;2020-09-03 00:00:00;02:00;2020-09-03 02:00:00;;;-19.0;-23.2;-59.87843749999999;6.0;56.39015624999999
30622;2020-08-03 00:00:00;23:00;2020-08-03 23:00:00;;;-13.2;-20.9;-116.90296874999999;4.0;-103.09796875
30622;2020-08-03 00:00:00;20:00;2020-08-03 20:00:00;;0.0;-12.2;-19.1;-116.90296874999999;4.0;-103.09796875
30622;2020-08-03 00:00:00;17:00;2020-08-03 17:00:00;;;-9.1;-21.9;-116.90296874999999;4.0;-103.09796875
30622;2020-08-03 00:00:00;14:00;2020-08-03 14:00:00;;;-11.7;-20.4;-116.90296874999999;4.0;-103.09796875
30622;2020-08-03 00:00:00;11:00;2020-08-03 11:00:00;;;-21.3;-26.8;-116.90296874999999;4.0;-103.09796875
30622;2020-08-03 00:00:00;08:00;2020-08-03 08:00:00;26.0;0.0;-27.3;-30.7;-116.90296874999999;4.0;-103.09796875
30622;2020-08-03 00:00:00;05:00;2020-08-03 05:00:00;;;-25.6;-28.9;-116.90296874999999;4.0;-103.09796875
30622;2020-08-03 00:00:00;02:00;2020-08-03 02:00:00;;;-20.5;-25.3;-116.90296874999999;4.0;-103.09796875
30622;2020-07-03 00:00:00;23:00;2020-07-03 23:00:00;;;-21.7;-26.3;-116.11874999999999;10.0;1181.0637499999998
30622;2020-07-03 00:00:00;20:00;2020-07-03 20:00:00;;0.0;-17.1;-23.7;-116.11874999999999;10.0;1181.0637499999998
30622;2020-07-03 00:00:00;17:00;2020-07-03 17:00:00;;;-8.1;-22.4;-116.11874999999999;10.0;1181.0637499999998
30622;2020-07-03 00:00:00;14:00;2020-07-03 14:00:00;;;-9.3;-19.6;-116.11874999999999;10.0;1181.0637499999998
30622;2020-07-03 00:00:00;11:00;2020-07-03 11:00:00;;;-16.7;-23.4;-116.11874999999999;10.0;1181.0637499999998
30622;2020-07-03 00:00:00;08:00;2020-07-03 08:00:00;27.0;0.0;-20.4;-24.3;-116.11874999999999;10.0;1181.0637499999998
30622;2020-07-03 00:00:00;05:00;2020-07-03 05:00:00;;;-11.9;-19.8;-116.11874999999999;10.0;1181.0637499999998
30622;2020-07-03 00:00:00;02:00;2020-07-03 02:00:00;;;-7.4;-19.1;-116.11874999999999;10.0;1181.0637499999998
30622;2020-06-03 00:00:00;23:00;2020-06-03 23:00:00;;;-3.3;-14.3;-55.68265625000001;13.0;1769.185625
30622;2020-06-03 00:00:00;20:00;2020-06-03 20:00:00;;0.0;-7.9;-12.1;-55.68265625000001;13.0;1769.185625
30622;2020-06-03 00:00:00;17:00;2020-06-03 17:00:00;;;-9.4;-15.3;-55.68265625000001;13.0;1769.185625
30622;2020-06-03 00:00:00;14:00;2020-06-03 14:00:00;;;-11.7;-15.1;-55.68265625000001;13.0;1769.185625
30622;2020-06-03 00:00:00;11:00;2020-06-03 11:00:00;;;-15.3;-17.7;-55.68265625000001;13.0;1769.185625
30622;2020-06-03 00:00:00;08:00;2020-06-03 08:00:00;27.0;0.0;-17.6;-20.2;-55.68265625000001;13.0;1769.185625
30622;2020-06-03 00:00:00;05:00;2020-06-03 05:00:00;;;-19.7;-22.5;-55.68265625000001;13.0;1769.185625
30622;2020-06-03 00:00:00;02:00;2020-06-03 02:00:00;;;-17.8;-20.2;-55.68265625000001;13.0;1769.185625
30622;2020-05-03 00:00:00;23:00;2020-05-03 23:00:00;;;-13.4;-15.6;-32.849999999999994;55.0;1282.5290625000002
30622;2020-05-03 00:00:00;20:00;2020-05-03 20:00:00;;1.0;-6.8;-11.9;-32.849999999999994;55.0;1282.5290625000002
30622;2020-05-03 00:00:00;17:00;2020-05-03 17:00:00;;;0.2;-10.2;-32.849999999999994;55.0;1282.5290625000002
30622;2020-05-03 00:00:00;14:00;2020-05-03 14:00:00;;;-0.3;-8.3;-32.849999999999994;55.0;1282.5290625000002
30622;2020-05-03 00:00:00;11:00;2020-05-03 11:00:00;;;-6.3;-9.5;-32.849999999999994;55.0;1282.5290625000002
30622;2020-05-03 00:00:00;08:00;2020-05-03 08:00:00;27.0;2.0;-9.2;-11.2;-32.849999999999994;55.0;1282.5290625000002
30622;2020-05-03 00:00:00;05:00;2020-05-03 05:00:00;;;-10.0;-12.3;-32.849999999999994;55.0;1282.5290625000002
30622;2020-05-03 00:00:00;02:00;2020-05-03 02:00:00;;;-11.8;-15.1;-32.849999999999994;55.0;1282.5290625000002
30622;2020-04-03 00:00:00;23:00;2020-04-03 23:00:00;;;-14.8;-18.1;-75.95249999999999;25.0;-704.30671875
30622;2020-04-03 00:00:00;20:00;2020-04-03 20:00:00;;0.0;-12.2;-16.9;-75.95249999999999;25.0;-704.30671875
30622;2020-04-03 00:00:00;17:00;2020-04-03 17:00:00;;;-4.8;-15.9;-75.95249999999999;25.0;-704.30671875
30622;2020-04-03 00:00:00;14:00;2020-04-03 14:00:00;;;-6.9;-15.9;-75.95249999999999;25.0;-704.30671875
30622;2020-04-03 00:00:00;11:00;2020-04-03 11:00:00;;;-12.5;-18.4;-75.95249999999999;25.0;-704.30671875
30622;2020-04-03 00:00:00;08:00;2020-04-03 08:00:00;26.0;0.0;-16.3;-20.2;-75.95249999999999;25.0;-704.30671875
30622;2020-04-03 00:00:00;05:00;2020-04-03 05:00:00;;;-18.9;-22.8;-75.95249999999999;25.0;-704.30671875
30622;2020-04-03 00:00:00;02:00;2020-04-03 02:00:00;;;-20.2;-24.0;-75.95249999999999;25.0;-704.30671875
30622;2020-03-03 00:00:00;23:00;2020-03-03 23:00:00;;;-18.8;-23.3;-111.62624999999997;24.0;-1788.5520312499998
30622;2020-03-03 00:00:00;20:00;2020-03-03 20:00:00;;0.0;-11.0;-19.2;-111.62624999999997;24.0;-1788.5520312499998
30622;2020-03-03 00:00:00;17:00;2020-03-03 17:00:00;;;-13.4;-21.3;-111.62624999999997;24.0;-1788.5520312499998
30622;2020-03-03 00:00:00;14:00;2020-03-03 14:00:00;;;-18.3;-24.2;-111.62624999999997;24.0;-1788.5520312499998
30622;2020-03-03 00:00:00;11:00;2020-03-03 11:00:00;;;-25.1;-28.8;-111.62624999999997;24.0;-1788.5520312499998
30622;2020-03-03 00:00:00;08:00;2020-03-03 08:00:00;26.0;0.0;-31.8;-36.0;-111.62624999999997;24.0;-1788.5520312499998
30622;2020-03-03 00:00:00;05:00;2020-03-03 05:00:00;;;-28.1;-31.6;-111.62624999999997;24.0;-1788.5520312499998
30622;2020-03-03 00:00:00;02:00;2020-03-03 02:00:00;;;-26.9;-30.2;-111.62624999999997;24.0;-1788.5520312499998
30622;2020-02-03 00:00:00;23:00;2020-02-03 23:00:00;;;-23.0;-26.0;-70.31343749999999;26.0;-2516.1672193877553
30622;2020-02-03 00:00:00;20:00;2020-02-03 20:00:00;;0.0;-18.0;-21.2;-70.31343749999999;26.0;-2516.1672193877553
30622;2020-02-03 00:00:00;17:00;2020-02-03 17:00:00;;;-6.4;-15.3;-70.31343749999999;26.0;-2516.1672193877553
30622;2020-02-03 00:00:00;14:00;2020-02-03 14:00:00;;;-10.8;-18.3;-70.31343749999999;26.0;-2516.1672193877553
30622;2020-02-03 00:00:00;11:00;2020-02-03 11:00:00;;;-19.6;-24.2;-70.31343749999999;26.0;-2516.1672193877553
30622;2020-02-03 00:00:00;08:00;2020-02-03 08:00:00;26.0;0.0;-21.3;-23.6;-70.31343749999999;26.0;-2516.1672193877553
30622;2020-02-03 00:00:00;05:00;2020-02-03 05:00:00;;;-15.1;-18.2;-70.31343749999999;26.0;-2516.1672193877553
30622;2020-02-03 00:00:00;02:00;2020-02-03 02:00:00;;;-11.5;-14.7;-70.31343749999999;26.0;-2516.1672193877553
30622;2020-01-03 00:00:00;23:00;2020-01-03 23:00:00;;;-9.8;-13.9;-50.163749999999986;0.0;-50.163749999999986
30622;2020-01-03 00:00:00;20:00;2020-01-03 20:00:00;;3.0;-9.6;-14.2;-50.163749999999986;0.0;-50.163749999999986
30622;2020-01-03 00:00:00;17:00;2020-01-03 17:00:00;;;-4.9;-11.9;-50.163749999999986;0.0;-50.163749999999986
30622;2020-01-03 00:00:00;14:00;2020-01-03 14:00:00;;;-9.5;-13.9;-50.163749999999986;0.0;-50.163749999999986
30622;2020-01-03 00:00:00;11:00;2020-01-03 11:00:00;;;-13.4;-16.1;-50.163749999999986;0.0;-50.163749999999986
30622;2020-01-03 00:00:00;08:00;2020-01-03 08:00:00;21.0;0.0;-17.3;-20.0;-50.163749999999986;0.0;-50.163749999999986
30622;2020-01-03 00:00:00;05:00;2020-01-03 05:00:00;;;-19.3;-22.2;-50.163749999999986;0.0;-50.163749999999986
30622;2020-01-03 00:00:00;02:00;2020-01-03 02:00:00;;;-19.1;-21.9;-50.163749999999986;0.0;-50.163749999999986
30622;2020-02-29 00:00:00;23:00;2020-02-29 23:00:00;;;-20.3;-22.8;-68.5390625;21.0;-1441.6548437499998
30622;2020-02-29 00:00:00;20:00;2020-02-29 20:00:00;;0.4;-15.0;-18.0;-68.5390625;21.0;-1441.6548437499998
30622;2020-02-29 00:00:00;17:00;2020-02-29 17:00:00;;;-9.4;-15.3;-68.5390625;21.0;-1441.6548437499998
30622;2020-02-29 00:00:00;14:00;2020-02-29 14:00:00;;;-12.3;-17.2;-68.5390625;21.0;-1441.6548437499998
30622;2020-02-29 00:00:00;11:00;2020-02-29 11:00:00;;;-16.6;-21.4;-68.5390625;21.0;-1441.6548437499998
30622;2020-02-29 00:00:00;08:00;2020-02-29 08:00:00;21.0;0.0;-21.6;-25.0;-68.5390625;21.0;-1441.6548437499998
30622;2020-02-29 00:00:00;05:00;2020-02-29 05:00:00;;;-23.7;-27.0;-68.5390625;21.0;-1441.6548437499998
30622;2020-02-29 00:00:00;02:00;2020-02-29 02:00:00;;;-22.6;-25.8;-68.5390625;21.0;-1441.6548437499998
30622;2020-02-28 00:00:00;23:00;2020-02-28 23:00:00;;;-22.1;-25.3;-82.49312500000002;20.0;-1373.1157812499998
30622;2020-02-28 00:00:00;20:00;2020-02-28 20:00:00;;0.0;-17.7;-21.7;-82.49312500000002;20.0;-1373.1157812499998
30622;2020-02-28 00:00:00;17:00;2020-02-28 17:00:00;;;-8.6;-16.2;-82.49312500000002;20.0;-1373.1157812499998
30622;2020-02-28 00:00:00;14:00;2020-02-28 14:00:00;;;-12.9;-18.5;-82.49312500000002;20.0;-1373.1157812499998
30622;2020-02-28 00:00:00;11:00;2020-02-28 11:00:00;;;-20.0;-23.2;-82.49312500000002;20.0;-1373.1157812499998
30622;2020-02-28 00:00:00;08:00;2020-02-28 08:00:00;21.0;0.0;-23.9;-27.4;-82.49312500000002;20.0;-1373.1157812499998
30622;2020-02-28 00:00:00;05:00;2020-02-28 05:00:00;;;-26.1;-29.6;-82.49312500000002;20.0;-1373.1157812499998
30622;2020-02-28 00:00:00;02:00;2020-02-28 02:00:00;;;-24.9;-28.1;-82.49312500000002;20.0;-1373.1157812499998
30622;2020-02-27 00:00:00;23:00;2020-02-27 23:00:00;;;-21.7;-24.6;-66.94187500000002;19.0;-1290.6226562499999
30622;2020-02-27 00:00:00;20:00;2020-02-27 20:00:00;;0.0;-16.3;-19.1;-66.94187500000002;19.0;-1290.6226562499999
30622;2020-02-27 00:00:00;17:00;2020-02-27 17:00:00;;;-9.7;-16.0;-66.94187500000002;19.0;-1290.6226562499999
30622;2020-02-27 00:00:00;14:00;2020-02-27 14:00:00;;;-10.8;-17.1;-66.94187500000002;19.0;-1290.6226562499999
30622;2020-02-27 00:00:00;11:00;2020-02-27 11:00:00;;;-18.5;-22.2;-66.94187500000002;19.0;-1290.6226562499999
30622;2020-02-27 00:00:00;08:00;2020-02-27 08:00:00;21.0;0.2;-22.6;-25.7;-66.94187500000002;19.0;-1290.6226562499999
30622;2020-02-27 00:00:00;05:00;2020-02-27 05:00:00;;;-20.9;-24.0;-66.94187500000002;19.0;-1290.6226562499999
30622;2020-02-27 00:00:00;02:00;2020-02-27 02:00:00;;;-18.6;-21.2;-66.94187500000002;19.0;-1290.6226562499999
30622;2020-02-26 00:00:00;23:00;2020-02-26 23:00:00;;;-14.7;-17.1;-68.96562499999999;18.0;-1223.6807812499999
30622;2020-02-26 00:00:00;20:00;2020-02-26 20:00:00;;0.4;-12.3;-14.8;-68.96562499999999;18.0;-1223.6807812499999
30622;2020-02-26 00:00:00;17:00;2020-02-26 17:00:00;;;-10.9;-14.5;-68.96562499999999;18.0;-1223.6807812499999
30622;2020-02-26 00:00:00;14:00;2020-02-26 14:00:00;;;-13.1;-19.2;-68.96562499999999;18.0;-1223.6807812499999
30622;2020-02-26 00:00:00;11:00;2020-02-26 11:00:00;;;-22.0;-26.0;-68.96562499999999;18.0;-1223.6807812499999
30622;2020-02-26 00:00:00;08:00;2020-02-26 08:00:00;20.0;0.0;-27.0;-30.6;-68.96562499999999;18.0;-1223.6807812499999
30622;2020-02-26 00:00:00;05:00;2020-02-26 05:00:00;;;-26.8;-30.5;-68.96562499999999;18.0;-1223.6807812499999
30622;2020-02-26 00:00:00;02:00;2020-02-26 02:00:00;;;-25.4;-28.5;-68.96562499999999;18.0;-1223.6807812499999
30622;2020-02-25 00:00:00;23:00;2020-02-25 23:00:00;;;-22.5;-25.5;-88.11625000000001;17.0;-1154.7151562499998
30622;2020-02-25 00:00:00;20:00;2020-02-25 20:00:00;;0.0;-18.9;-22.7;-88.11625000000001;17.0;-1154.7151562499998
30622;2020-02-25 00:00:00;17:00;2020-02-25 17:00:00;;;-13.6;-19.5;-88.11625000000001;17.0;-1154.7151562499998
30622;2020-02-25 00:00:00;14:00;2020-02-25 14:00:00;;;-17.1;-20.9;-88.11625000000001;17.0;-1154.7151562499998
30622;2020-02-25 00:00:00;11:00;2020-02-25 11:00:00;;;-25.3;-28.9;-88.11625000000001;17.0;-1154.7151562499998
30622;2020-02-25 00:00:00;08:00;2020-02-25 08:00:00;20.0;0.0;-29.9;-34.0;-88.11625000000001;17.0;-1154.7151562499998
30622;2020-02-25 00:00:00;05:00;2020-02-25 05:00:00;;;-27.1;-30.8;-88.11625000000001;17.0;-1154.7151562499998
30622;2020-02-25 00:00:00;02:00;2020-02-25 02:00:00;;;-25.2;-28.7;-88.11625000000001;17.0;-1154.7151562499998
30622;2020-02-24 00:00:00;23:00;2020-02-24 23:00:00;;;-23.2;-26.2;-85.17906249999997;16.0;-1066.5989062499998
30622;2020-02-24 00:00:00;20:00;2020-02-24 20:00:00;;0.0;-18.6;-21.7;-85.17906249999997;16.0;-1066.5989062499998
30622;2020-02-24 00:00:00;17:00;2020-02-24 17:00:00;;;-12.2;-19.2;-85.17906249999997;16.0;-1066.5989062499998
30622;2020-02-24 00:00:00;14:00;2020-02-24 14:00:00;;;-15.6;-21.1;-85.17906249999997;16.0;-1066.5989062499998
30622;2020-02-24 00:00:00;11:00;2020-02-24 11:00:00;;;-23.4;-27.0;-85.17906249999997;16.0;-1066.5989062499998
30622;2020-02-24 00:00:00;08:00;2020-02-24 08:00:00;20.0;0.0;-27.8;-31.4;-85.17906249999997;16.0;-1066.5989062499998
30622;2020-02-24 00:00:00;05:00;2020-02-24 05:00:00;;;-25.9;-29.3;-85.17906249999997;16.0;-1066.5989062499998
30622;2020-02-24 00:00:00;02:00;2020-02-24 02:00:00;;;-22.6;-25.6;-85.17906249999997;16.0;-1066.5989062499998
30622;2020-02-23 00:00:00;23:00;2020-02-23 23:00:00;;;-18.5;-21.1;-45.78375;15.0;-981.4198437499999
30622;2020-02-23 00:00:00;20:00;2020-02-23 20:00:00;;0.0;-12.0;-15.6;-45.78375;15.0;-981.4198437499999
30622;2020-02-23 00:00:00;17:00;2020-02-23 17:00:00;;;-3.8;-13.0;-45.78375;15.0;-981.4198437499999
30622;2020-02-23 00:00:00;14:00;2020-02-23 14:00:00;;;-4.3;-12.0;-45.78375;15.0;-981.4198437499999
30622;2020-02-23 00:00:00;11:00;2020-02-23 11:00:00;;;-6.9;-11.6;-45.78375;15.0;-981.4198437499999
30622;2020-02-23 00:00:00;08:00;2020-02-23 08:00:00;20.0;1.0;-16.9;-19.6;-45.78375;15.0;-981.4198437499999
30622;2020-02-23 00:00:00;05:00;2020-02-23 05:00:00;;;-9.2;-11.4;-45.78375;15.0;-981.4198437499999
30622;2020-02-23 00:00:00;02:00;2020-02-23 02:00:00;;;-12.6;-14.7;-45.78375;15.0;-981.4198437499999
30622;2020-02-22 00:00:00;23:00;2020-02-22 23:00:00;;;-10.7;-12.9;-57.97796875000001;14.0;-935.6360937499999
30622;2020-02-22 00:00:00;20:00;2020-02-22 20:00:00;;0.0;-10.6;-14.1;-57.97796875000001;14.0;-935.6360937499999
30622;2020-02-22 00:00:00;17:00;2020-02-22 17:00:00;;;-10.2;-16.2;-57.97796875000001;14.0;-935.6360937499999
30622;2020-02-22 00:00:00;14:00;2020-02-22 14:00:00;;;-11.9;-17.6;-57.97796875000001;14.0;-935.6360937499999
30622;2020-02-22 00:00:00;11:00;2020-02-22 11:00:00;;;-16.8;-20.2;-57.97796875000001;14.0;-935.6360937499999
30622;2020-02-22 00:00:00;08:00;2020-02-22 08:00:00;19.0;0.0;-21.0;-24.0;-57.97796875000001;14.0;-935.6360937499999
30622;2020-02-22 00:00:00;05:00;2020-02-22 05:00:00;;;-21.7;-24.7;-57.97796875000001;14.0;-935.6360937499999
30622;2020-02-22 00:00:00;02:00;2020-02-22 02:00:00;;;-21.2;-24.3;-57.97796875000001;14.0;-935.6360937499999
30622;2020-02-21 00:00:00;23:00;2020-02-21 23:00:00;;;-19.0;-21.9;-76.74953124999995;13.0;-877.6581249999998
30622;2020-02-21 00:00:00;20:00;2020-02-21 20:00:00;;0.0;-16.7;-20.1;-76.74953124999995;13.0;-877.6581249999998
30622;2020-02-21 00:00:00;17:00;2020-02-21 17:00:00;;;-10.7;-17.3;-76.74953124999995;13.0;-877.6581249999998
30622;2020-02-21 00:00:00;14:00;2020-02-21 14:00:00;;;-11.6;-18.6;-76.74953124999995;13.0;-877.6581249999998
30622;2020-02-21 00:00:00;11:00;2020-02-21 11:00:00;;;-20.0;-23.4;-76.74953124999995;13.0;-877.6581249999998
30622;2020-02-21 00:00:00;08:00;2020-02-21 08:00:00;19.0;0.0;-25.5;-28.8;-76.74953124999995;13.0;-877.6581249999998
30622;2020-02-21 00:00:00;05:00;2020-02-21 05:00:00;;;-24.0;-27.3;-76.74953124999995;13.0;-877.6581249999998
30622;2020-02-21 00:00:00;02:00;2020-02-21 02:00:00;;;-21.8;-24.8;-76.74953124999995;13.0;-877.6581249999998
30622;2020-02-20 00:00:00;23:00;2020-02-20 23:00:00;;;-19.1;-21.9;-64.92609374999998;12.0;-800.9085937499999
30622;2020-02-20 00:00:00;20:00;2020-02-20 20:00:00;;0.0;-16.4;-19.1;-64.92609374999998;12.0;-800.9085937499999
30622;2020-02-20 00:00:00;17:00;2020-02-20 17:00:00;;;-8.1;-15.6;-64.92609374999998;12.0;-800.9085937499999
30622;2020-02-20 00:00:00;14:00;2020-02-20 14:00:00;;;-10.6;-17.0;-64.92609374999998;12.0;-800.9085937499999
30622;2020-02-20 00:00:00;11:00;2020-02-20 11:00:00;;;-15.4;-20.0;-64.92609374999998;12.0;-800.9085937499999
30622;2020-02-20 00:00:00;08:00;2020-02-20 08:00:00;19.0;0.2;-18.1;-21.1;-64.92609374999998;12.0;-800.9085937499999
30622;2020-02-20 00:00:00;05:00;2020-02-20 05:00:00;;;-18.9;-21.8;-64.92609374999998;12.0;-800.9085937499999
30622;2020-02-20 00:00:00;02:00;2020-02-20 02:00:00;;;-19.7;-22.7;-64.92609374999998;12.0;-800.9085937499999
30622;2020-02-19 00:00:00;23:00;2020-02-19 23:00:00;;;-18.7;-21.5;-88.35718749999998;11.0;-735.9825
30622;2020-02-19 00:00:00;20:00;2020-02-19 20:00:00;;0.0;-15.8;-20.0;-88.35718749999998;11.0;-735.9825
30622;2020-02-19 00:00:00;17:00;2020-02-19 17:00:00;;;-13.9;-19.6;-88.35718749999998;11.0;-735.9825
30622;2020-02-19 00:00:00;14:00;2020-02-19 14:00:00;;;-15.7;-21.9;-88.35718749999998;11.0;-735.9825
30622;2020-02-19 00:00:00;11:00;2020-02-19 11:00:00;;;-23.3;-27.0;-88.35718749999998;11.0;-735.9825
30622;2020-02-19 00:00:00;08:00;2020-02-19 08:00:00;19.0;0.0;-28.6;-32.6;-88.35718749999998;11.0;-735.9825
30622;2020-02-19 00:00:00;05:00;2020-02-19 05:00:00;;;-27.0;-30.7;-88.35718749999998;11.0;-735.9825
30622;2020-02-19 00:00:00;02:00;2020-02-19 02:00:00;;;-24.8;-28.2;-88.35718749999998;11.0;-735.9825
30622;2020-02-18 00:00:00;23:00;2020-02-18 23:00:00;;;-21.7;-25.0;-92.35781250000004;10.0;-647.6253125
30622;2020-02-18 00:00:00;20:00;2020-02-18 20:00:00;;0.0;-19.7;-23.6;-92.35781250000004;10.0;-647.6253125
30622;2020-02-18 00:00:00;17:00;2020-02-18 17:00:00;;;-15.5;-20.5;-92.35781250000004;10.0;-647.6253125
30622;2020-02-18 00:00:00;14:00;2020-02-18 14:00:00;;;-17.7;-22.8;-92.35781250000004;10.0;-647.6253125
30622;2020-02-18 00:00:00;11:00;2020-02-18 11:00:00;;;-25.0;-28.7;-92.35781250000004;10.0;-647.6253125
30622;2020-02-18 00:00:00;08:00;2020-02-18 08:00:00;19.0;0.0;-28.8;-32.8;-92.35781250000004;10.0;-647.6253125
30622;2020-02-18 00:00:00;05:00;2020-02-18 05:00:00;;;-28.4;-32.3;-92.35781250000004;10.0;-647.6253125
30622;2020-02-18 00:00:00;02:00;2020-02-18 02:00:00;;;-26.2;-29.6;-92.35781250000004;10.0;-647.6253125
30622;2020-02-17 00:00:00;23:00;2020-02-17 23:00:00;;;-24.4;-27.5;-98.17812499999998;9.0;-555.2674999999999
30622;2020-02-17 00:00:00;20:00;2020-02-17 20:00:00;;0.0;-19.7;-23.9;-98.17812499999998;9.0;-555.2674999999999
30622;2020-02-17 00:00:00;17:00;2020-02-17 17:00:00;;;-13.0;-19.9;-98.17812499999998;9.0;-555.2674999999999
30622;2020-02-17 00:00:00;14:00;2020-02-17 14:00:00;;;-15.9;-22.1;-98.17812499999998;9.0;-555.2674999999999
30622;2020-02-17 00:00:00;11:00;2020-02-17 11:00:00;;;-23.4;-27.2;-98.17812499999998;9.0;-555.2674999999999
30622;2020-02-17 00:00:00;08:00;2020-02-17 08:00:00;19.0;0.0;-28.0;-31.8;-98.17812499999998;9.0;-555.2674999999999
30622;2020-02-17 00:00:00;05:00;2020-02-17 05:00:00;;;-26.8;-30.7;-98.17812499999998;9.0;-555.2674999999999
30622;2020-02-17 00:00:00;02:00;2020-02-17 02:00:00;;;-25.3;-29.0;-98.17812499999998;9.0;-555.2674999999999
30622;2020-02-16 00:00:00;23:00;2020-02-16 23:00:00;;;-23.7;-27.1;-100.77375000000002;8.0;-457.0893749999999
30622;2020-02-16 00:00:00;20:00;2020-02-16 20:00:00;;0.0;-21.3;-24.9;-100.77375000000002;8.0;-457.0893749999999
30622;2020-02-16 00:00:00;17:00;2020-02-16 17:00:00;;;-14.7;-21.6;-100.77375000000002;8.0;-457.0893749999999
30622;2020-02-16 00:00:00;14:00;2020-02-16 14:00:00;;;-17.0;-23.3;-100.77375000000002;8.0;-457.0893749999999
30622;2020-02-16 00:00:00;11:00;2020-02-16 11:00:00;;;-24.8;-29.1;-100.77375000000002;8.0;-457.0893749999999
30622;2020-02-16 00:00:00;08:00;2020-02-16 08:00:00;19.0;0.0;-29.3;-33.1;-100.77375000000002;8.0;-457.0893749999999
30622;2020-02-16 00:00:00;05:00;2020-02-16 05:00:00;;;-27.8;-31.3;-100.77375000000002;8.0;-457.0893749999999
30622;2020-02-16 00:00:00;02:00;2020-02-16 02:00:00;;;-26.2;-29.3;-100.77375000000002;8.0;-457.0893749999999
30622;2020-02-15 00:00:00;23:00;2020-02-15 23:00:00;;;-24.2;-27.5;-110.12734375;7.0;-356.3156249999999
30622;2020-02-15 00:00:00;20:00;2020-02-15 20:00:00;;0.0;-20.4;-24.9;-110.12734375;7.0;-356.3156249999999
30622;2020-02-15 00:00:00;17:00;2020-02-15 17:00:00;;;-15.9;-22.3;-110.12734375;7.0;-356.3156249999999
30622;2020-02-15 00:00:00;14:00;2020-02-15 14:00:00;;;-19.5;-25.6;-110.12734375;7.0;-356.3156249999999
30622;2020-02-15 00:00:00;11:00;2020-02-15 11:00:00;;;-25.2;-29.7;-110.12734375;7.0;-356.3156249999999
30622;2020-02-15 00:00:00;08:00;2020-02-15 08:00:00;19.0;0.0;-30.8;-34.8;-110.12734375;7.0;-356.3156249999999
30622;2020-02-15 00:00:00;05:00;2020-02-15 05:00:00;;;-29.6;-33.6;-110.12734375;7.0;-356.3156249999999
30622;2020-02-15 00:00:00;02:00;2020-02-15 02:00:00;;;-27.5;-31.2;-110.12734375;7.0;-356.3156249999999
30622;2020-02-14 00:00:00;23:00;2020-02-14 23:00:00;;;-25.2;-28.9;-112.17374999999993;6.0;-246.1882812499999
30622;2020-02-14 00:00:00;20:00;2020-02-14 20:00:00;;0.0;-22.6;-26.5;-112.17374999999993;6.0;-246.1882812499999
30622;2020-02-14 00:00:00;17:00;2020-02-14 17:00:00;;;-16.8;-23.3;-112.17374999999993;6.0;-246.1882812499999
30622;2020-02-14 00:00:00;14:00;2020-02-14 14:00:00;;;-20.4;-25.7;-112.17374999999993;6.0;-246.1882812499999
30622;2020-02-14 00:00:00;11:00;2020-02-14 11:00:00;;;-25.6;-29.5;-112.17374999999993;6.0;-246.1882812499999
30622;2020-02-14 00:00:00;08:00;2020-02-14 08:00:00;19.0;0.0;-31.5;-35.8;-112.17374999999993;6.0;-246.1882812499999
30622;2020-02-14 00:00:00;05:00;2020-02-14 05:00:00;;;-30.4;-34.3;-112.17374999999993;6.0;-246.1882812499999
30622;2020-02-14 00:00:00;02:00;2020-02-14 02:00:00;;;-30.3;-34.2;-112.17374999999993;6.0;-246.1882812499999
30622;2020-02-13 00:00:00;23:00;2020-02-13 23:00:00;;;-27.6;-31.0;-92.33749999999996;5.0;-134.01453124999998
30622;2020-02-13 00:00:00;20:00;2020-02-13 20:00:00;;0.0;-22.8;-25.9;-92.33749999999996;5.0;-134.01453124999998
30622;2020-02-13 00:00:00;17:00;2020-02-13 17:00:00;;;-15.0;-21.7;-92.33749999999996;5.0;-134.01453124999998
30622;2020-02-13 00:00:00;14:00;2020-02-13 14:00:00;;;-16.9;-23.4;-92.33749999999996;5.0;-134.01453124999998
30622;2020-02-13 00:00:00;11:00;2020-02-13 11:00:00;;;-21.1;-24.6;-92.33749999999996;5.0;-134.01453124999998
30622;2020-02-13 00:00:00;08:00;2020-02-13 08:00:00;19.0;0.0;-23.1;-26.4;-92.33749999999996;5.0;-134.01453124999998
30622;2020-02-13 00:00:00;05:00;2020-02-13 05:00:00;;;-25.5;-28.9;-92.33749999999996;5.0;-134.01453124999998
30622;2020-02-13 00:00:00;02:00;2020-02-13 02:00:00;;;-26.0;-29.3;-92.33749999999996;5.0;-134.01453124999998
30622;2020-12-02 00:00:00;23:00;2020-12-02 23:00:00;;;-22.8;-26.3;-98.51703124999999;21.0;-1303.1339062500003
30622;2020-12-02 00:00:00;20:00;2020-12-02 20:00:00;;0.0;-21.2;-25.3;-98.51703124999999;21.0;-1303.1339062500003
30622;2020-12-02 00:00:00;17:00;2020-12-02 17:00:00;;;-18.1;-24.0;-98.51703124999999;21.0;-1303.1339062500003
30622;2020-12-02 00:00:00;14:00;2020-12-02 14:00:00;;;-19.7;-25.8;-98.51703124999999;21.0;-1303.1339062500003
30622;2020-12-02 00:00:00;11:00;2020-12-02 11:00:00;;;-25.6;-29.4;-98.51703124999999;21.0;-1303.1339062500003
30622;2020-12-02 00:00:00;08:00;2020-12-02 08:00:00;19.0;0.0;-28.6;-32.4;-98.51703124999999;21.0;-1303.1339062500003
30622;2020-12-02 00:00:00;05:00;2020-12-02 05:00:00;;;-25.9;-29.2;-98.51703124999999;21.0;-1303.1339062500003
30622;2020-12-02 00:00:00;02:00;2020-12-02 02:00:00;;;-23.0;-26.6;-98.51703124999999;21.0;-1303.1339062500003
30622;2020-11-02 00:00:00;23:00;2020-11-02 23:00:00;;;-15.2;-22.0;-55.6171875;36.0;142.91624999999988
30622;2020-11-02 00:00:00;20:00;2020-11-02 20:00:00;;0.0;-12.8;-19.7;-55.6171875;36.0;142.91624999999988
30622;2020-11-02 00:00:00;17:00;2020-11-02 17:00:00;;;-7.3;-15.6;-55.6171875;36.0;142.91624999999988
30622;2020-11-02 00:00:00;14:00;2020-11-02 14:00:00;;;-5.4;-15.0;-55.6171875;36.0;142.91624999999988
30622;2020-11-02 00:00:00;11:00;2020-11-02 11:00:00;;;-4.2;-12.5;-55.6171875;36.0;142.91624999999988
30622;2020-11-02 00:00:00;08:00;2020-11-02 08:00:00;21.0;0.0;-3.0;-13.4;-55.6171875;36.0;142.91624999999988
30622;2020-11-02 00:00:00;05:00;2020-11-02 05:00:00;;;-7.0;-9.9;-55.6171875;36.0;142.91624999999988
30622;2020-11-02 00:00:00;02:00;2020-11-02 02:00:00;;;-8.1;-11.4;-55.6171875;36.0;142.91624999999988
30622;2020-10-02 00:00:00;23:00;2020-10-02 23:00:00;;;-7.0;-10.9;-47.040000000000006;5.0;-43.13562500000002
30622;2020-10-02 00:00:00;20:00;2020-10-02 20:00:00;;0.0;-3.5;-9.9;-47.040000000000006;5.0;-43.13562500000002
30622;2020-10-02 00:00:00;17:00;2020-10-02 17:00:00;;;-8.0;-13.4;-47.040000000000006;5.0;-43.13562500000002
30622;2020-10-02 00:00:00;14:00;2020-10-02 14:00:00;;;-7.4;-14.2;-47.040000000000006;5.0;-43.13562500000002
30622;2020-10-02 00:00:00;11:00;2020-10-02 11:00:00;;;-14.9;-18.1;-47.040000000000006;5.0;-43.13562500000002
30622;2020-10-02 00:00:00;08:00;2020-10-02 08:00:00;22.0;0.0;-18.3;-20.9;-47.040000000000006;5.0;-43.13562500000002
30622;2020-10-02 00:00:00;05:00;2020-10-02 05:00:00;;;-16.3;-19.0;-47.040000000000006;5.0;-43.13562500000002
30622;2020-10-02 00:00:00;02:00;2020-10-02 02:00:00;;;-14.2;-16.8;-47.040000000000006;5.0;-43.13562500000002
30622;2020-09-02 00:00:00;23:00;2020-09-02 23:00:00;;;-11.3;-15.2;-63.60250000000001;5.0;116.26859374999998
30622;2020-09-02 00:00:00;20:00;2020-09-02 20:00:00;;0.0;-14.1;-17.8;-63.60250000000001;5.0;116.26859374999998
30622;2020-09-02 00:00:00;17:00;2020-09-02 17:00:00;;;-12.4;-17.1;-63.60250000000001;5.0;116.26859374999998
30622;2020-09-02 00:00:00;14:00;2020-09-02 14:00:00;;;-13.3;-18.5;-63.60250000000001;5.0;116.26859374999998
30622;2020-09-02 00:00:00;11:00;2020-09-02 11:00:00;;;-17.6;-21.2;-63.60250000000001;5.0;116.26859374999998
30622;2020-09-02 00:00:00;08:00;2020-09-02 08:00:00;22.0;0.0;-20.4;-23.4;-63.60250000000001;5.0;116.26859374999998
30622;2020-09-02 00:00:00;05:00;2020-09-02 05:00:00;;;-21.3;-24.4;-63.60250000000001;5.0;116.26859374999998
30622;2020-09-02 00:00:00;02:00;2020-09-02 02:00:00;;;-23.5;-26.7;-63.60250000000001;5.0;116.26859374999998
30622;2020-08-02 00:00:00;23:00;2020-08-02 23:00:00;;;-23.4;-26.6;-83.89406250000005;3.0;13.804999999999978
30622;2020-08-02 00:00:00;20:00;2020-08-02 20:00:00;;0.0;-20.5;-23.5;-83.89406250000005;3.0;13.804999999999978
30622;2020-08-02 00:00:00;17:00;2020-08-02 17:00:00;;;-13.8;-20.2;-83.89406250000005;3.0;13.804999999999978
30622;2020-08-02 00:00:00;14:00;2020-08-02 14:00:00;;;-16.0;-21.0;-83.89406250000005;3.0;13.804999999999978
30622;2020-08-02 00:00:00;11:00;2020-08-02 11:00:00;;;-19.2;-23.4;-83.89406250000005;3.0;13.804999999999978
30622;2020-08-02 00:00:00;08:00;2020-08-02 08:00:00;22.0;0.0;-22.9;-26.4;-83.89406250000005;3.0;13.804999999999978
30622;2020-08-02 00:00:00;05:00;2020-08-02 05:00:00;;;-22.9;-26.4;-83.89406250000005;3.0;13.804999999999978
30622;2020-08-02 00:00:00;02:00;2020-08-02 02:00:00;;;-26.0;-29.8;-83.89406250000005;3.0;13.804999999999978
30622;2020-07-02 00:00:00;23:00;2020-07-02 23:00:00;;;-27.5;-30.9;-121.26999999999997;9.0;1297.1825
30622;2020-07-02 00:00:00;20:00;2020-07-02 20:00:00;;0.0;-24.7;-28.9;-121.26999999999997;9.0;1297.1825
30622;2020-07-02 00:00:00;17:00;2020-07-02 17:00:00;;;-19.5;-25.5;-121.26999999999997;9.0;1297.1825
30622;2020-07-02 00:00:00;14:00;2020-07-02 14:00:00;;;-22.2;-28.1;-121.26999999999997;9.0;1297.1825
30622;2020-07-02 00:00:00;11:00;2020-07-02 11:00:00;;;-28.1;-32.4;-121.26999999999997;9.0;1297.1825
30622;2020-07-02 00:00:00;08:00;2020-07-02 08:00:00;22.0;0.0;-32.4;-36.9;-121.26999999999997;9.0;1297.1825
30622;2020-07-02 00:00:00;05:00;2020-07-02 05:00:00;;;-31.3;-35.3;-121.26999999999997;9.0;1297.1825
30622;2020-07-02 00:00:00;02:00;2020-07-02 02:00:00;;;-28.7;-32.6;-121.26999999999997;9.0;1297.1825
30622;2020-06-02 00:00:00;23:00;2020-06-02 23:00:00;;;-27.7;-31.1;-92.421875;12.0;1824.86828125
30622;2020-06-02 00:00:00;20:00;2020-06-02 20:00:00;;0.2;-23.9;-27.3;-92.421875;12.0;1824.86828125
30622;2020-06-02 00:00:00;17:00;2020-06-02 17:00:00;;;-16.3;-21.8;-92.421875;12.0;1824.86828125
30622;2020-06-02 00:00:00;14:00;2020-06-02 14:00:00;;;-17.5;-22.8;-92.421875;12.0;1824.86828125
30622;2020-06-02 00:00:00;11:00;2020-06-02 11:00:00;;;-21.6;-25.8;-92.421875;12.0;1824.86828125
30622;2020-06-02 00:00:00;08:00;2020-06-02 08:00:00;22.0;0.4;-24.3;-27.9;-92.421875;12.0;1824.86828125
30622;2020-06-02 00:00:00;05:00;2020-06-02 05:00:00;;;-25.9;-29.4;-92.421875;12.0;1824.86828125
30622;2020-06-02 00:00:00;02:00;2020-06-02 02:00:00;;;-24.8;-28.4;-92.421875;12.0;1824.86828125
30622;2020-05-02 00:00:00;23:00;2020-05-02 23:00:00;;;-24.2;-27.4;-109.73484374999991;54.0;1315.3790625000001
30622;2020-05-02 00:00:00;20:00;2020-05-02 20:00:00;;0.7;-22.3;-25.9;-109.73484374999991;54.0;1315.3790625000001
30622;2020-05-02 00:00:00;17:00;2020-05-02 17:00:00;;;-18.8;-22.9;-109.73484374999991;54.0;1315.3790625000001
30622;2020-05-02 00:00:00;14:00;2020-05-02 14:00:00;;;-20.1;-25.4;-109.73484374999991;54.0;1315.3790625000001
30622;2020-05-02 00:00:00;11:00;2020-05-02 11:00:00;;;-23.8;-28.9;-109.73484374999991;54.0;1315.3790625000001
30622;2020-05-02 00:00:00;08:00;2020-05-02 08:00:00;21.0;0.0;-26.0;-30.7;-109.73484374999991;54.0;1315.3790625000001
30622;2020-05-02 00:00:00;05:00;2020-05-02 05:00:00;;;-26.7;-32.5;-109.73484374999991;54.0;1315.3790625000001
30622;2020-05-02 00:00:00;02:00;2020-05-02 02:00:00;;;-27.4;-32.7;-109.73484374999991;54.0;1315.3790625000001
30622;2020-04-02 00:00:00;23:00;2020-04-02 23:00:00;;;-28.1;-33.7;-202.9312499999999;24.0;-628.35421875
30622;2020-04-02 00:00:00;20:00;2020-04-02 20:00:00;;0.0;-28.6;-34.5;-202.9312499999999;24.0;-628.35421875
30622;2020-04-02 00:00:00;17:00;2020-04-02 17:00:00;;;-27.9;-35.4;-202.9312499999999;24.0;-628.35421875
30622;2020-04-02 00:00:00;14:00;2020-04-02 14:00:00;;;-31.3;-38.0;-202.9312499999999;24.0;-628.35421875
30622;2020-04-02 00:00:00;11:00;2020-04-02 11:00:00;;;-37.2;-42.4;-202.9312499999999;24.0;-628.35421875
30622;2020-04-02 00:00:00;08:00;2020-04-02 08:00:00;21.0;0.0;-41.1;-46.7;-202.9312499999999;24.0;-628.35421875
30622;2020-04-02 00:00:00;05:00;2020-04-02 05:00:00;;;-40.2;-45.7;-202.9312499999999;24.0;-628.35421875
30622;2020-04-02 00:00:00;02:00;2020-04-02 02:00:00;;;-39.6;-45.0;-202.9312499999999;24.0;-628.35421875
30622;2020-03-02 00:00:00;23:00;2020-03-02 23:00:00;;;-36.7;-41.6;-173.10218749999996;23.0;-1676.9257812499998
30622;2020-03-02 00:00:00;20:00;2020-03-02 20:00:00;;0.0;-34.3;-38.7;-173.10218749999996;23.0;-1676.9257812499998
30622;2020-03-02 00:00:00;17:00;2020-03-02 17:00:00;;;-28.3;-35.0;-173.10218749999996;23.0;-1676.9257812499998
30622;2020-03-02 00:00:00;14:00;2020-03-02 14:00:00;;;-30.3;-35.9;-173.10218749999996;23.0;-1676.9257812499998
30622;2020-03-02 00:00:00;11:00;2020-03-02 11:00:00;;;-36.1;-41.1;-173.10218749999996;23.0;-1676.9257812499998
30622;2020-03-02 00:00:00;08:00;2020-03-02 08:00:00;21.0;0.0;-36.7;-41.6;-173.10218749999996;23.0;-1676.9257812499998
30622;2020-03-02 00:00:00;05:00;2020-03-02 05:00:00;;;-35.7;-40.4;-173.10218749999996;23.0;-1676.9257812499998
30622;2020-03-02 00:00:00;02:00;2020-03-02 02:00:00;;;-34.1;-38.6;-173.10218749999996;23.0;-1676.9257812499998
30622;2020-02-02 00:00:00;23:00;2020-02-02 23:00:00;;;-32.1;-36.4;-123.9218750000001;25.0;-2445.8537818877553
30622;2020-02-02 00:00:00;20:00;2020-02-02 20:00:00;;0.0;-31.7;-35.5;-123.9218750000001;25.0;-2445.8537818877553
30622;2020-02-02 00:00:00;17:00;2020-02-02 17:00:00;;;-22.0;-27.9;-123.9218750000001;25.0;-2445.8537818877553
30622;2020-02-02 00:00:00;14:00;2020-02-02 14:00:00;;;-24.6;-30.0;-123.9218750000001;25.0;-2445.8537818877553
30622;2020-02-02 00:00:00;11:00;2020-02-02 11:00:00;;;-29.0;-33.1;-123.9218750000001;25.0;-2445.8537818877553
30622;2020-02-02 00:00:00;08:00;2020-02-02 08:00:00;21.0;0.0;-32.5;-36.6;-123.9218750000001;25.0;-2445.8537818877553
30622;2020-02-02 00:00:00;05:00;2020-02-02 05:00:00;;;-27.3;-31.2;-123.9218750000001;25.0;-2445.8537818877553
30622;2020-02-02 00:00:00;02:00;2020-02-02 02:00:00;;;-27.4;-30.9;-123.9218750000001;25.0;-2445.8537818877553
30622;2020-01-02 00:00:00;23:00;2020-01-02 23:00:00;;;-25.6;-29.3;-117.35937500000009;24.0;-2497.767672193878
30622;2020-01-02 00:00:00;20:00;2020-01-02 20:00:00;;0.0;-23.7;-28.0;-117.35937500000009;24.0;-2497.767672193878
30622;2020-01-02 00:00:00;17:00;2020-01-02 17:00:00;;;-22.6;-28.0;-117.35937500000009;24.0;-2497.767672193878
30622;2020-01-02 00:00:00;14:00;2020-01-02 14:00:00;;;-24.6;-29.7;-117.35937500000009;24.0;-2497.767672193878
30622;2020-01-02 00:00:00;11:00;2020-01-02 11:00:00;;;-27.8;-31.8;-117.35937500000009;24.0;-2497.767672193878
30622;2020-01-02 00:00:00;08:00;2020-01-02 08:00:00;21.0;0.0;-29.9;-34.1;-117.35937500000009;24.0;-2497.767672193878
30622;2020-01-02 00:00:00;05:00;2020-01-02 05:00:00;;;-29.4;-33.5;-117.35937500000009;24.0;-2497.767672193878
30622;2020-01-02 00:00:00;02:00;2020-01-02 02:00:00;;;-31.0;-35.2;-117.35937500000009;24.0;-2497.767672193878
30622;2020-01-31 00:00:00;23:00;2020-01-31 23:00:00;;;-28.8;-32.6;-101.04640625000002;23.0;-2192.7796875000004
30622;2020-01-31 00:00:00;20:00;2020-01-31 20:00:00;;0.0;-26.3;-29.5;-101.04640625000002;23.0;-2192.7796875000004
30622;2020-01-31 00:00:00;17:00;2020-01-31 17:00:00;;;-18.2;-25.0;-101.04640625000002;23.0;-2192.7796875000004
30622;2020-01-31 00:00:00;14:00;2020-01-31 14:00:00;;;-20.7;-26.8;-101.04640625000002;23.0;-2192.7796875000004
30622;2020-01-31 00:00:00;11:00;2020-01-31 11:00:00;;;-25.0;-28.5;-101.04640625000002;23.0;-2192.7796875000004
30622;2020-01-31 00:00:00;08:00;2020-01-31 08:00:00;21.0;0.0;-28.4;-32.2;-101.04640625000002;23.0;-2192.7796875000004
30622;2020-01-31 00:00:00;05:00;2020-01-31 05:00:00;;;-22.3;-25.4;-101.04640625000002;23.0;-2192.7796875000004
30622;2020-01-31 00:00:00;02:00;2020-01-31 02:00:00;;;-15.6;-20.2;-101.04640625000002;23.0;-2192.7796875000004
30622;2020-01-30 00:00:00;23:00;2020-01-30 23:00:00;;;-14.1;-18.0;-59.23249999999999;22.0;-2091.7332812500003
30622;2020-01-30 00:00:00;20:00;2020-01-30 20:00:00;;0.0;-12.4;-16.6;-59.23249999999999;22.0;-2091.7332812500003
30622;2020-01-30 00:00:00;17:00;2020-01-30 17:00:00;;;-8.5;-14.8;-59.23249999999999;22.0;-2091.7332812500003
30622;2020-01-30 00:00:00;14:00;2020-01-30 14:00:00;;;-6.6;-14.0;-59.23249999999999;22.0;-2091.7332812500003
30622;2020-01-30 00:00:00;11:00;2020-01-30 11:00:00;;;-11.7;-15.4;-59.23249999999999;22.0;-2091.7332812500003
30622;2020-01-30 00:00:00;08:00;2020-01-30 08:00:00;21.0;0.0;-15.9;-18.7;-59.23249999999999;22.0;-2091.7332812500003
30622;2020-01-30 00:00:00;05:00;2020-01-30 05:00:00;;;-17.2;-20.2;-59.23249999999999;22.0;-2091.7332812500003
30622;2020-01-30 00:00:00;02:00;2020-01-30 02:00:00;;;-23.8;-26.9;-59.23249999999999;22.0;-2091.7332812500003
30622;2020-01-29 00:00:00;23:00;2020-01-29 23:00:00;;;-22.4;-25.5;-94.03406249999998;21.0;-2032.5007812500003
30622;2020-01-29 00:00:00;20:00;2020-01-29 20:00:00;;0.0;-22.0;-29.1;-94.03406249999998;21.0;-2032.5007812500003
30622;2020-01-29 00:00:00;17:00;2020-01-29 17:00:00;;;-17.2;-21.1;-94.03406249999998;21.0;-2032.5007812500003
30622;2020-01-29 00:00:00;14:00;2020-01-29 14:00:00;;;-18.9;-22.2;-94.03406249999998;21.0;-2032.5007812500003
30622;2020-01-29 00:00:00;11:00;2020-01-29 11:00:00;;;-24.8;-28.3;-94.03406249999998;21.0;-2032.5007812500003
30622;2020-01-29 00:00:00;08:00;2020-01-29 08:00:00;21.0;0.0;-28.5;-32.4;-94.03406249999998;21.0;-2032.5007812500003
30622;2020-01-29 00:00:00;05:00;2020-01-29 05:00:00;;;-27.3;-31.0;-94.03406249999998;21.0;-2032.5007812500003
30622;2020-01-29 00:00:00;02:00;2020-01-29 02:00:00;;;-25.8;-29.5;-94.03406249999998;21.0;-2032.5007812500003
30622;2020-01-28 00:00:00;23:00;2020-01-28 23:00:00;;;-24.1;-27.6;-83.44343750000003;20.0;-1938.4667187500004
30622;2020-01-28 00:00:00;20:00;2020-01-28 20:00:00;;0.0;-23.3;-26.6;-83.44343750000003;20.0;-1938.4667187500004
30622;2020-01-28 00:00:00;17:00;2020-01-28 17:00:00;;;-20.9;-24.0;-83.44343750000003;20.0;-1938.4667187500004
30622;2020-01-28 00:00:00;14:00;2020-01-28 14:00:00;;;-21.7;-25.0;-83.44343750000003;20.0;-1938.4667187500004
30622;2020-01-28 00:00:00;11:00;2020-01-28 11:00:00;;;-26.8;-30.6;-83.44343750000003;20.0;-1938.4667187500004
30622;2020-01-28 00:00:00;08:00;2020-01-28 08:00:00;21.0;0.0;-26.7;-30.5;-83.44343750000003;20.0;-1938.4667187500004
30622;2020-01-28 00:00:00;05:00;2020-01-28 05:00:00;;;-24.7;-28.3;-83.44343750000003;20.0;-1938.4667187500004
30622;2020-01-28 00:00:00;02:00;2020-01-28 02:00:00;;;-23.9;-27.3;-83.44343750000003;20.0;-1938.4667187500004
30622;2020-01-27 00:00:00;23:00;2020-01-27 23:00:00;;;-20.8;-23.8;-84.48984375;19.0;-1855.0232812500003
30622;2020-01-27 00:00:00;20:00;2020-01-27 20:00:00;;0.0;-18.3;-21.6;-84.48984375;19.0;-1855.0232812500003
30622;2020-01-27 00:00:00;17:00;2020-01-27 17:00:00;;;-17.2;-21.5;-84.48984375;19.0;-1855.0232812500003
30622;2020-01-27 00:00:00;14:00;2020-01-27 14:00:00;;;-19.4;-23.7;-84.48984375;19.0;-1855.0232812500003
30622;2020-01-27 00:00:00;11:00;2020-01-27 11:00:00;;;-25.7;-29.4;-84.48984375;19.0;-1855.0232812500003
30622;2020-01-27 00:00:00;08:00;2020-01-27 08:00:00;21.0;0.0;-28.0;-31.7;-84.48984375;19.0;-1855.0232812500003
30622;2020-01-27 00:00:00;05:00;2020-01-27 05:00:00;;;-27.5;-31.2;-84.48984375;19.0;-1855.0232812500003
30622;2020-01-27 00:00:00;02:00;2020-01-27 02:00:00;;;-26.4;-29.9;-84.48984375;19.0;-1855.0232812500003
30622;2020-01-26 00:00:00;23:00;2020-01-26 23:00:00;;;-26.0;-29.2;-98.15968750000005;18.0;-1770.5334375000002
30622;2020-01-26 00:00:00;20:00;2020-01-26 20:00:00;;0.0;-22.6;-26.3;-98.15968750000005;18.0;-1770.5334375000002
30622;2020-01-26 00:00:00;17:00;2020-01-26 17:00:00;;;-20.0;-24.8;-98.15968750000005;18.0;-1770.5334375000002
30622;2020-01-26 00:00:00;14:00;2020-01-26 14:00:00;;;-20.5;-26.1;-98.15968750000005;18.0;-1770.5334375000002
30622;2020-01-26 00:00:00;11:00;2020-01-26 11:00:00;;;-25.2;-29.0;-98.15968750000005;18.0;-1770.5334375000002
30622;2020-01-26 00:00:00;08:00;2020-01-26 08:00:00;21.0;0.0;-27.7;-31.6;-98.15968750000005;18.0;-1770.5334375000002
30622;2020-01-26 00:00:00;05:00;2020-01-26 05:00:00;;;-26.0;-29.6;-98.15968750000005;18.0;-1770.5334375000002
30622;2020-01-26 00:00:00;02:00;2020-01-26 02:00:00;;;-27.1;-30.7;-98.15968750000005;18.0;-1770.5334375000002
30622;2020-01-25 00:00:00;23:00;2020-01-25 23:00:00;;;-25.6;-29.0;-114.41062500000001;17.0;-1672.3737500000002
30622;2020-01-25 00:00:00;20:00;2020-01-25 20:00:00;;0.0;-23.5;-27.4;-114.41062500000001;17.0;-1672.3737500000002
30622;2020-01-25 00:00:00;17:00;2020-01-25 17:00:00;;;-19.9;-25.7;-114.41062500000001;17.0;-1672.3737500000002
30622;2020-01-25 00:00:00;14:00;2020-01-25 14:00:00;;;-19.4;-26.2;-114.41062500000001;17.0;-1672.3737500000002
30622;2020-01-25 00:00:00;11:00;2020-01-25 11:00:00;;;-23.8;-28.8;-114.41062500000001;17.0;-1672.3737500000002
30622;2020-01-25 00:00:00;08:00;2020-01-25 08:00:00;21.0;0.0;-26.9;-30.9;-114.41062500000001;17.0;-1672.3737500000002
30622;2020-01-25 00:00:00;05:00;2020-01-25 05:00:00;;;-27.9;-32.2;-114.41062500000001;17.0;-1672.3737500000002
30622;2020-01-25 00:00:00;02:00;2020-01-25 02:00:00;;;-26.2;-30.9;-114.41062500000001;17.0;-1672.3737500000002
30622;2020-01-24 00:00:00;23:00;2020-01-24 23:00:00;;;-27.6;-31.8;-152.57374999999996;16.0;-1557.9631250000002
30622;2020-01-24 00:00:00;20:00;2020-01-24 20:00:00;;0.0;-28.8;-33.3;-152.57374999999996;16.0;-1557.9631250000002
30622;2020-01-24 00:00:00;17:00;2020-01-24 17:00:00;;;-26.4;-32.0;-152.57374999999996;16.0;-1557.9631250000002
30622;2020-01-24 00:00:00;14:00;2020-01-24 14:00:00;;;-28.0;-33.9;-152.57374999999996;16.0;-1557.9631250000002
30622;2020-01-24 00:00:00;11:00;2020-01-24 11:00:00;;;-33.1;-37.7;-152.57374999999996;16.0;-1557.9631250000002
30622;2020-01-24 00:00:00;08:00;2020-01-24 08:00:00;21.0;0.0;-36.0;-40.9;-152.57374999999996;16.0;-1557.9631250000002
30622;2020-01-24 00:00:00;05:00;2020-01-24 05:00:00;;;-35.0;-39.7;-152.57374999999996;16.0;-1557.9631250000002
30622;2020-01-24 00:00:00;02:00;2020-01-24 02:00:00;;;-34.2;-39.0;-152.57374999999996;16.0;-1557.9631250000002
30622;2020-01-23 00:00:00;23:00;2020-01-23 23:00:00;;;-33.7;-38.3;-171.0843750000001;15.0;-1405.3893750000002
30622;2020-01-23 00:00:00;20:00;2020-01-23 20:00:00;;0.0;-34.0;-38.3;-171.0843750000001;15.0;-1405.3893750000002
30622;2020-01-23 00:00:00;17:00;2020-01-23 17:00:00;;;-29.6;-35.1;-171.0843750000001;15.0;-1405.3893750000002
30622;2020-01-23 00:00:00;14:00;2020-01-23 14:00:00;;;-30.2;-34.9;-171.0843750000001;15.0;-1405.3893750000002
30622;2020-01-23 00:00:00;11:00;2020-01-23 11:00:00;;;-35.1;-40.2;-171.0843750000001;15.0;-1405.3893750000002
30622;2020-01-23 00:00:00;08:00;2020-01-23 08:00:00;21.0;0.0;-39.7;-45.0;-171.0843750000001;15.0;-1405.3893750000002
30622;2020-01-23 00:00:00;05:00;2020-01-23 05:00:00;;;-37.9;-43.2;-171.0843750000001;15.0;-1405.3893750000002
30622;2020-01-23 00:00:00;02:00;2020-01-23 02:00:00;;;-36.3;-41.1;-171.0843750000001;15.0;-1405.3893750000002
30622;2020-01-22 00:00:00;23:00;2020-01-22 23:00:00;;;-31.2;-35.4;-143.21812500000013;14.0;-1234.305
30622;2020-01-22 00:00:00;20:00;2020-01-22 20:00:00;;0.0;-30.1;-34.1;-143.21812500000013;14.0;-1234.305
30622;2020-01-22 00:00:00;17:00;2020-01-22 17:00:00;;;-25.1;-30.3;-143.21812500000013;14.0;-1234.305
30622;2020-01-22 00:00:00;14:00;2020-01-22 14:00:00;;;-26.4;-31.4;-143.21812500000013;14.0;-1234.305
30622;2020-01-22 00:00:00;11:00;2020-01-22 11:00:00;;;-29.5;-33.9;-143.21812500000013;14.0;-1234.305
30622;2020-01-22 00:00:00;08:00;2020-01-22 08:00:00;21.0;0.0;-33.8;-38.4;-143.21812500000013;14.0;-1234.305
30622;2020-01-22 00:00:00;05:00;2020-01-22 05:00:00;;;-35.9;-40.8;-143.21812500000013;14.0;-1234.305
30622;2020-01-22 00:00:00;02:00;2020-01-22 02:00:00;;;-36.4;-41.0;-143.21812500000013;14.0;-1234.305
30622;2020-01-21 00:00:00;23:00;2020-01-21 23:00:00;;;-34.0;-38.3;-143.83124999999998;13.0;-1091.086875
30622;2020-01-21 00:00:00;20:00;2020-01-21 20:00:00;;0.0;-33.1;-37.5;-143.83124999999998;13.0;-1091.086875
30622;2020-01-21 00:00:00;17:00;2020-01-21 17:00:00;;;-28.4;-33.0;-143.83124999999998;13.0;-1091.086875
30622;2020-01-21 00:00:00;14:00;2020-01-21 14:00:00;;;-27.3;-32.1;-143.83124999999998;13.0;-1091.086875
30622;2020-01-21 00:00:00;11:00;2020-01-21 11:00:00;;;-32.3;-36.8;-143.83124999999998;13.0;-1091.086875
30622;2020-01-21 00:00:00;08:00;2020-01-21 08:00:00;21.0;0.0;-35.1;-39.8;-143.83124999999998;13.0;-1091.086875
30622;2020-01-21 00:00:00;05:00;2020-01-21 05:00:00;;;-34.3;-38.9;-143.83124999999998;13.0;-1091.086875
30622;2020-01-21 00:00:00;02:00;2020-01-21 02:00:00;;;-31.2;-35.3;-143.83124999999998;13.0;-1091.086875
30622;2020-01-20 00:00:00;23:00;2020-01-20 23:00:00;;;-27.8;-31.6;-123.51437500000006;12.0;-947.255625
30622;2020-01-20 00:00:00;20:00;2020-01-20 20:00:00;;0.4;-24.8;-28.4;-123.51437500000006;12.0;-947.255625
30622;2020-01-20 00:00:00;17:00;2020-01-20 17:00:00;;;-25.1;-28.8;-123.51437500000006;12.0;-947.255625
30622;2020-01-20 00:00:00;14:00;2020-01-20 14:00:00;;;-27.8;-31.9;-123.51437500000006;12.0;-947.255625
30622;2020-01-20 00:00:00;11:00;2020-01-20 11:00:00;;;-30.9;-35.2;-123.51437500000006;12.0;-947.255625
30622;2020-01-20 00:00:00;08:00;2020-01-20 08:00:00;21.0;0.0;-33.0;-37.4;-123.51437500000006;12.0;-947.255625
30622;2020-01-20 00:00:00;05:00;2020-01-20 05:00:00;;;-35.9;-40.9;-123.51437500000006;12.0;-947.255625
30622;2020-01-20 00:00:00;02:00;2020-01-20 02:00:00;;;-32.8;-37.1;-123.51437500000006;12.0;-947.255625
30622;2020-01-19 00:00:00;23:00;2020-01-19 23:00:00;;;-29.4;-33.2;-90.25734375000005;11.0;-823.7412499999999
30622;2020-01-19 00:00:00;20:00;2020-01-19 20:00:00;;0.0;-25.3;-28.3;-90.25734375000005;11.0;-823.7412499999999
30622;2020-01-19 00:00:00;17:00;2020-01-19 17:00:00;;;-14.8;-22.1;-90.25734375000005;11.0;-823.7412499999999
30622;2020-01-19 00:00:00;14:00;2020-01-19 14:00:00;;;-12.2;-20.7;-90.25734375000005;11.0;-823.7412499999999
30622;2020-01-19 00:00:00;11:00;2020-01-19 11:00:00;;;-14.4;-19.8;-90.25734375000005;11.0;-823.7412499999999
30622;2020-01-19 00:00:00;08:00;2020-01-19 08:00:00;21.0;1.0;-20.7;-23.7;-90.25734375000005;11.0;-823.7412499999999
30622;2020-01-19 00:00:00;05:00;2020-01-19 05:00:00;;;-20.0;-22.9;-90.25734375000005;11.0;-823.7412499999999
30622;2020-01-19 00:00:00;02:00;2020-01-19 02:00:00;;;-18.9;-22.1;-90.25734375000005;11.0;-823.7412499999999
30622;2020-01-18 00:00:00;23:00;2020-01-18 23:00:00;;;-20.1;-23.6;-106.17281249999996;10.0;-733.4839062499999
30622;2020-01-18 00:00:00;20:00;2020-01-18 20:00:00;;0.0;-21.4;-25.6;-106.17281249999996;10.0;-733.4839062499999
30622;2020-01-18 00:00:00;17:00;2020-01-18 17:00:00;;;-22.9;-27.2;-106.17281249999996;10.0;-733.4839062499999
30622;2020-01-18 00:00:00;14:00;2020-01-18 14:00:00;;;-24.9;-29.4;-106.17281249999996;10.0;-733.4839062499999
30622;2020-01-18 00:00:00;11:00;2020-01-18 11:00:00;;;-29.3;-33.5;-106.17281249999996;10.0;-733.4839062499999
30622;2020-01-18 00:00:00;08:00;2020-01-18 08:00:00;20.0;0.0;-30.5;-34.5;-106.17281249999996;10.0;-733.4839062499999
30622;2020-01-18 00:00:00;05:00;2020-01-18 05:00:00;;;-29.6;-33.7;-106.17281249999996;10.0;-733.4839062499999
30622;2020-01-18 00:00:00;02:00;2020-01-18 02:00:00;;;-29.1;-33.0;-106.17281249999996;10.0;-733.4839062499999
30622;2020-01-17 00:00:00;23:00;2020-01-17 23:00:00;;;-29.0;-32.6;-108.5;9.0;-627.3110937499999
30622;2020-01-17 00:00:00;20:00;2020-01-17 20:00:00;;0.0;-27.4;-31.3;-108.5;9.0;-627.3110937499999
30622;2020-01-17 00:00:00;17:00;2020-01-17 17:00:00;;;-24.6;-28.9;-108.5;9.0;-627.3110937499999
30622;2020-01-17 00:00:00;14:00;2020-01-17 14:00:00;;;-24.8;-29.7;-108.5;9.0;-627.3110937499999
30622;2020-01-17 00:00:00;11:00;2020-01-17 11:00:00;;;-28.1;-32.3;-108.5;9.0;-627.3110937499999
30622;2020-01-17 00:00:00;08:00;2020-01-17 08:00:00;20.0;0.0;-29.6;-33.4;-108.5;9.0;-627.3110937499999
30622;2020-01-17 00:00:00;05:00;2020-01-17 05:00:00;;;-28.2;-31.8;-108.5;9.0;-627.3110937499999
30622;2020-01-17 00:00:00;02:00;2020-01-17 02:00:00;;;-25.3;-29.0;-108.5;9.0;-627.3110937499999
30622;2020-01-16 00:00:00;23:00;2020-01-16 23:00:00;;;-22.8;-27.1;-120.49499999999993;8.0;-518.8110937499999
30622;2020-01-16 00:00:00;20:00;2020-01-16 20:00:00;;0.0;-23.0;-27.3;-120.49499999999993;8.0;-518.8110937499999
30622;2020-01-16 00:00:00;17:00;2020-01-16 17:00:00;;;-24.4;-29.0;-120.49499999999993;8.0;-518.8110937499999
30622;2020-01-16 00:00:00;14:00;2020-01-16 14:00:00;;;-25.9;-30.7;-120.49499999999993;8.0;-518.8110937499999
30622;2020-01-16 00:00:00;11:00;2020-01-16 11:00:00;;;-30.9;-35.3;-120.49499999999993;8.0;-518.8110937499999
30622;2020-01-16 00:00:00;08:00;2020-01-16 08:00:00;20.0;0.0;-32.8;-37.0;-120.49499999999993;8.0;-518.8110937499999
30622;2020-01-16 00:00:00;05:00;2020-01-16 05:00:00;;;-31.4;-35.5;-120.49499999999993;8.0;-518.8110937499999
30622;2020-01-16 00:00:00;02:00;2020-01-16 02:00:00;;;-30.4;-34.5;-120.49499999999993;8.0;-518.8110937499999
30622;2020-01-15 00:00:00;23:00;2020-01-15 23:00:00;;;-29.7;-33.6;-118.42406250000002;7.0;-398.31609375000005
30622;2020-01-15 00:00:00;20:00;2020-01-15 20:00:00;;0.0;-28.2;-31.8;-118.42406250000002;7.0;-398.31609375000005
30622;2020-01-15 00:00:00;17:00;2020-01-15 17:00:00;;;-24.1;-29.0;-118.42406250000002;7.0;-398.31609375000005
30622;2020-01-15 00:00:00;14:00;2020-01-15 14:00:00;;;-22.8;-28.9;-118.42406250000002;7.0;-398.31609375000005
30622;2020-01-15 00:00:00;11:00;2020-01-15 11:00:00;;;-25.6;-30.1;-118.42406250000002;7.0;-398.31609375000005
30622;2020-01-15 00:00:00;08:00;2020-01-15 08:00:00;20.0;0.2;-27.0;-31.1;-118.42406250000002;7.0;-398.31609375000005
30622;2020-01-15 00:00:00;05:00;2020-01-15 05:00:00;;;-27.8;-32.1;-118.42406250000002;7.0;-398.31609375000005
30622;2020-01-15 00:00:00;02:00;2020-01-15 02:00:00;;;-28.9;-32.9;-118.42406250000002;7.0;-398.31609375000005
30622;2020-01-14 00:00:00;23:00;2020-01-14 23:00:00;;;-28.9;-33.3;-161.9037500000001;6.0;-279.89203125000006
30622;2020-01-14 00:00:00;20:00;2020-01-14 20:00:00;;0.0;-27.8;-32.7;-161.9037500000001;6.0;-279.89203125000006
30622;2020-01-14 00:00:00;17:00;2020-01-14 17:00:00;;;-28.8;-34.1;-161.9037500000001;6.0;-279.89203125000006
30622;2020-01-14 00:00:00;14:00;2020-01-14 14:00:00;;;-29.8;-36.2;-161.9037500000001;6.0;-279.89203125000006
30622;2020-01-14 00:00:00;11:00;2020-01-14 11:00:00;;;-34.5;-39.4;-161.9037500000001;6.0;-279.89203125000006
30622;2020-01-14 00:00:00;08:00;2020-01-14 08:00:00;20.0;0.0;-36.4;-41.3;-161.9037500000001;6.0;-279.89203125000006
30622;2020-01-14 00:00:00;05:00;2020-01-14 05:00:00;;;-36.4;-41.1;-161.9037500000001;6.0;-279.89203125000006
30622;2020-01-14 00:00:00;02:00;2020-01-14 02:00:00;;;-35.8;-40.4;-161.9037500000001;6.0;-279.89203125000006
30622;2020-01-13 00:00:00;23:00;2020-01-13 23:00:00;;;-34.6;-39.1;-152.30499999999998;5.0;-117.98828124999999
30622;2020-01-13 00:00:00;20:00;2020-01-13 20:00:00;;0.0;-34.2;-38.4;-152.30499999999998;5.0;-117.98828124999999
30622;2020-01-13 00:00:00;17:00;2020-01-13 17:00:00;;;-30.6;-35.4;-152.30499999999998;5.0;-117.98828124999999
30622;2020-01-13 00:00:00;14:00;2020-01-13 14:00:00;;;-29.6;-35.1;-152.30499999999998;5.0;-117.98828124999999
30622;2020-01-13 00:00:00;11:00;2020-01-13 11:00:00;;;-33.9;-38.6;-152.30499999999998;5.0;-117.98828124999999
30622;2020-01-13 00:00:00;08:00;2020-01-13 08:00:00;20.0;0.0;-35.2;-39.8;-152.30499999999998;5.0;-117.98828124999999
30622;2020-01-13 00:00:00;05:00;2020-01-13 05:00:00;;;-33.8;-38.1;-152.30499999999998;5.0;-117.98828124999999
30622;2020-01-13 00:00:00;02:00;2020-01-13 02:00:00;;;-33.7;-37.8;-152.30499999999998;5.0;-117.98828124999999
30622;2020-12-01 00:00:00;23:00;2020-12-01 23:00:00;;;-32.5;-36.4;-110.859375;20.0;-1204.6168750000004
30622;2020-12-01 00:00:00;20:00;2020-12-01 20:00:00;;0.0;-28.7;-32.4;-110.859375;20.0;-1204.6168750000004
30622;2020-12-01 00:00:00;17:00;2020-12-01 17:00:00;;;-24.3;-28.6;-110.859375;20.0;-1204.6168750000004
30622;2020-12-01 00:00:00;14:00;2020-12-01 14:00:00;;;-23.6;-28.8;-110.859375;20.0;-1204.6168750000004
30622;2020-12-01 00:00:00;11:00;2020-12-01 11:00:00;;;-25.8;-30.1;-110.859375;20.0;-1204.6168750000004
30622;2020-12-01 00:00:00;08:00;2020-12-01 08:00:00;20.0;0.3;-26.6;-30.4;-110.859375;20.0;-1204.6168750000004
30622;2020-12-01 00:00:00;05:00;2020-12-01 05:00:00;;;-26.4;-30.3;-110.859375;20.0;-1204.6168750000004
30622;2020-12-01 00:00:00;02:00;2020-12-01 02:00:00;;;-27.1;-31.0;-110.859375;20.0;-1204.6168750000004
30622;2020-11-01 00:00:00;23:00;2020-11-01 23:00:00;;;-28.2;-32.1;-123.37421875;35.0;198.53343749999988
30622;2020-11-01 00:00:00;20:00;2020-11-01 20:00:00;;0.0;-28.5;-32.4;-123.37421875;35.0;198.53343749999988
30622;2020-11-01 00:00:00;17:00;2020-11-01 17:00:00;;;-26.8;-31.0;-123.37421875;35.0;198.53343749999988
30622;2020-11-01 00:00:00;14:00;2020-11-01 14:00:00;;;-25.2;-29.5;-123.37421875;35.0;198.53343749999988
30622;2020-11-01 00:00:00;11:00;2020-11-01 11:00:00;;;-28.5;-32.6;-123.37421875;35.0;198.53343749999988
30622;2020-11-01 00:00:00;08:00;2020-11-01 08:00:00;20.0;0.0;-33.2;-37.7;-123.37421875;35.0;198.53343749999988
30622;2020-11-01 00:00:00;05:00;2020-11-01 05:00:00;;;-33.3;-37.7;-123.37421875;35.0;198.53343749999988
30622;2020-11-01 00:00:00;02:00;2020-11-01 02:00:00;;;-32.0;-36.2;-123.37421875;35.0;198.53343749999988
30622;2020-10-01 00:00:00;23:00;2020-10-01 23:00:00;;;-31.7;-35.7;-102.09375;4.0;3.9043749999999875
30622;2020-10-01 00:00:00;20:00;2020-10-01 20:00:00;;0.0;-30.3;-34.4;-102.09375;4.0;3.9043749999999875
30622;2020-10-01 00:00:00;17:00;2020-10-01 17:00:00;;;-25.2;-29.0;-102.09375;4.0;3.9043749999999875
30622;2020-10-01 00:00:00;14:00;2020-10-01 14:00:00;;;-23.7;-27.5;-102.09375;4.0;3.9043749999999875
30622;2020-10-01 00:00:00;11:00;2020-10-01 11:00:00;;;-25.4;-28.9;-102.09375;4.0;3.9043749999999875
30622;2020-10-01 00:00:00;08:00;2020-10-01 08:00:00;20.0;0.0;-28.1;-31.9;-102.09375;4.0;3.9043749999999875
30622;2020-10-01 00:00:00;05:00;2020-10-01 05:00:00;;;-28.1;-31.8;-102.09375;4.0;3.9043749999999875
30622;2020-10-01 00:00:00;02:00;2020-10-01 02:00:00;;;-25.3;-28.6;-102.09375;4.0;3.9043749999999875
30622;2020-09-01 00:00:00;23:00;2020-09-01 23:00:00;;;-22.3;-25.4;-48.23250000000002;4.0;179.87109375
30622;2020-09-01 00:00:00;20:00;2020-09-01 20:00:00;;0.2;-19.3;-22.0;-48.23250000000002;4.0;179.87109375
30622;2020-09-01 00:00:00;17:00;2020-09-01 17:00:00;;;-16.5;-19.2;-48.23250000000002;4.0;179.87109375
30622;2020-09-01 00:00:00;14:00;2020-09-01 14:00:00;;;-14.8;-17.5;-48.23250000000002;4.0;179.87109375
30622;2020-09-01 00:00:00;11:00;2020-09-01 11:00:00;;;-16.7;-19.4;-48.23250000000002;4.0;179.87109375
30622;2020-09-01 00:00:00;08:00;2020-09-01 08:00:00;20.0;0.9;-17.0;-19.6;-48.23250000000002;4.0;179.87109375
30622;2020-09-01 00:00:00;05:00;2020-09-01 05:00:00;;;-17.1;-19.7;-48.23250000000002;4.0;179.87109375
30622;2020-09-01 00:00:00;02:00;2020-09-01 02:00:00;;;-17.9;-20.6;-48.23250000000002;4.0;179.87109375
30622;2020-08-01 00:00:00;23:00;2020-08-01 23:00:00;;;-19.3;-22.2;-63.82734374999998;2.0;97.69906250000003
30622;2020-08-01 00:00:00;20:00;2020-08-01 20:00:00;;0.0;-21.7;-24.8;-63.82734374999998;2.0;97.69906250000003
30622;2020-08-01 00:00:00;17:00;2020-08-01 17:00:00;;;-20.5;-23.5;-63.82734374999998;2.0;97.69906250000003
30622;2020-08-01 00:00:00;14:00;2020-08-01 14:00:00;;;-18.3;-21.0;-63.82734374999998;2.0;97.69906250000003
30622;2020-08-01 00:00:00;11:00;2020-08-01 11:00:00;;;-20.2;-23.1;-63.82734374999998;2.0;97.69906250000003
30622;2020-08-01 00:00:00;08:00;2020-08-01 08:00:00;19.0;0.0;-21.3;-24.4;-63.82734374999998;2.0;97.69906250000003
30622;2020-08-01 00:00:00;05:00;2020-08-01 05:00:00;;;-23.3;-26.5;-63.82734374999998;2.0;97.69906250000003
30622;2020-08-01 00:00:00;02:00;2020-08-01 02:00:00;;;-24.9;-28.1;-63.82734374999998;2.0;97.69906250000003
30622;2020-07-01 00:00:00;23:00;2020-07-01 23:00:00;;;-23.1;-26.1;-52.199999999999996;8.0;1418.4524999999999
30622;2020-07-01 00:00:00;20:00;2020-07-01 20:00:00;;0.0;-20.8;-23.5;-52.199999999999996;8.0;1418.4524999999999
30622;2020-07-01 00:00:00;17:00;2020-07-01 17:00:00;;;-16.8;-19.3;-52.199999999999996;8.0;1418.4524999999999
30622;2020-07-01 00:00:00;14:00;2020-07-01 14:00:00;;;-14.2;-18.9;-52.199999999999996;8.0;1418.4524999999999
30622;2020-07-01 00:00:00;11:00;2020-07-01 11:00:00;;;-16.5;-19.8;-52.199999999999996;8.0;1418.4524999999999
30622;2020-07-01 00:00:00;08:00;2020-07-01 08:00:00;19.0;0.5;-15.7;-18.3;-52.199999999999996;8.0;1418.4524999999999
30622;2020-07-01 00:00:00;05:00;2020-07-01 05:00:00;;;-15.6;-18.2;-52.199999999999996;8.0;1418.4524999999999
30622;2020-07-01 00:00:00;02:00;2020-07-01 02:00:00;;;-16.5;-19.1;-52.199999999999996;8.0;1418.4524999999999
30622;2020-06-01 00:00:00;23:00;2020-06-01 23:00:00;;;-16.7;-19.3;-54.31640625;11.0;1917.29015625
30622;2020-06-01 00:00:00;20:00;2020-06-01 20:00:00;;0.2;-17.6;-20.3;-54.31640625;11.0;1917.29015625
30622;2020-06-01 00:00:00;17:00;2020-06-01 17:00:00;;;-17.5;-20.2;-54.31640625;11.0;1917.29015625
30622;2020-06-01 00:00:00;14:00;2020-06-01 14:00:00;;;-17.7;-20.4;-54.31640625;11.0;1917.29015625
30622;2020-06-01 00:00:00;11:00;2020-06-01 11:00:00;;;-19.1;-21.8;-54.31640625;11.0;1917.29015625
30622;2020-06-01 00:00:00;08:00;2020-06-01 08:00:00;19.0;0.0;-20.7;-23.7;-54.31640625;11.0;1917.29015625
30622;2020-06-01 00:00:00;05:00;2020-06-01 05:00:00;;;-22.3;-25.5;-54.31640625;11.0;1917.29015625
30622;2020-06-01 00:00:00;02:00;2020-06-01 02:00:00;;;-22.9;-25.8;-54.31640625;11.0;1917.29015625
30622;2020-05-01 00:00:00;23:00;2020-05-01 23:00:00;;;-18.1;-21.1;-68.20031249999995;53.0;1425.1139062500001
30622;2020-05-01 00:00:00;20:00;2020-05-01 20:00:00;;0.2;-16.4;-19.5;-68.20031249999995;53.0;1425.1139062500001
30622;2020-05-01 00:00:00;17:00;2020-05-01 17:00:00;;;-17.3;-21.3;-68.20031249999995;53.0;1425.1139062500001
30622;2020-05-01 00:00:00;14:00;2020-05-01 14:00:00;;;-17.4;-21.7;-68.20031249999995;53.0;1425.1139062500001
30622;2020-05-01 00:00:00;11:00;2020-05-01 11:00:00;;;-22.1;-25.4;-68.20031249999995;53.0;1425.1139062500001
30622;2020-05-01 00:00:00;08:00;2020-05-01 08:00:00;19.0;0.0;-22.5;-25.7;-68.20031249999995;53.0;1425.1139062500001
30622;2020-05-01 00:00:00;05:00;2020-05-01 05:00:00;;;-22.1;-25.3;-68.20031249999995;53.0;1425.1139062500001
30622;2020-05-01 00:00:00;02:00;2020-05-01 02:00:00;;;-23.4;-26.7;-68.20031249999995;53.0;1425.1139062500001
30622;2020-04-01 00:00:00;23:00;2020-04-01 23:00:00;;;-23.5;-26.8;-71.01171875;23.0;-425.42296875000005
30622;2020-04-01 00:00:00;20:00;2020-04-01 20:00:00;;0.0;-22.7;-25.8;-71.01171875;23.0;-425.42296875000005
30622;2020-04-01 00:00:00;17:00;2020-04-01 17:00:00;;;-19.0;-22.3;-71.01171875;23.0;-425.42296875000005
30622;2020-04-01 00:00:00;14:00;2020-04-01 14:00:00;;;-17.9;-22.7;-71.01171875;23.0;-425.42296875000005
30622;2020-04-01 00:00:00;11:00;2020-04-01 11:00:00;;;-22.5;-25.9;-71.01171875;23.0;-425.42296875000005
30622;2020-04-01 00:00:00;08:00;2020-04-01 08:00:00;19.0;0.0;-23.8;-27.0;-71.01171875;23.0;-425.42296875000005
30622;2020-04-01 00:00:00;05:00;2020-04-01 05:00:00;;;-21.6;-24.4;-71.01171875;23.0;-425.42296875000005
30622;2020-04-01 00:00:00;02:00;2020-04-01 02:00:00;;;-20.5;-23.1;-71.01171875;23.0;-425.42296875000005
30622;2020-03-01 00:00:00;23:00;2020-03-01 23:00:00;;;-16.4;-19.2;-62.168749999999996;22.0;-1503.8235937499999
30622;2020-03-01 00:00:00;20:00;2020-03-01 20:00:00;;0.3;-15.7;-18.6;-62.168749999999996;22.0;-1503.8235937499999
30622;2020-03-01 00:00:00;17:00;2020-03-01 17:00:00;;;-14.5;-18.2;-62.168749999999996;22.0;-1503.8235937499999
30622;2020-03-01 00:00:00;14:00;2020-03-01 14:00:00;;;-15.5;-19.9;-62.168749999999996;22.0;-1503.8235937499999
30622;2020-03-01 00:00:00;11:00;2020-03-01 11:00:00;;;-18.1;-21.7;-62.168749999999996;22.0;-1503.8235937499999
30622;2020-03-01 00:00:00;08:00;2020-03-01 08:00:00;19.0;0.0;-22.6;-25.7;-62.168749999999996;22.0;-1503.8235937499999
30622;2020-03-01 00:00:00;05:00;2020-03-01 05:00:00;;;-19.6;-22.9;-62.168749999999996;22.0;-1503.8235937499999
30622;2020-03-01 00:00:00;02:00;2020-03-01 02:00:00;;;-19.7;-23.9;-62.168749999999996;22.0;-1503.8235937499999
30622;2020-02-01 00:00:00;23:00;2020-02-01 23:00:00;;;-21.0;-25.7;-129.15221938775508;24.0;-2321.9319068877553
30622;2020-02-01 00:00:00;20:00;2020-02-01 20:00:00;;0.0;-23.2;-27.7;-129.15221938775508;24.0;-2321.9319068877553
30622;2020-02-01 00:00:00;17:00;2020-02-01 17:00:00;;;-24.1;-29.0;-129.15221938775508;24.0;-2321.9319068877553
30622;2020-02-01 00:00:00;14:00;2020-02-01 14:00:00;;;-23.7;-30.0;-129.15221938775508;24.0;-2321.9319068877553
30622;2020-02-01 00:00:00;11:00;2020-02-01 11:00:00;;;-29.0;-33.4;-129.15221938775508;24.0;-2321.9319068877553
30622;2020-02-01 00:00:00;08:00;2020-02-01 08:00:00;19.0;0.0;;-32.6;-129.15221938775508;24.0;-2321.9319068877553
30622;2020-02-01 00:00:00;05:00;2020-02-01 05:00:00;;;-31.7;-36.1;-129.15221938775508;24.0;-2321.9319068877553
30622;2020-02-01 00:00:00;02:00;2020-02-01 02:00:00;;;-31.2;-35.0;-129.15221938775508;24.0;-2321.9319068877553
30622;2020-01-01 00:00:00;23:00;2020-01-01 23:00:00;;;-29.6;-33.5;-129.66312500000004;23.0;-2380.408297193878
30622;2020-01-01 00:00:00;20:00;2020-01-01 20:00:00;;0.3;-29.6;-33.7;-129.66312500000004;23.0;-2380.408297193878
30622;2020-01-01 00:00:00;17:00;2020-01-01 17:00:00;;;-26.5;-31.4;-129.66312500000004;23.0;-2380.408297193878
30622;2020-01-01 00:00:00;14:00;2020-01-01 14:00:00;;;-25.7;-31.6;-129.66312500000004;23.0;-2380.408297193878
30622;2020-01-01 00:00:00;11:00;2020-01-01 11:00:00;;;-28.6;-33.2;-129.66312500000004;23.0;-2380.408297193878
30622;2020-01-01 00:00:00;08:00;2020-01-01 08:00:00;19.0;0.0;-31.0;-35.2;-129.66312500000004;23.0;-2380.408297193878
30622;2020-01-01 00:00:00;05:00;2020-01-01 05:00:00;;;-30.2;-34.3;-129.66312500000004;23.0;-2380.408297193878
30622;2020-01-01 00:00:00;02:00;2020-01-01 02:00:00;;;-30.6;-34.7;-129.66312500000004;23.0;-2380.408297193878
30622;2019-12-31 00:00:00;23:00;2019-12-31 23:00:00;;;-30.1;-34.1;-157.9096874999999;22.0;-2250.745172193878
30622;2019-12-31 00:00:00;20:00;2019-12-31 20:00:00;;0.2;-28.7;-33.2;-157.9096874999999;22.0;-2250.745172193878
30622;2019-12-31 00:00:00;17:00;2019-12-31 17:00:00;;;-27.9;-33.0;-157.9096874999999;22.0;-2250.745172193878
30622;2019-12-31 00:00:00;14:00;2019-12-31 14:00:00;;;-28.6;-34.3;-157.9096874999999;22.0;-2250.745172193878
30622;2019-12-31 00:00:00;11:00;2019-12-31 11:00:00;;;-32.5;-37.1;-157.9096874999999;22.0;-2250.745172193878
30622;2019-12-31 00:00:00;08:00;2019-12-31 08:00:00;19.0;0.0;-36.0;-40.9;-157.9096874999999;22.0;-2250.745172193878
30622;2019-12-31 00:00:00;05:00;2019-12-31 05:00:00;;;-38.3;-43.5;-157.9096874999999;22.0;-2250.745172193878
30622;2019-12-31 00:00:00;02:00;2019-12-31 02:00:00;;;-37.7;-42.6;-157.9096874999999;22.0;-2250.745172193878
30622;2019-12-30 00:00:00;23:00;2019-12-30 23:00:00;;;-36.0;-40.8;-230.4367346938777;21.0;-2092.835484693878
30622;2019-12-30 00:00:00;20:00;2019-12-30 20:00:00;;0.0;-33.3;-39.2;-230.4367346938777;21.0;-2092.835484693878
30622;2019-12-30 00:00:00;17:00;2019-12-30 17:00:00;;;-35.3;-41.0;-230.4367346938777;21.0;-2092.835484693878
30622;2019-12-30 00:00:00;14:00;2019-12-30 14:00:00;;;-37.3;-43.5;-230.4367346938777;21.0;-2092.835484693878
30622;2019-12-30 00:00:00;11:00;2019-12-30 11:00:00;;;;-46.3;-230.4367346938777;21.0;-2092.835484693878
30622;2019-12-30 00:00:00;08:00;2019-12-30 08:00:00;19.0;0.0;-42.6;-48.3;-230.4367346938777;21.0;-2092.835484693878
30622;2019-12-30 00:00:00;05:00;2019-12-30 05:00:00;;;-43.3;-49.1;-230.4367346938777;21.0;-2092.835484693878
30622;2019-12-30 00:00:00;02:00;2019-12-30 02:00:00;;;-44.2;-50.1;-230.4367346938777;21.0;-2092.835484693878
30622;2019-12-29 00:00:00;23:00;2019-12-29 23:00:00;;;-43.6;-49.4;-225.36750000000004;20.0;-1862.3987500000003
30622;2019-12-29 00:00:00;20:00;2019-12-29 20:00:00;;0.0;-40.5;-45.9;-225.36750000000004;20.0;-1862.3987500000003
30622;2019-12-29 00:00:00;17:00;2019-12-29 17:00:00;;;-38.1;-43.8;-225.36750000000004;20.0;-1862.3987500000003
30622;2019-12-29 00:00:00;14:00;2019-12-29 14:00:00;;;-37.7;-44.2;-225.36750000000004;20.0;-1862.3987500000003
30622;2019-12-29 00:00:00;11:00;2019-12-29 11:00:00;;;-41.3;-46.9;-225.36750000000004;20.0;-1862.3987500000003
30622;2019-12-29 00:00:00;08:00;2019-12-29 08:00:00;19.0;0.0;-42.7;-48.3;-225.36750000000004;20.0;-1862.3987500000003
30622;2019-12-29 00:00:00;05:00;2019-12-29 05:00:00;;;-40.4;-45.7;-225.36750000000004;20.0;-1862.3987500000003
30622;2019-12-29 00:00:00;02:00;2019-12-29 02:00:00;;;-34.1;-39.5;-225.36750000000004;20.0;-1862.3987500000003
30622;2019-12-28 00:00:00;23:00;2019-12-28 23:00:00;;;-32.4;-37.3;-126.50000000000004;19.0;-1637.0312500000002
30622;2019-12-28 00:00:00;20:00;2019-12-28 20:00:00;;0.0;-29.4;-34.4;-126.50000000000004;19.0;-1637.0312500000002
30622;2019-12-28 00:00:00;17:00;2019-12-28 17:00:00;;;-27.9;-32.7;-126.50000000000004;19.0;-1637.0312500000002
30622;2019-12-28 00:00:00;14:00;2019-12-28 14:00:00;;;-25.8;-31.4;-126.50000000000004;19.0;-1637.0312500000002
30622;2019-12-28 00:00:00;11:00;2019-12-28 11:00:00;;;-27.6;-32.5;-126.50000000000004;19.0;-1637.0312500000002
30622;2019-12-28 00:00:00;08:00;2019-12-28 08:00:00;19.0;0.0;-26.0;-30.4;-126.50000000000004;19.0;-1637.0312500000002
30622;2019-12-28 00:00:00;05:00;2019-12-28 05:00:00;;;-27.5;-31.1;-126.50000000000004;19.0;-1637.0312500000002
30622;2019-12-28 00:00:00;02:00;2019-12-28 02:00:00;;;-23.4;-27.0;-126.50000000000004;19.0;-1637.0312500000002
30622;2019-12-27 00:00:00;23:00;2019-12-27 23:00:00;;;-20.0;-23.9;-73.06828125000006;18.0;-1510.5312500000002
30622;2019-12-27 00:00:00;20:00;2019-12-27 20:00:00;;0.3;-17.6;-20.8;-73.06828125000006;18.0;-1510.5312500000002
30622;2019-12-27 00:00:00;17:00;2019-12-27 17:00:00;;;-18.7;-22.0;-73.06828125000006;18.0;-1510.5312500000002
30622;2019-12-27 00:00:00;14:00;2019-12-27 14:00:00;;;-18.3;-22.7;-73.06828125000006;18.0;-1510.5312500000002
30622;2019-12-27 00:00:00;11:00;2019-12-27 11:00:00;;;-20.0;-23.7;-73.06828125000006;18.0;-1510.5312500000002
30622;2019-12-27 00:00:00;08:00;2019-12-27 08:00:00;19.0;0.6;-21.3;-24.8;-73.06828125000006;18.0;-1510.5312500000002
30622;2019-12-27 00:00:00;05:00;2019-12-27 05:00:00;;;-21.8;-25.3;-73.06828125000006;18.0;-1510.5312500000002
30622;2019-12-27 00:00:00;02:00;2019-12-27 02:00:00;;;-23.0;-26.6;-73.06828125000006;18.0;-1510.5312500000002
30622;2019-12-26 00:00:00;23:00;2019-12-26 23:00:00;;;-23.5;-27.2;-111.96124999999994;17.0;-1437.46296875
30622;2019-12-26 00:00:00;20:00;2019-12-26 20:00:00;;0.0;-25.4;-29.2;-111.96124999999994;17.0;-1437.46296875
30622;2019-12-26 00:00:00;17:00;2019-12-26 17:00:00;;;-26.3;-30.6;-111.96124999999994;17.0;-1437.46296875
30622;2019-12-26 00:00:00;14:00;2019-12-26 14:00:00;;;-24.7;-30.2;-111.96124999999994;17.0;-1437.46296875
30622;2019-12-26 00:00:00;11:00;2019-12-26 11:00:00;;;-25.8;-30.4;-111.96124999999994;17.0;-1437.46296875
30622;2019-12-26 00:00:00;08:00;2019-12-26 08:00:00;18.0;0.0;-27.1;-31.3;-111.96124999999994;17.0;-1437.46296875
30622;2019-12-26 00:00:00;05:00;2019-12-26 05:00:00;;;-28.1;-32.1;-111.96124999999994;17.0;-1437.46296875
30622;2019-12-26 00:00:00;02:00;2019-12-26 02:00:00;;;-27.4;-31.7;-111.96124999999994;17.0;-1437.46296875
30622;2019-12-25 00:00:00;23:00;2019-12-25 23:00:00;;;-28.4;-32.6;-144.46249999999992;16.0;-1325.5017187500002
30622;2019-12-25 00:00:00;20:00;2019-12-25 20:00:00;;0.0;-29.2;-33.6;-144.46249999999992;16.0;-1325.5017187500002
30622;2019-12-25 00:00:00;17:00;2019-12-25 17:00:00;;;-29.3;-34.0;-144.46249999999992;16.0;-1325.5017187500002
30622;2019-12-25 00:00:00;14:00;2019-12-25 14:00:00;;;-29.4;-34.0;-144.46249999999992;16.0;-1325.5017187500002
30622;2019-12-25 00:00:00;11:00;2019-12-25 11:00:00;;;-31.4;-35.9;-144.46249999999992;16.0;-1325.5017187500002
30622;2019-12-25 00:00:00;08:00;2019-12-25 08:00:00;18.0;0.0;-34.2;-38.8;-144.46249999999992;16.0;-1325.5017187500002
30622;2019-12-25 00:00:00;05:00;2019-12-25 05:00:00;;;-36.3;-41.1;-144.46249999999992;16.0;-1325.5017187500002
30622;2019-12-25 00:00:00;02:00;2019-12-25 02:00:00;;;-35.8;-40.4;-144.46249999999992;16.0;-1325.5017187500002
30622;2019-12-24 00:00:00;23:00;2019-12-24 23:00:00;;;-33.3;-37.4;-113.34093750000005;15.0;-1181.0392187500004
30622;2019-12-24 00:00:00;20:00;2019-12-24 20:00:00;;0.0;-32.9;-37.0;-113.34093750000005;15.0;-1181.0392187500004
30622;2019-12-24 00:00:00;17:00;2019-12-24 17:00:00;;;-25.7;-30.0;-113.34093750000005;15.0;-1181.0392187500004
30622;2019-12-24 00:00:00;14:00;2019-12-24 14:00:00;;;-22.7;-28.3;-113.34093750000005;15.0;-1181.0392187500004
30622;2019-12-24 00:00:00;11:00;2019-12-24 11:00:00;;;-24.0;-28.2;-113.34093750000005;15.0;-1181.0392187500004
30622;2019-12-24 00:00:00;08:00;2019-12-24 08:00:00;18.0;0.0;-24.2;-28.2;-113.34093750000005;15.0;-1181.0392187500004
30622;2019-12-24 00:00:00;05:00;2019-12-24 05:00:00;;;-24.3;-28.2;-113.34093750000005;15.0;-1181.0392187500004
30622;2019-12-24 00:00:00;02:00;2019-12-24 02:00:00;;;-25.0;-29.0;-113.34093750000005;15.0;-1181.0392187500004
30622;2019-12-23 00:00:00;23:00;2019-12-23 23:00:00;;;-25.4;-29.3;-111.52406250000006;14.0;-1067.6982812500003
30622;2019-12-23 00:00:00;20:00;2019-12-23 20:00:00;;0.2;-25.4;-29.0;-111.52406250000006;14.0;-1067.6982812500003
30622;2019-12-23 00:00:00;17:00;2019-12-23 17:00:00;;;-24.6;-28.8;-111.52406250000006;14.0;-1067.6982812500003
30622;2019-12-23 00:00:00;14:00;2019-12-23 14:00:00;;;-24.7;-30.0;-111.52406250000006;14.0;-1067.6982812500003
30622;2019-12-23 00:00:00;11:00;2019-12-23 11:00:00;;;-25.7;-30.3;-111.52406250000006;14.0;-1067.6982812500003
30622;2019-12-23 00:00:00;08:00;2019-12-23 08:00:00;18.0;0.4;-26.7;-30.9;-111.52406250000006;14.0;-1067.6982812500003
30622;2019-12-23 00:00:00;05:00;2019-12-23 05:00:00;;;-27.7;-31.9;-111.52406250000006;14.0;-1067.6982812500003
30622;2019-12-23 00:00:00;02:00;2019-12-23 02:00:00;;;-28.5;-32.7;-111.52406250000006;14.0;-1067.6982812500003
30622;2019-12-22 00:00:00;23:00;2019-12-22 23:00:00;;;-29.9;-34.2;-161.3862500000001;13.0;-956.1742187500001
30622;2019-12-22 00:00:00;20:00;2019-12-22 20:00:00;;0.0;-34.7;-39.2;-161.3862500000001;13.0;-956.1742187500001
30622;2019-12-22 00:00:00;17:00;2019-12-22 17:00:00;;;-32.3;-36.9;-161.3862500000001;13.0;-956.1742187500001
30622;2019-12-22 00:00:00;14:00;2019-12-22 14:00:00;;;-31.9;-36.8;-161.3862500000001;13.0;-956.1742187500001
30622;2019-12-22 00:00:00;11:00;2019-12-22 11:00:00;;;-35.9;-40.7;-161.3862500000001;13.0;-956.1742187500001
30622;2019-12-22 00:00:00;08:00;2019-12-22 08:00:00;18.0;0.0;-37.1;-42.1;-161.3862500000001;13.0;-956.1742187500001
30622;2019-12-22 00:00:00;05:00;2019-12-22 05:00:00;;;-36.5;-41.3;-161.3862500000001;13.0;-956.1742187500001
30622;2019-12-22 00:00:00;02:00;2019-12-22 02:00:00;;;-36.4;-41.1;-161.3862500000001;13.0;-956.1742187500001
30622;2019-12-21 00:00:00;23:00;2019-12-21 23:00:00;;;-35.9;-40.5;-121.12812499999995;12.0;-794.78796875
30622;2019-12-21 00:00:00;20:00;2019-12-21 20:00:00;;0.0;-33.1;-37.1;-121.12812499999995;12.0;-794.78796875
30622;2019-12-21 00:00:00;17:00;2019-12-21 17:00:00;;;-29.6;-33.6;-121.12812499999995;12.0;-794.78796875
30622;2019-12-21 00:00:00;14:00;2019-12-21 14:00:00;;;-26.4;-31.9;-121.12812499999995;12.0;-794.78796875
30622;2019-12-21 00:00:00;11:00;2019-12-21 11:00:00;;;-29.4;-33.5;-121.12812499999995;12.0;-794.78796875
30622;2019-12-21 00:00:00;08:00;2019-12-21 08:00:00;18.0;0.5;-27.5;-31.2;-121.12812499999995;12.0;-794.78796875
30622;2019-12-21 00:00:00;05:00;2019-12-21 05:00:00;;;-26.7;-30.4;-121.12812499999995;12.0;-794.78796875
30622;2019-12-21 00:00:00;02:00;2019-12-21 02:00:00;;;-24.9;-28.5;-121.12812499999995;12.0;-794.78796875
30622;2019-12-20 00:00:00;23:00;2019-12-20 23:00:00;;;-25.1;-28.9;-103.0640625;11.0;-673.65984375
30622;2019-12-20 00:00:00;20:00;2019-12-20 20:00:00;;0.0;-26.4;-30.2;-103.0640625;11.0;-673.65984375
30622;2019-12-20 00:00:00;17:00;2019-12-20 17:00:00;;;-25.9;-30.0;-103.0640625;11.0;-673.65984375
30622;2019-12-20 00:00:00;14:00;2019-12-20 14:00:00;;;-23.3;-28.0;-103.0640625;11.0;-673.65984375
30622;2019-12-20 00:00:00;11:00;2019-12-20 11:00:00;;;-25.6;-29.3;-103.0640625;11.0;-673.65984375
30622;2019-12-20 00:00:00;08:00;2019-12-20 08:00:00;17.0;0.0;-29.0;-33.0;-103.0640625;11.0;-673.65984375
30622;2019-12-20 00:00:00;05:00;2019-12-20 05:00:00;;;-26.8;-30.5;-103.0640625;11.0;-673.65984375
30622;2019-12-20 00:00:00;02:00;2019-12-20 02:00:00;;;-27.3;-31.0;-103.0640625;11.0;-673.65984375
30622;2019-12-19 00:00:00;23:00;2019-12-19 23:00:00;;;-27.4;-31.1;-92.99812499999997;10.0;-570.5957812500001
30622;2019-12-19 00:00:00;20:00;2019-12-19 20:00:00;;0.9;-24.8;-28.0;-92.99812499999997;10.0;-570.5957812500001
30622;2019-12-19 00:00:00;17:00;2019-12-19 17:00:00;;;-21.5;-25.0;-92.99812499999997;10.0;-570.5957812500001
30622;2019-12-19 00:00:00;14:00;2019-12-19 14:00:00;;;-21.6;-26.1;-92.99812499999997;10.0;-570.5957812500001
30622;2019-12-19 00:00:00;11:00;2019-12-19 11:00:00;;;-23.5;-27.0;-92.99812499999997;10.0;-570.5957812500001
30622;2019-12-19 00:00:00;08:00;2019-12-19 08:00:00;16.0;0.2;-25.6;-29.3;-92.99812499999997;10.0;-570.5957812500001
30622;2019-12-19 00:00:00;05:00;2019-12-19 05:00:00;;;-26.9;-30.7;-92.99812499999997;10.0;-570.5957812500001
30622;2019-12-19 00:00:00;02:00;2019-12-19 02:00:00;;;-29.1;-32.9;-92.99812499999997;10.0;-570.5957812500001
30622;2019-12-18 00:00:00;23:00;2019-12-18 23:00:00;;;-28.2;-31.8;-72.90062499999999;9.0;-477.59765625000006
30622;2019-12-18 00:00:00;20:00;2019-12-18 20:00:00;;0.0;-25.7;-28.5;-72.90062499999999;9.0;-477.59765625000006
30622;2019-12-18 00:00:00;17:00;2019-12-18 17:00:00;;;-18.8;-22.1;-72.90062499999999;9.0;-477.59765625000006
30622;2019-12-18 00:00:00;14:00;2019-12-18 14:00:00;;;-16.9;-21.0;-72.90062499999999;9.0;-477.59765625000006
30622;2019-12-18 00:00:00;11:00;2019-12-18 11:00:00;;;-20.1;-23.4;-72.90062499999999;9.0;-477.59765625000006
30622;2019-12-18 00:00:00;08:00;2019-12-18 08:00:00;16.0;0.3;-21.1;-24.2;-72.90062499999999;9.0;-477.59765625000006
30622;2019-12-18 00:00:00;05:00;2019-12-18 05:00:00;;;-22.8;-26.0;-72.90062499999999;9.0;-477.59765625000006
30622;2019-12-18 00:00:00;02:00;2019-12-18 02:00:00;;;-21.8;-25.0;-72.90062499999999;9.0;-477.59765625000006
30622;2019-12-17 00:00:00;23:00;2019-12-17 23:00:00;;;-21.7;-24.6;-77.63859375000004;8.0;-404.69703125000007
30622;2019-12-17 00:00:00;20:00;2019-12-17 20:00:00;;0.5;-20.5;-23.5;-77.63859375000004;8.0;-404.69703125000007
30622;2019-12-17 00:00:00;17:00;2019-12-17 17:00:00;;;-20.0;-23.3;-77.63859375000004;8.0;-404.69703125000007
30622;2019-12-17 00:00:00;14:00;2019-12-17 14:00:00;;;-21.9;-25.4;-77.63859375000004;8.0;-404.69703125000007
30622;2019-12-17 00:00:00;11:00;2019-12-17 11:00:00;;;-22.6;-25.9;-77.63859375000004;8.0;-404.69703125000007
30622;2019-12-17 00:00:00;08:00;2019-12-17 08:00:00;15.0;0.0;-25.8;-29.3;-77.63859375000004;8.0;-404.69703125000007
30622;2019-12-17 00:00:00;05:00;2019-12-17 05:00:00;;;-27.8;-31.5;-77.63859375000004;8.0;-404.69703125000007
30622;2019-12-17 00:00:00;02:00;2019-12-17 02:00:00;;;-25.8;-29.3;-77.63859375000004;8.0;-404.69703125000007
30622;2019-12-16 00:00:00;23:00;2019-12-16 23:00:00;;;-24.1;-27.4;-74.42812500000001;7.0;-327.0584375
30622;2019-12-16 00:00:00;20:00;2019-12-16 20:00:00;;0.0;-24.9;-28.3;-74.42812500000001;7.0;-327.0584375
30622;2019-12-16 00:00:00;17:00;2019-12-16 17:00:00;;;-22.3;-25.2;-74.42812500000001;7.0;-327.0584375
30622;2019-12-16 00:00:00;14:00;2019-12-16 14:00:00;;;-18.5;-21.8;-74.42812500000001;7.0;-327.0584375
30622;2019-12-16 00:00:00;11:00;2019-12-16 11:00:00;;;-24.1;-27.5;-74.42812500000001;7.0;-327.0584375
30622;2019-12-16 00:00:00;08:00;2019-12-16 08:00:00;15.0;0.0;-25.6;-29.0;-74.42812500000001;7.0;-327.0584375
30622;2019-12-16 00:00:00;05:00;2019-12-16 05:00:00;;;-24.0;-27.2;-74.42812500000001;7.0;-327.0584375
30622;2019-12-16 00:00:00;02:00;2019-12-16 02:00:00;;;-23.3;-25.9;-74.42812500000001;7.0;-327.0584375
30622;2019-12-15 00:00:00;23:00;2019-12-15 23:00:00;;;-17.9;-21.5;-51.958281249999985;6.0;-252.6303125
30622;2019-12-15 00:00:00;20:00;2019-12-15 20:00:00;;0.3;-15.4;-19.0;-51.958281249999985;6.0;-252.6303125
30622;2019-12-15 00:00:00;17:00;2019-12-15 17:00:00;;;-10.0;-17.4;-51.958281249999985;6.0;-252.6303125
30622;2019-12-15 00:00:00;14:00;2019-12-15 14:00:00;;;-7.6;-16.1;-51.958281249999985;6.0;-252.6303125
30622;2019-12-15 00:00:00;11:00;2019-12-15 11:00:00;;;-12.6;-14.6;-51.958281249999985;6.0;-252.6303125
30622;2019-12-15 00:00:00;08:00;2019-12-15 08:00:00;18.0;0.0;-12.3;-14.3;-51.958281249999985;6.0;-252.6303125
30622;2019-12-15 00:00:00;05:00;2019-12-15 05:00:00;;;-14.1;-16.4;-51.958281249999985;6.0;-252.6303125
30622;2019-12-15 00:00:00;02:00;2019-12-15 02:00:00;;;-15.0;-17.3;-51.958281249999985;6.0;-252.6303125
30622;2019-12-14 00:00:00;23:00;2019-12-14 23:00:00;;;-17.0;-19.4;-43.930468750000024;5.0;-200.67203125
30622;2019-12-14 00:00:00;20:00;2019-12-14 20:00:00;;0.0;-18.7;-21.5;-43.930468750000024;5.0;-200.67203125
30622;2019-12-14 00:00:00;17:00;2019-12-14 17:00:00;;;-14.3;-16.5;-43.930468750000024;5.0;-200.67203125
30622;2019-12-14 00:00:00;14:00;2019-12-14 14:00:00;;;-14.7;-17.0;-43.930468750000024;5.0;-200.67203125
30622;2019-12-14 00:00:00;11:00;2019-12-14 11:00:00;;;-17.1;-19.6;-43.930468750000024;5.0;-200.67203125
30622;2019-12-14 00:00:00;08:00;2019-12-14 08:00:00;18.0;0.0;-17.9;-20.5;-43.930468750000024;5.0;-200.67203125
30622;2019-12-14 00:00:00;05:00;2019-12-14 05:00:00;;;-18.7;-21.4;-43.930468750000024;5.0;-200.67203125
30622;2019-12-14 00:00:00;02:00;2019-12-14 02:00:00;;;-20.1;-22.9;-43.930468750000024;5.0;-200.67203125
30622;2019-12-13 00:00:00;23:00;2019-12-13 23:00:00;;;-19.8;-22.5;-35.125312500000014;4.0;-156.7415625
30622;2019-12-13 00:00:00;20:00;2019-12-13 20:00:00;;0.0;-17.7;-20.3;-35.125312500000014;4.0;-156.7415625
30622;2019-12-13 00:00:00;17:00;2019-12-13 17:00:00;;;-16.5;-18.8;-35.125312500000014;4.0;-156.7415625
30622;2019-12-13 00:00:00;14:00;2019-12-13 14:00:00;;;-12.0;-14.1;-35.125312500000014;4.0;-156.7415625
30622;2019-12-13 00:00:00;11:00;2019-12-13 11:00:00;;;-17.8;-20.3;-35.125312500000014;4.0;-156.7415625
30622;2019-12-13 00:00:00;08:00;2019-12-13 08:00:00;18.0;0.0;-16.7;-19.1;-35.125312500000014;4.0;-156.7415625
30622;2019-12-13 00:00:00;05:00;2019-12-13 05:00:00;;;-12.7;-14.6;-35.125312500000014;4.0;-156.7415625
30622;2019-12-13 00:00:00;02:00;2019-12-13 02:00:00;;;-11.0;-12.6;-35.125312500000014;4.0;-156.7415625
30622;2019-12-12 00:00:00;23:00;2019-12-12 23:00:00;;;-5.3;-8.1;-27.36296874999999;3.0;-121.61624999999998
30622;2019-12-12 00:00:00;20:00;2019-12-12 20:00:00;;0.3;-6.3;-8.6;-27.36296874999999;3.0;-121.61624999999998
30622;2019-12-12 00:00:00;17:00;2019-12-12 17:00:00;;;-6.8;-9.6;-27.36296874999999;3.0;-121.61624999999998
30622;2019-12-12 00:00:00;14:00;2019-12-12 14:00:00;;;-4.1;-9.4;-27.36296874999999;3.0;-121.61624999999998
30622;2019-12-12 00:00:00;11:00;2019-12-12 11:00:00;;;-6.3;-10.2;-27.36296874999999;3.0;-121.61624999999998
30622;2019-12-12 00:00:00;08:00;2019-12-12 08:00:00;18.0;0.9;-13.5;-15.8;-27.36296874999999;3.0;-121.61624999999998
30622;2019-12-12 00:00:00;05:00;2019-12-12 05:00:00;;;-14.3;-16.9;-27.36296874999999;3.0;-121.61624999999998
30622;2019-12-12 00:00:00;02:00;2019-12-12 02:00:00;;;-14.3;-17.0;-27.36296874999999;3.0;-121.61624999999998
30622;2019-11-12 00:00:00;23:00;2019-11-12 23:00:00;;;-16.0;-18.8;-60.11328125;3.0;-154.28140624999997
30622;2019-11-12 00:00:00;20:00;2019-11-12 20:00:00;;0.3;-15.3;-18.4;-60.11328125;3.0;-154.28140624999997
30622;2019-11-12 00:00:00;17:00;2019-11-12 17:00:00;;;-15.0;-18.8;-60.11328125;3.0;-154.28140624999997
30622;2019-11-12 00:00:00;14:00;2019-11-12 14:00:00;;;-15.8;-19.8;-60.11328125;3.0;-154.28140624999997
30622;2019-11-12 00:00:00;11:00;2019-11-12 11:00:00;;;-16.9;-20.8;-60.11328125;3.0;-154.28140624999997
30622;2019-11-12 00:00:00;08:00;2019-11-12 08:00:00;17.0;1.0;-18.9;-22.2;-60.11328125;3.0;-154.28140624999997
30622;2019-11-12 00:00:00;05:00;2019-11-12 05:00:00;;;-20.3;-23.5;-60.11328125;3.0;-154.28140624999997
30622;2019-11-12 00:00:00;02:00;2019-11-12 02:00:00;;;-21.7;-25.1;-60.11328125;3.0;-154.28140624999997
30622;2019-10-12 00:00:00;23:00;2019-10-12 23:00:00;;;-23.1;-26.2;-73.19218749999997;12.0;75.00187499999997
30622;2019-10-12 00:00:00;20:00;2019-10-12 20:00:00;;0.0;-24.5;-27.2;-73.19218749999997;12.0;75.00187499999997
30622;2019-10-12 00:00:00;17:00;2019-10-12 17:00:00;;;-18.1;-22.0;-73.19218749999997;12.0;75.00187499999997
30622;2019-10-12 00:00:00;14:00;2019-10-12 14:00:00;;;-12.5;-19.4;-73.19218749999997;12.0;75.00187499999997
30622;2019-10-12 00:00:00;11:00;2019-10-12 11:00:00;;;-15.2;-19.4;-73.19218749999997;12.0;75.00187499999997
30622;2019-10-12 00:00:00;08:00;2019-10-12 08:00:00;15.0;0.0;-18.8;-22.3;-73.19218749999997;12.0;75.00187499999997
30622;2019-10-12 00:00:00;05:00;2019-10-12 05:00:00;;;-15.2;-19.5;-73.19218749999997;12.0;75.00187499999997
30622;2019-10-12 00:00:00;02:00;2019-10-12 02:00:00;;;-11.6;-16.7;-73.19218749999997;12.0;75.00187499999997
30622;2019-09-12 00:00:00;23:00;2019-09-12 23:00:00;;;-9.5;-15.6;-47.130625;7.0;595.2496875
30622;2019-09-12 00:00:00;20:00;2019-09-12 20:00:00;;0.0;-7.8;-12.3;-47.130625;7.0;595.2496875
30622;2019-09-12 00:00:00;17:00;2019-09-12 17:00:00;;;-11.4;-14.5;-47.130625;7.0;595.2496875
30622;2019-09-12 00:00:00;14:00;2019-09-12 14:00:00;;;-11.2;-15.7;-47.130625;7.0;595.2496875
30622;2019-09-12 00:00:00;11:00;2019-09-12 11:00:00;;;-13.9;-17.0;-47.130625;7.0;595.2496875
30622;2019-09-12 00:00:00;08:00;2019-09-12 08:00:00;15.0;0.3;-16.0;-18.5;-47.130625;7.0;595.2496875
30622;2019-09-12 00:00:00;05:00;2019-09-12 05:00:00;;;-15.9;-18.6;-47.130625;7.0;595.2496875
30622;2019-09-12 00:00:00;02:00;2019-09-12 02:00:00;;;-17.6;-20.3;-47.130625;7.0;595.2496875
30622;2019-08-12 00:00:00;23:00;2019-08-12 23:00:00;;;-20.5;-23.4;-61.45734375000005;7.0;523.6651562499999
30622;2019-08-12 00:00:00;20:00;2019-08-12 20:00:00;;0.3;-17.7;-20.3;-61.45734375000005;7.0;523.6651562499999
30622;2019-08-12 00:00:00;17:00;2019-08-12 17:00:00;;;-15.9;-18.8;-61.45734375000005;7.0;523.6651562499999
30622;2019-08-12 00:00:00;14:00;2019-08-12 14:00:00;;;-15.7;-19.6;-61.45734375000005;7.0;523.6651562499999
30622;2019-08-12 00:00:00;11:00;2019-08-12 11:00:00;;;-18.3;-22.0;-61.45734375000005;7.0;523.6651562499999
30622;2019-08-12 00:00:00;08:00;2019-08-12 08:00:00;14.0;0.2;-21.0;-24.2;-61.45734375000005;7.0;523.6651562499999
30622;2019-08-12 00:00:00;05:00;2019-08-12 05:00:00;;;-21.5;-24.7;-61.45734375000005;7.0;523.6651562499999
30622;2019-08-12 00:00:00;02:00;2019-08-12 02:00:00;;;-20.1;-23.8;-61.45734375000005;7.0;523.6651562499999
30622;2019-07-12 00:00:00;23:00;2019-07-12 23:00:00;;;-21.8;-25.4;-112.78437499999991;3.0;-80.55546874999992
30622;2019-07-12 00:00:00;20:00;2019-07-12 20:00:00;;0.0;-22.9;-26.9;-112.78437499999991;3.0;-80.55546874999992
30622;2019-07-12 00:00:00;17:00;2019-07-12 17:00:00;;;-24.1;-28.5;-112.78437499999991;3.0;-80.55546874999992
30622;2019-07-12 00:00:00;14:00;2019-07-12 14:00:00;;;-22.5;-28.2;-112.78437499999991;3.0;-80.55546874999992
30622;2019-07-12 00:00:00;11:00;2019-07-12 11:00:00;;;-28.2;-32.4;-112.78437499999991;3.0;-80.55546874999992
30622;2019-07-12 00:00:00;08:00;2019-07-12 08:00:00;14.0;0.0;-31.3;-35.4;-112.78437499999991;3.0;-80.55546874999992
30622;2019-07-12 00:00:00;05:00;2019-07-12 05:00:00;;;-31.1;-35.2;-112.78437499999991;3.0;-80.55546874999992
30622;2019-07-12 00:00:00;02:00;2019-07-12 02:00:00;;;-30.4;-34.3;-112.78437499999991;3.0;-80.55546874999992
30622;2019-06-12 00:00:00;23:00;2019-06-12 23:00:00;;;-29.4;-33.2;-107.47448979591833;15.0;730.3053539540819
30622;2019-06-12 00:00:00;20:00;2019-06-12 20:00:00;;0.0;-27.8;-31.2;-107.47448979591833;15.0;730.3053539540819
30622;2019-06-12 00:00:00;14:00;2019-06-12 14:00:00;;;-21.7;-26.7;-107.47448979591833;15.0;730.3053539540819
30622;2019-06-12 00:00:00;11:00;2019-06-12 11:00:00;;;-25.2;-29.1;-107.47448979591833;15.0;730.3053539540819
30622;2019-06-12 00:00:00;08:00;2019-06-12 08:00:00;14.0;0.0;-27.8;-31.6;-107.47448979591833;15.0;730.3053539540819
30622;2019-06-12 00:00:00;05:00;2019-06-12 05:00:00;;;-30.3;-34.3;-107.47448979591833;15.0;730.3053539540819
30622;2019-06-12 00:00:00;02:00;2019-06-12 02:00:00;;;-29.3;-32.9;-107.47448979591833;15.0;730.3053539540819
30622;2019-05-12 00:00:00;23:00;2019-05-12 23:00:00;;;-26.4;-30.1;-114.12984374999998;33.0;540.9256249999999
30622;2019-05-12 00:00:00;20:00;2019-05-12 20:00:00;;0.3;-26.0;-29.5;-114.12984374999998;33.0;540.9256249999999
30622;2019-05-12 00:00:00;17:00;2019-05-12 17:00:00;;;-22.4;-26.9;-114.12984374999998;33.0;540.9256249999999
30622;2019-05-12 00:00:00;14:00;2019-05-12 14:00:00;;;-21.1;-26.9;-114.12984374999998;33.0;540.9256249999999
30622;2019-05-12 00:00:00;11:00;2019-05-12 11:00:00;;;-24.5;-29.3;-114.12984374999998;33.0;540.9256249999999
30622;2019-05-12 00:00:00;08:00;2019-05-12 08:00:00;13.0;0.0;-27.2;-31.5;-114.12984374999998;33.0;540.9256249999999
30622;2019-05-12 00:00:00;05:00;2019-05-12 05:00:00;;;-29.5;-33.8;-114.12984374999998;33.0;540.9256249999999
30622;2019-05-12 00:00:00;02:00;2019-05-12 02:00:00;;;-31.0;-35.2;-114.12984374999998;33.0;540.9256249999999
30622;2019-04-12 00:00:00;23:00;2019-04-12 23:00:00;;;-32.7;-36.9;-155.77499999999995;3.0;-84.67578124999996
30622;2019-04-12 00:00:00;20:00;2019-04-12 20:00:00;;0.0;-31.9;-36.1;-155.77499999999995;3.0;-84.67578124999996
30622;2019-04-12 00:00:00;17:00;2019-04-12 17:00:00;;;-29.9;-35.2;-155.77499999999995;3.0;-84.67578124999996
30622;2019-04-12 00:00:00;14:00;2019-04-12 14:00:00;;;-30.6;-35.8;-155.77499999999995;3.0;-84.67578124999996
30622;2019-04-12 00:00:00;11:00;2019-04-12 11:00:00;;;-35.3;-40.1;-155.77499999999995;3.0;-84.67578124999996
30622;2019-04-12 00:00:00;08:00;2019-04-12 08:00:00;13.0;0.0;-37.1;-41.9;-155.77499999999995;3.0;-84.67578124999996
30622;2019-04-12 00:00:00;05:00;2019-04-12 05:00:00;;;-36.0;-40.5;-155.77499999999995;3.0;-84.67578124999996
30622;2019-04-12 00:00:00;02:00;2019-04-12 02:00:00;;;-34.5;-38.7;-155.77499999999995;3.0;-84.67578124999996
30622;2019-03-12 00:00:00;23:00;2019-03-12 23:00:00;;;-32.1;-36.1;-107.03656250000002;1.0;-114.84828125000001
30622;2019-03-12 00:00:00;20:00;2019-03-12 20:00:00;;0.3;-30.9;-34.8;-107.03656250000002;1.0;-114.84828125000001
30622;2019-03-12 00:00:00;17:00;2019-03-12 17:00:00;;;-26.3;-30.5;-107.03656250000002;1.0;-114.84828125000001
30622;2019-03-12 00:00:00;14:00;2019-03-12 14:00:00;;;-22.0;-28.4;-107.03656250000002;1.0;-114.84828125000001
30622;2019-03-12 00:00:00;11:00;2019-03-12 11:00:00;;;-23.5;-28.1;-107.03656250000002;1.0;-114.84828125000001
30622;2019-03-12 00:00:00;08:00;2019-03-12 08:00:00;13.0;0.6;-24.6;-28.3;-107.03656250000002;1.0;-114.84828125000001
30622;2019-03-12 00:00:00;05:00;2019-03-12 05:00:00;;;-23.9;-27.4;-107.03656250000002;1.0;-114.84828125000001
30622;2019-03-12 00:00:00;02:00;2019-03-12 02:00:00;;;-21.8;-24.9;-107.03656250000002;1.0;-114.84828125000001
30622;2019-02-12 00:00:00;23:00;2019-02-12 23:00:00;;;-19.8;-22.8;-64.80406249999997;37.0;-784.7896524234695
30622;2019-02-12 00:00:00;20:00;2019-02-12 20:00:00;;0.3;-20.8;-23.8;-64.80406249999997;37.0;-784.7896524234695
30622;2019-02-12 00:00:00;17:00;2019-02-12 17:00:00;;;-18.6;-22.0;-64.80406249999997;37.0;-784.7896524234695
30622;2019-02-12 00:00:00;14:00;2019-02-12 14:00:00;;;-18.5;-22.6;-64.80406249999997;37.0;-784.7896524234695
30622;2019-02-12 00:00:00;11:00;2019-02-12 11:00:00;;;-19.9;-23.6;-64.80406249999997;37.0;-784.7896524234695
30622;2019-02-12 00:00:00;08:00;2019-02-12 08:00:00;12.0;0.7;-21.3;-24.4;-64.80406249999997;37.0;-784.7896524234695
30622;2019-02-12 00:00:00;05:00;2019-02-12 05:00:00;;;-20.0;-22.9;-64.80406249999997;37.0;-784.7896524234695
30622;2019-02-12 00:00:00;02:00;2019-02-12 02:00:00;;;-19.4;-22.4;-64.80406249999997;37.0;-784.7896524234695
30622;2019-01-12 00:00:00;23:00;2019-01-12 23:00:00;;;-19.6;-22.7;-91.84687499999998;6.0;400.8168750000001
30622;2019-01-12 00:00:00;20:00;2019-01-12 20:00:00;;0.4;-20.2;-23.4;-91.84687499999998;6.0;400.8168750000001
30622;2019-01-12 00:00:00;17:00;2019-01-12 17:00:00;;;-21.0;-24.5;-91.84687499999998;6.0;400.8168750000001
30622;2019-01-12 00:00:00;14:00;2019-01-12 14:00:00;;;-22.4;-25.8;-91.84687499999998;6.0;400.8168750000001
30622;2019-01-12 00:00:00;11:00;2019-01-12 11:00:00;;;-28.0;-31.9;-91.84687499999998;6.0;400.8168750000001
30622;2019-01-12 00:00:00;08:00;2019-01-12 08:00:00;10.0;0.0;-30.5;-34.5;-91.84687499999998;6.0;400.8168750000001
30622;2019-01-12 00:00:00;05:00;2019-01-12 05:00:00;;;-29.7;-33.6;-91.84687499999998;6.0;400.8168750000001
30622;2019-01-12 00:00:00;02:00;2019-01-12 02:00:00;;;-30.6;-34.7;-91.84687499999998;6.0;400.8168750000001
30622;2019-11-30 00:00:00;23:00;2019-11-30 23:00:00;;;-27.9;-31.5;-98.42765624999994;9.0;-966.94609375
30622;2019-11-30 00:00:00;20:00;2019-11-30 20:00:00;;0.0;-25.6;-28.9;-98.42765624999994;9.0;-966.94609375
30622;2019-11-30 00:00:00;17:00;2019-11-30 17:00:00;;;-22.7;-26.3;-98.42765624999994;9.0;-966.94609375
30622;2019-11-30 00:00:00;14:00;2019-11-30 14:00:00;;;-22.0;-26.5;-98.42765624999994;9.0;-966.94609375
30622;2019-11-30 00:00:00;11:00;2019-11-30 11:00:00;;;-25.3;-29.2;-98.42765624999994;9.0;-966.94609375
30622;2019-11-30 00:00:00;08:00;2019-11-30 08:00:00;10.0;0.0;-27.2;-31.0;-98.42765624999994;9.0;-966.94609375
30622;2019-11-30 00:00:00;05:00;2019-11-30 05:00:00;;;-27.7;-31.5;-98.42765624999994;9.0;-966.94609375
30622;2019-11-30 00:00:00;02:00;2019-11-30 02:00:00;;;-29.5;-33.3;-98.42765624999994;9.0;-966.94609375
30622;2019-11-29 00:00:00;23:00;2019-11-29 23:00:00;;;-28.6;-32.1;-93.31874999999998;8.0;-868.5184375000001
30622;2019-11-29 00:00:00;20:00;2019-11-29 20:00:00;;0.2;-25.7;-29.0;-93.31874999999998;8.0;-868.5184375000001
30622;2019-11-29 00:00:00;17:00;2019-11-29 17:00:00;;;-20.3;-24.6;-93.31874999999998;8.0;-868.5184375000001
30622;2019-11-29 00:00:00;14:00;2019-11-29 14:00:00;;;-17.5;-23.7;-93.31874999999998;8.0;-868.5184375000001
30622;2019-11-29 00:00:00;11:00;2019-11-29 11:00:00;;;-21.5;-25.1;-93.31874999999998;8.0;-868.5184375000001
30622;2019-11-29 00:00:00;08:00;2019-11-29 08:00:00;10.0;0.0;-26.1;-29.7;-93.31874999999998;8.0;-868.5184375000001
30622;2019-11-29 00:00:00;05:00;2019-11-29 05:00:00;;;-24.7;-28.3;-93.31874999999998;8.0;-868.5184375000001
30622;2019-11-29 00:00:00;02:00;2019-11-29 02:00:00;;;-24.6;-28.1;-93.31874999999998;8.0;-868.5184375000001
30622;2019-11-28 00:00:00;23:00;2019-11-28 23:00:00;;;-27.6;-31.2;-111.35781249999998;7.0;-775.1996875000001
30622;2019-11-28 00:00:00;20:00;2019-11-28 20:00:00;;0.0;-26.5;-30.0;-111.35781249999998;7.0;-775.1996875000001
30622;2019-11-28 00:00:00;17:00;2019-11-28 17:00:00;;;-22.2;-27.3;-111.35781249999998;7.0;-775.1996875000001
30622;2019-11-28 00:00:00;14:00;2019-11-28 14:00:00;;;-21.4;-27.8;-111.35781249999998;7.0;-775.1996875000001
30622;2019-11-28 00:00:00;11:00;2019-11-28 11:00:00;;;-25.6;-29.8;-111.35781249999998;7.0;-775.1996875000001
30622;2019-11-28 00:00:00;08:00;2019-11-28 08:00:00;9.0;0.0;-28.2;-31.9;-111.35781249999998;7.0;-775.1996875000001
30622;2019-11-28 00:00:00;05:00;2019-11-28 05:00:00;;;-28.9;-32.8;-111.35781249999998;7.0;-775.1996875000001
30622;2019-11-28 00:00:00;02:00;2019-11-28 02:00:00;;;-28.6;-32.3;-111.35781249999998;7.0;-775.1996875000001
30622;2019-11-27 00:00:00;23:00;2019-11-27 23:00:00;;;-28.3;-32.1;-124.8515625;6.0;-663.8418750000001
30622;2019-11-27 00:00:00;20:00;2019-11-27 20:00:00;;0.0;-27.8;-31.4;-124.8515625;6.0;-663.8418750000001
30622;2019-11-27 00:00:00;17:00;2019-11-27 17:00:00;;;-23.7;-28.6;-124.8515625;6.0;-663.8418750000001
30622;2019-11-27 00:00:00;14:00;2019-11-27 14:00:00;;;-24.0;-30.1;-124.8515625;6.0;-663.8418750000001
30622;2019-11-27 00:00:00;11:00;2019-11-27 11:00:00;;;-29.1;-33.3;-124.8515625;6.0;-663.8418750000001
30622;2019-11-27 00:00:00;08:00;2019-11-27 08:00:00;9.0;0.0;-33.1;-37.4;-124.8515625;6.0;-663.8418750000001
30622;2019-11-27 00:00:00;05:00;2019-11-27 05:00:00;;;-31.6;-35.7;-124.8515625;6.0;-663.8418750000001
30622;2019-11-27 00:00:00;02:00;2019-11-27 02:00:00;;;-30.7;-34.7;-124.8515625;6.0;-663.8418750000001
30622;2019-11-26 00:00:00;23:00;2019-11-26 23:00:00;;;-29.0;-32.6;-103.98374999999997;5.0;-538.9903125000001
30622;2019-11-26 00:00:00;20:00;2019-11-26 20:00:00;;0.0;-25.8;-29.3;-103.98374999999997;5.0;-538.9903125000001
30622;2019-11-26 00:00:00;17:00;2019-11-26 17:00:00;;;-22.6;-26.8;-103.98374999999997;5.0;-538.9903125000001
30622;2019-11-26 00:00:00;14:00;2019-11-26 14:00:00;;;-21.7;-27.1;-103.98374999999997;5.0;-538.9903125000001
30622;2019-11-26 00:00:00;11:00;2019-11-26 11:00:00;;;-27.7;-31.7;-103.98374999999997;5.0;-538.9903125000001
30622;2019-11-26 00:00:00;08:00;2019-11-26 08:00:00;9.0;0.0;-31.3;-35.2;-103.98374999999997;5.0;-538.9903125000001
30622;2019-11-26 00:00:00;05:00;2019-11-26 05:00:00;;;-27.3;-30.8;-103.98374999999997;5.0;-538.9903125000001
30622;2019-11-26 00:00:00;02:00;2019-11-26 02:00:00;;;-25.2;-28.7;-103.98374999999997;5.0;-538.9903125000001
30622;2019-11-25 00:00:00;23:00;2019-11-25 23:00:00;;;-22.0;-24.9;-76.58375000000005;4.0;-435.00656250000014
30622;2019-11-25 00:00:00;20:00;2019-11-25 20:00:00;;0.0;-15.6;-19.6;-76.58375000000005;4.0;-435.00656250000014
30622;2019-11-25 00:00:00;17:00;2019-11-25 17:00:00;;;-11.9;-18.3;-76.58375000000005;4.0;-435.00656250000014
30622;2019-11-25 00:00:00;14:00;2019-11-25 14:00:00;;;-15.7;-20.6;-76.58375000000005;4.0;-435.00656250000014
30622;2019-11-25 00:00:00;11:00;2019-11-25 11:00:00;;;-20.8;-24.1;-76.58375000000005;4.0;-435.00656250000014
30622;2019-11-25 00:00:00;08:00;2019-11-25 08:00:00;9.0;0.0;-23.3;-26.6;-76.58375000000005;4.0;-435.00656250000014
30622;2019-11-25 00:00:00;05:00;2019-11-25 05:00:00;;;-24.4;-27.5;-76.58375000000005;4.0;-435.00656250000014
30622;2019-11-25 00:00:00;02:00;2019-11-25 02:00:00;;;-23.9;-27.1;-76.58375000000005;4.0;-435.00656250000014
30622;2019-11-24 00:00:00;23:00;2019-11-24 23:00:00;;;-22.8;-25.8;-81.64359375000001;3.0;-358.4228125000001
30622;2019-11-24 00:00:00;20:00;2019-11-24 20:00:00;;0.0;-22.0;-24.9;-81.64359375000001;3.0;-358.4228125000001
30622;2019-11-24 00:00:00;17:00;2019-11-24 17:00:00;;;-17.8;-22.7;-81.64359375000001;3.0;-358.4228125000001
30622;2019-11-24 00:00:00;14:00;2019-11-24 14:00:00;;;-15.9;-21.4;-81.64359375000001;3.0;-358.4228125000001
30622;2019-11-24 00:00:00;11:00;2019-11-24 11:00:00;;;-20.2;-24.3;-81.64359375000001;3.0;-358.4228125000001
30622;2019-11-24 00:00:00;08:00;2019-11-24 08:00:00;9.0;0.3;-22.2;-25.5;-81.64359375000001;3.0;-358.4228125000001
30622;2019-11-24 00:00:00;05:00;2019-11-24 05:00:00;;;-23.6;-27.3;-81.64359375000001;3.0;-358.4228125000001
30622;2019-11-24 00:00:00;02:00;2019-11-24 02:00:00;;;-24.6;-28.1;-81.64359375000001;3.0;-358.4228125000001
30622;2019-11-23 00:00:00;23:00;2019-11-23 23:00:00;;;-24.1;-27.8;-116.65500000000007;2.0;-276.77921875000004
30622;2019-11-23 00:00:00;20:00;2019-11-23 20:00:00;;0.0;-23.8;-27.6;-116.65500000000007;2.0;-276.77921875000004
30622;2019-11-23 00:00:00;17:00;2019-11-23 17:00:00;;;-24.4;-28.9;-116.65500000000007;2.0;-276.77921875000004
30622;2019-11-23 00:00:00;14:00;2019-11-23 14:00:00;;;-25.2;-30.2;-116.65500000000007;2.0;-276.77921875000004
30622;2019-11-23 00:00:00;11:00;2019-11-23 11:00:00;;;-28.9;-32.9;-116.65500000000007;2.0;-276.77921875000004
30622;2019-11-23 00:00:00;08:00;2019-11-23 08:00:00;9.0;0.0;-32.7;-37.0;-116.65500000000007;2.0;-276.77921875000004
30622;2019-11-23 00:00:00;05:00;2019-11-23 05:00:00;;;-32.2;-36.4;-116.65500000000007;2.0;-276.77921875000004
30622;2019-11-23 00:00:00;02:00;2019-11-23 02:00:00;;;-30.9;-35.0;-116.65500000000007;2.0;-276.77921875000004
30622;2019-11-22 00:00:00;23:00;2019-11-22 23:00:00;;;-30.0;-33.8;-104.06953124999998;1.0;-160.12421874999995
30622;2019-11-22 00:00:00;20:00;2019-11-22 20:00:00;;0.0;-27.5;-31.0;-104.06953124999998;1.0;-160.12421874999995
30622;2019-11-22 00:00:00;17:00;2019-11-22 17:00:00;;;-21.3;-26.2;-104.06953124999998;1.0;-160.12421874999995
30622;2019-11-22 00:00:00;14:00;2019-11-22 14:00:00;;;-17.7;-25.0;-104.06953124999998;1.0;-160.12421874999995
30622;2019-11-22 00:00:00;11:00;2019-11-22 11:00:00;;;-22.9;-27.4;-104.06953124999998;1.0;-160.12421874999995
30622;2019-11-22 00:00:00;08:00;2019-11-22 08:00:00;9.0;0.0;-26.4;-29.5;-104.06953124999998;1.0;-160.12421874999995
30622;2019-11-22 00:00:00;05:00;2019-11-22 05:00:00;;;-22.1;-25.2;-104.06953124999998;1.0;-160.12421874999995
30622;2019-11-22 00:00:00;02:00;2019-11-22 02:00:00;;;-16.6;-22.5;-104.06953124999998;1.0;-160.12421874999995
30622;2019-11-21 00:00:00;23:00;2019-11-21 23:00:00;;;-14.5;-20.6;-56.05468749999998;0.0;-56.05468749999998
30622;2019-11-21 00:00:00;20:00;2019-11-21 20:00:00;;4.0;-12.7;-17.0;-56.05468749999998;0.0;-56.05468749999998
30622;2019-11-21 00:00:00;17:00;2019-11-21 17:00:00;;;-11.7;-15.7;-56.05468749999998;0.0;-56.05468749999998
30622;2019-11-21 00:00:00;14:00;2019-11-21 14:00:00;;;-11.1;-13.6;-56.05468749999998;0.0;-56.05468749999998
30622;2019-11-21 00:00:00;11:00;2019-11-21 11:00:00;;;-15.2;-18.0;-56.05468749999998;0.0;-56.05468749999998
30622;2019-11-21 00:00:00;08:00;2019-11-21 08:00:00;7.0;0.0;-17.3;-20.3;-56.05468749999998;0.0;-56.05468749999998
30622;2019-11-21 00:00:00;05:00;2019-11-21 05:00:00;;;-19.8;-22.7;-56.05468749999998;0.0;-56.05468749999998
30622;2019-11-21 00:00:00;02:00;2019-11-21 02:00:00;;;-22.7;-25.8;-56.05468749999998;0.0;-56.05468749999998
30622;2019-11-20 00:00:00;23:00;2019-11-20 23:00:00;;;-22.2;-25.3;-88.73312500000006;11.0;-977.83453125
30622;2019-11-20 00:00:00;20:00;2019-11-20 20:00:00;;0.0;-19.7;-23.2;-88.73312500000006;11.0;-977.83453125
30622;2019-11-20 00:00:00;17:00;2019-11-20 17:00:00;;;-16.5;-21.4;-88.73312500000006;11.0;-977.83453125
30622;2019-11-20 00:00:00;14:00;2019-11-20 14:00:00;;;-18.2;-23.6;-88.73312500000006;11.0;-977.83453125
30622;2019-11-20 00:00:00;11:00;2019-11-20 11:00:00;;;-21.5;-26.0;-88.73312500000006;11.0;-977.83453125
30622;2019-11-20 00:00:00;08:00;2019-11-20 08:00:00;7.0;0.0;-24.7;-28.4;-88.73312500000006;11.0;-977.83453125
30622;2019-11-20 00:00:00;05:00;2019-11-20 05:00:00;;;-25.1;-28.8;-88.73312500000006;11.0;-977.83453125
30622;2019-11-20 00:00:00;02:00;2019-11-20 02:00:00;;;-26.3;-30.1;-88.73312500000006;11.0;-977.83453125
30622;2019-11-19 00:00:00;23:00;2019-11-19 23:00:00;;;-25.5;-29.1;-125.81593749999993;10.0;-889.10140625
30622;2019-11-19 00:00:00;20:00;2019-11-19 20:00:00;;0.0;-25.1;-28.6;-125.81593749999993;10.0;-889.10140625
30622;2019-11-19 00:00:00;17:00;2019-11-19 17:00:00;;;-21.4;-27.7;-125.81593749999993;10.0;-889.10140625
30622;2019-11-19 00:00:00;14:00;2019-11-19 14:00:00;;;-22.1;-28.6;-125.81593749999993;10.0;-889.10140625
30622;2019-11-19 00:00:00;11:00;2019-11-19 11:00:00;;;-26.6;-31.2;-125.81593749999993;10.0;-889.10140625
30622;2019-11-19 00:00:00;08:00;2019-11-19 08:00:00;7.0;0.0;-31.5;-35.8;-125.81593749999993;10.0;-889.10140625
30622;2019-11-19 00:00:00;05:00;2019-11-19 05:00:00;;;-31.8;-36.2;-125.81593749999993;10.0;-889.10140625
30622;2019-11-19 00:00:00;02:00;2019-11-19 02:00:00;;;-31.3;-35.5;-125.81593749999993;10.0;-889.10140625
30622;2019-11-18 00:00:00;23:00;2019-11-18 23:00:00;;;-30.6;-34.7;-144.27843750000005;9.0;-763.2854687500001
30622;2019-11-18 00:00:00;20:00;2019-11-18 20:00:00;;0.0;-29.5;-33.4;-144.27843750000005;9.0;-763.2854687500001
30622;2019-11-18 00:00:00;17:00;2019-11-18 17:00:00;;;-24.5;-30.2;-144.27843750000005;9.0;-763.2854687500001
30622;2019-11-18 00:00:00;14:00;2019-11-18 14:00:00;;;-24.4;-31.4;-144.27843750000005;9.0;-763.2854687500001
30622;2019-11-18 00:00:00;11:00;2019-11-18 11:00:00;;;-29.6;-34.3;-144.27843750000005;9.0;-763.2854687500001
30622;2019-11-18 00:00:00;08:00;2019-11-18 08:00:00;7.0;0.0;-34.8;-39.5;-144.27843750000005;9.0;-763.2854687500001
30622;2019-11-18 00:00:00;05:00;2019-11-18 05:00:00;;;-32.9;-37.3;-144.27843750000005;9.0;-763.2854687500001
30622;2019-11-18 00:00:00;02:00;2019-11-18 02:00:00;;;-32.3;-36.5;-144.27843750000005;9.0;-763.2854687500001
30622;2019-11-17 00:00:00;23:00;2019-11-17 23:00:00;;;-30.5;-34.3;-130.49625000000003;8.0;-619.00703125
30622;2019-11-17 00:00:00;20:00;2019-11-17 20:00:00;;0.0;-29.1;-32.7;-130.49625000000003;8.0;-619.00703125
30622;2019-11-17 00:00:00;17:00;2019-11-17 17:00:00;;;-22.5;-28.5;-130.49625000000003;8.0;-619.00703125
30622;2019-11-17 00:00:00;14:00;2019-11-17 14:00:00;;;-21.0;-29.0;-130.49625000000003;8.0;-619.00703125
30622;2019-11-17 00:00:00;11:00;2019-11-17 11:00:00;;;-26.1;-31.5;-130.49625000000003;8.0;-619.00703125
30622;2019-11-17 00:00:00;08:00;2019-11-17 08:00:00;7.0;0.0;-27.5;-32.1;-130.49625000000003;8.0;-619.00703125
30622;2019-11-17 00:00:00;05:00;2019-11-17 05:00:00;;;-25.1;-29.6;-130.49625000000003;8.0;-619.00703125
30622;2019-11-17 00:00:00;02:00;2019-11-17 02:00:00;;;-22.9;-27.8;-130.49625000000003;8.0;-619.00703125
30622;2019-11-16 00:00:00;23:00;2019-11-16 23:00:00;;;-20.4;-27.3;-116.16750000000005;7.0;-488.5107812499999
30622;2019-11-16 00:00:00;20:00;2019-11-16 20:00:00;;0.0;-19.5;-26.2;-116.16750000000005;7.0;-488.5107812499999
30622;2019-11-16 00:00:00;17:00;2019-11-16 17:00:00;;;-17.7;-26.6;-116.16750000000005;7.0;-488.5107812499999
30622;2019-11-16 00:00:00;14:00;2019-11-16 14:00:00;;;-17.0;-22.3;-116.16750000000005;7.0;-488.5107812499999
30622;2019-11-16 00:00:00;11:00;2019-11-16 11:00:00;;;-21.8;-25.9;-116.16750000000005;7.0;-488.5107812499999
30622;2019-11-16 00:00:00;08:00;2019-11-16 08:00:00;7.0;0.0;-23.9;-28.0;-116.16750000000005;7.0;-488.5107812499999
30622;2019-11-16 00:00:00;05:00;2019-11-16 05:00:00;;;-25.2;-28.8;-116.16750000000005;7.0;-488.5107812499999
30622;2019-11-16 00:00:00;02:00;2019-11-16 02:00:00;;;-26.6;-30.2;-116.16750000000005;7.0;-488.5107812499999
30622;2019-11-15 00:00:00;23:00;2019-11-15 23:00:00;;;-24.5;-27.6;-78.34749999999998;6.0;-372.3432812499999
30622;2019-11-15 00:00:00;20:00;2019-11-15 20:00:00;;0.0;-22.3;-25.4;-78.34749999999998;6.0;-372.3432812499999
30622;2019-11-15 00:00:00;17:00;2019-11-15 17:00:00;;;-16.9;-21.6;-78.34749999999998;6.0;-372.3432812499999
30622;2019-11-15 00:00:00;14:00;2019-11-15 14:00:00;;;-16.2;-22.2;-78.34749999999998;6.0;-372.3432812499999
30622;2019-11-15 00:00:00;11:00;2019-11-15 11:00:00;;;-21.6;-25.5;-78.34749999999998;6.0;-372.3432812499999
30622;2019-11-15 00:00:00;08:00;2019-11-15 08:00:00;7.0;0.0;-24.8;-27.8;-78.34749999999998;6.0;-372.3432812499999
30622;2019-11-15 00:00:00;05:00;2019-11-15 05:00:00;;;-21.9;-24.9;-78.34749999999998;6.0;-372.3432812499999
30622;2019-11-15 00:00:00;02:00;2019-11-15 02:00:00;;;-21.2;-24.0;-78.34749999999998;6.0;-372.3432812499999
30622;2019-11-14 00:00:00;23:00;2019-11-14 23:00:00;;;-20.9;-24.0;-66.57374999999996;5.0;-293.99578124999994
30622;2019-11-14 00:00:00;20:00;2019-11-14 20:00:00;;0.0;-15.2;-19.7;-66.57374999999996;5.0;-293.99578124999994
30622;2019-11-14 00:00:00;17:00;2019-11-14 17:00:00;;;-12.7;-18.1;-66.57374999999996;5.0;-293.99578124999994
30622;2019-11-14 00:00:00;14:00;2019-11-14 14:00:00;;;-11.2;-18.2;-66.57374999999996;5.0;-293.99578124999994
30622;2019-11-14 00:00:00;11:00;2019-11-14 11:00:00;;;-16.7;-20.7;-66.57374999999996;5.0;-293.99578124999994
30622;2019-11-14 00:00:00;08:00;2019-11-14 08:00:00;7.0;0.4;-18.5;-21.6;-66.57374999999996;5.0;-293.99578124999994
30622;2019-11-14 00:00:00;05:00;2019-11-14 05:00:00;;;-17.8;-20.5;-66.57374999999996;5.0;-293.99578124999994
30622;2019-11-14 00:00:00;02:00;2019-11-14 02:00:00;;;-16.9;-19.9;-66.57374999999996;5.0;-293.99578124999994
30622;2019-11-13 00:00:00;23:00;2019-11-13 23:00:00;;;-14.8;-17.4;-73.140625;4.0;-227.42203124999997
30622;2019-11-13 00:00:00;20:00;2019-11-13 20:00:00;;0.0;-16.1;-19.5;-73.140625;4.0;-227.42203124999997
30622;2019-11-13 00:00:00;17:00;2019-11-13 17:00:00;;;-15.5;-20.4;-73.140625;4.0;-227.42203124999997
30622;2019-11-13 00:00:00;14:00;2019-11-13 14:00:00;;;-14.6;-21.0;-73.140625;4.0;-227.42203124999997
30622;2019-11-13 00:00:00;11:00;2019-11-13 11:00:00;;;-21.2;-25.2;-73.140625;4.0;-227.42203124999997
30622;2019-11-13 00:00:00;08:00;2019-11-13 08:00:00;6.0;0.2;-25.3;-28.7;-73.140625;4.0;-227.42203124999997
30622;2019-11-13 00:00:00;05:00;2019-11-13 05:00:00;;;-22.9;-26.0;-73.140625;4.0;-227.42203124999997
30622;2019-11-13 00:00:00;02:00;2019-11-13 02:00:00;;;-20.6;-23.8;-73.140625;4.0;-227.42203124999997
30622;2019-12-11 00:00:00;23:00;2019-12-11 23:00:00;;;-21.9;-25.1;-97.56187499999999;2.0;-94.25328124999999
30622;2019-12-11 00:00:00;20:00;2019-12-11 20:00:00;;0.0;-20.8;-24.2;-97.56187499999999;2.0;-94.25328124999999
30622;2019-12-11 00:00:00;17:00;2019-12-11 17:00:00;;;-16.2;-23.1;-97.56187499999999;2.0;-94.25328124999999
30622;2019-12-11 00:00:00;14:00;2019-12-11 14:00:00;;;-14.9;-24.4;-97.56187499999999;2.0;-94.25328124999999
30622;2019-12-11 00:00:00;11:00;2019-12-11 11:00:00;;;-21.2;-24.9;-97.56187499999999;2.0;-94.25328124999999
30622;2019-12-11 00:00:00;08:00;2019-12-11 08:00:00;6.0;0.0;-27.0;-30.6;-97.56187499999999;2.0;-94.25328124999999
30622;2019-12-11 00:00:00;05:00;2019-12-11 05:00:00;;;-25.5;-28.7;-97.56187499999999;2.0;-94.25328124999999
30622;2019-12-11 00:00:00;02:00;2019-12-11 02:00:00;;;-23.1;-26.2;-97.56187499999999;2.0;-94.25328124999999
30622;2019-11-11 00:00:00;23:00;2019-11-11 23:00:00;;;-20.7;-23.5;-74.73531249999998;2.0;-94.16812499999997
30622;2019-11-11 00:00:00;20:00;2019-11-11 20:00:00;;0.0;-17.0;-21.4;-74.73531249999998;2.0;-94.16812499999997
30622;2019-11-11 00:00:00;17:00;2019-11-11 17:00:00;;;-13.8;-19.9;-74.73531249999998;2.0;-94.16812499999997
30622;2019-11-11 00:00:00;14:00;2019-11-11 14:00:00;;;-14.0;-19.5;-74.73531249999998;2.0;-94.16812499999997
30622;2019-11-11 00:00:00;11:00;2019-11-11 11:00:00;;;-20.4;-24.0;-74.73531249999998;2.0;-94.16812499999997
30622;2019-11-11 00:00:00;08:00;2019-11-11 08:00:00;6.0;0.0;-25.3;-28.3;-74.73531249999998;2.0;-94.16812499999997
30622;2019-11-11 00:00:00;05:00;2019-11-11 05:00:00;;;-23.3;-26.0;-74.73531249999998;2.0;-94.16812499999997
30622;2019-11-11 00:00:00;02:00;2019-11-11 02:00:00;;;-21.3;-23.9;-74.73531249999998;2.0;-94.16812499999997
30622;2019-10-11 00:00:00;23:00;2019-10-11 23:00:00;;;-18.6;-21.2;-53.46;11.0;148.19406249999994
30622;2019-10-11 00:00:00;20:00;2019-10-11 20:00:00;;0.0;-12.8;-18.4;-53.46;11.0;148.19406249999994
30622;2019-10-11 00:00:00;17:00;2019-10-11 17:00:00;;;-8.6;-18.3;-53.46;11.0;148.19406249999994
30622;2019-10-11 00:00:00;14:00;2019-10-11 14:00:00;;;-6.2;-16.7;-53.46;11.0;148.19406249999994
30622;2019-10-11 00:00:00;11:00;2019-10-11 11:00:00;;;-7.1;-14.2;-53.46;11.0;148.19406249999994
30622;2019-10-11 00:00:00;08:00;2019-10-11 08:00:00;6.0;0.8;-7.2;-14.0;-53.46;11.0;148.19406249999994
30622;2019-10-11 00:00:00;05:00;2019-10-11 05:00:00;;;-3.0;-8.0;-53.46;11.0;148.19406249999994
30622;2019-10-11 00:00:00;02:00;2019-10-11 02:00:00;;;-6.9;-8.2;-53.46;11.0;148.19406249999994
30622;2019-09-11 00:00:00;23:00;2019-09-11 23:00:00;;;-5.5;-6.7;-13.068749999999994;6.0;642.3803125000001
30622;2019-09-11 00:00:00;20:00;2019-09-11 20:00:00;;0.2;-3.8;-5.5;-13.068749999999994;6.0;642.3803125000001
30622;2019-09-11 00:00:00;17:00;2019-09-11 17:00:00;;;-4.0;-6.5;-13.068749999999994;6.0;642.3803125000001
30622;2019-09-11 00:00:00;14:00;2019-09-11 14:00:00;;;-5.5;-7.0;-13.068749999999994;6.0;642.3803125000001
30622;2019-09-11 00:00:00;11:00;2019-09-11 11:00:00;;;-8.3;-9.8;-13.068749999999994;6.0;642.3803125000001
30622;2019-09-11 00:00:00;08:00;2019-09-11 08:00:00;5.0;0.0;-11.3;-13.1;-13.068749999999994;6.0;642.3803125000001
30622;2019-09-11 00:00:00;05:00;2019-09-11 05:00:00;;;-12.2;-14.1;-13.068749999999994;6.0;642.3803125000001
30622;2019-09-11 00:00:00;02:00;2019-09-11 02:00:00;;;-10.9;-12.4;-13.068749999999994;6.0;642.3803125000001
30622;2019-08-11 00:00:00;23:00;2019-08-11 23:00:00;;;-7.7;-9.3;-17.5084375;6.0;585.1225
30622;2019-08-11 00:00:00;20:00;2019-08-11 20:00:00;;0.0;-7.2;-9.2;-17.5084375;6.0;585.1225
30622;2019-08-11 00:00:00;17:00;2019-08-11 17:00:00;;;-3.6;-7.4;-17.5084375;6.0;585.1225
30622;2019-08-11 00:00:00;14:00;2019-08-11 14:00:00;;;-3.6;-7.8;-17.5084375;6.0;585.1225
30622;2019-08-11 00:00:00;11:00;2019-08-11 11:00:00;;;-8.8;-10.7;-17.5084375;6.0;585.1225
30622;2019-08-11 00:00:00;08:00;2019-08-11 08:00:00;5.0;0.0;-12.9;-14.5;-17.5084375;6.0;585.1225
30622;2019-08-11 00:00:00;05:00;2019-08-11 05:00:00;;;-11.0;-12.3;-17.5084375;6.0;585.1225
30622;2019-08-11 00:00:00;02:00;2019-08-11 02:00:00;;;-7.8;-9.3;-17.5084375;6.0;585.1225
30622;2019-07-11 00:00:00;23:00;2019-07-11 23:00:00;;;-4.8;-6.5;-13.54546875;2.0;32.228906249999994
30622;2019-07-11 00:00:00;20:00;2019-07-11 20:00:00;;0.2;-4.1;-6.3;-13.54546875;2.0;32.228906249999994
30622;2019-07-11 00:00:00;17:00;2019-07-11 17:00:00;;;-0.8;-3.8;-13.54546875;2.0;32.228906249999994
30622;2019-07-11 00:00:00;14:00;2019-07-11 14:00:00;;;-1.1;-4.2;-13.54546875;2.0;32.228906249999994
30622;2019-07-11 00:00:00;11:00;2019-07-11 11:00:00;;;-5.2;-8.6;-13.54546875;2.0;32.228906249999994
30622;2019-07-11 00:00:00;08:00;2019-07-11 08:00:00;5.0;0.0;-8.2;-10.5;-13.54546875;2.0;32.228906249999994
30622;2019-07-11 00:00:00;05:00;2019-07-11 05:00:00;;;-9.1;-11.4;-13.54546875;2.0;32.228906249999994
30622;2019-07-11 00:00:00;02:00;2019-07-11 02:00:00;;;-7.4;-10.7;-13.54546875;2.0;32.228906249999994
30622;2019-06-11 00:00:00;23:00;2019-06-11 23:00:00;;;-8.7;-12.0;-43.0078125;14.0;837.7798437500002
30622;2019-06-11 00:00:00;20:00;2019-06-11 20:00:00;;0.0;-10.1;-12.9;-43.0078125;14.0;837.7798437500002
30622;2019-06-11 00:00:00;17:00;2019-06-11 17:00:00;;;-8.9;-12.7;-43.0078125;14.0;837.7798437500002
30622;2019-06-11 00:00:00;14:00;2019-06-11 14:00:00;;;-9.2;-13.8;-43.0078125;14.0;837.7798437500002
30622;2019-06-11 00:00:00;11:00;2019-06-11 11:00:00;;;-15.5;-18.6;-43.0078125;14.0;837.7798437500002
30622;2019-06-11 00:00:00;08:00;2019-06-11 08:00:00;5.0;0.0;-19.8;-22.3;-43.0078125;14.0;837.7798437500002
30622;2019-06-11 00:00:00;05:00;2019-06-11 05:00:00;;;-19.5;-22.1;-43.0078125;14.0;837.7798437500002
30622;2019-06-11 00:00:00;02:00;2019-06-11 02:00:00;;;-18.4;-20.7;-43.0078125;14.0;837.7798437500002
30622;2019-05-11 00:00:00;23:00;2019-05-11 23:00:00;;;-10.6;-13.5;-38.296875;32.0;655.0554687499998
30622;2019-05-11 00:00:00;20:00;2019-05-11 20:00:00;;0.0;-9.1;-11.7;-38.296875;32.0;655.0554687499998
30622;2019-05-11 00:00:00;17:00;2019-05-11 17:00:00;;;-4.9;-11.7;-38.296875;32.0;655.0554687499998
30622;2019-05-11 00:00:00;14:00;2019-05-11 14:00:00;;;-5.5;-12.3;-38.296875;32.0;655.0554687499998
30622;2019-05-11 00:00:00;11:00;2019-05-11 11:00:00;;;-9.5;-13.5;-38.296875;32.0;655.0554687499998
30622;2019-05-11 00:00:00;08:00;2019-05-11 08:00:00;5.0;0.0;-12.9;-15.2;-38.296875;32.0;655.0554687499998
30622;2019-05-11 00:00:00;05:00;2019-05-11 05:00:00;;;-13.9;-16.3;-38.296875;32.0;655.0554687499998
30622;2019-05-11 00:00:00;02:00;2019-05-11 02:00:00;;;-15.3;-17.5;-38.296875;32.0;655.0554687499998
30622;2019-04-11 00:00:00;23:00;2019-04-11 23:00:00;;;-15.1;-17.3;-37.72000000000001;2.0;71.09921874999999
30622;2019-04-11 00:00:00;20:00;2019-04-11 20:00:00;;0.0;-13.1;-15.9;-37.72000000000001;2.0;71.09921874999999
30622;2019-04-11 00:00:00;17:00;2019-04-11 17:00:00;;;-7.9;-13.2;-37.72000000000001;2.0;71.09921874999999
30622;2019-04-11 00:00:00;14:00;2019-04-11 14:00:00;;;-4.6;-12.5;-37.72000000000001;2.0;71.09921874999999
30622;2019-04-11 00:00:00;11:00;2019-04-11 11:00:00;;;-6.3;-12.5;-37.72000000000001;2.0;71.09921874999999
30622;2019-04-11 00:00:00;08:00;2019-04-11 08:00:00;5.0;0.0;-11.8;-13.9;-37.72000000000001;2.0;71.09921874999999
30622;2019-04-11 00:00:00;05:00;2019-04-11 05:00:00;;;-9.5;-12.6;-37.72000000000001;2.0;71.09921874999999
30622;2019-04-11 00:00:00;02:00;2019-04-11 02:00:00;;;-5.3;-8.5;-37.72000000000001;2.0;71.09921874999999
30622;2019-03-11 00:00:00;23:00;2019-03-11 23:00:00;;;-2.6;-6.4;-7.811718749999999;0.0;-7.811718749999999
30622;2019-03-11 00:00:00;20:00;2019-03-11 20:00:00;;3.0;-0.9;-2.9;-7.811718749999999;0.0;-7.811718749999999
30622;2019-03-11 00:00:00;17:00;2019-03-11 17:00:00;;;0.2;-0.8;-7.811718749999999;0.0;-7.811718749999999
30622;2019-03-11 00:00:00;14:00;2019-03-11 14:00:00;;;0.3;-3.4;-7.811718749999999;0.0;-7.811718749999999
30622;2019-03-11 00:00:00;11:00;2019-03-11 11:00:00;;;-3.3;-5.2;-7.811718749999999;0.0;-7.811718749999999
30622;2019-03-11 00:00:00;08:00;2019-03-11 08:00:00;;0.0;-9.4;-10.8;-7.811718749999999;0.0;-7.811718749999999
30622;2019-03-11 00:00:00;05:00;2019-03-11 05:00:00;;;-8.2;-9.4;-7.811718749999999;0.0;-7.811718749999999
30622;2019-03-11 00:00:00;02:00;2019-03-11 02:00:00;;;-6.4;-7.9;-7.811718749999999;0.0;-7.811718749999999
30622;2019-02-11 00:00:00;23:00;2019-02-11 23:00:00;;;-4.8;-6.8;-10.18828125;36.0;-719.9855899234695
30622;2019-02-11 00:00:00;20:00;2019-02-11 20:00:00;;0.0;-2.1;-5.1;-10.18828125;36.0;-719.9855899234695
30622;2019-02-11 00:00:00;17:00;2019-02-11 17:00:00;;;6.2;-3.9;-10.18828125;36.0;-719.9855899234695
30622;2019-02-11 00:00:00;14:00;2019-02-11 14:00:00;;;5.7;-4.5;-10.18828125;36.0;-719.9855899234695
30622;2019-02-11 00:00:00;11:00;2019-02-11 11:00:00;;;-2.4;-6.5;-10.18828125;36.0;-719.9855899234695
30622;2019-02-11 00:00:00;08:00;2019-02-11 08:00:00;;0.0;-8.0;-9.7;-10.18828125;36.0;-719.9855899234695
30622;2019-02-11 00:00:00;05:00;2019-02-11 05:00:00;;;-7.3;-8.9;-10.18828125;36.0;-719.9855899234695
30622;2019-02-11 00:00:00;02:00;2019-02-11 02:00:00;;;-6.2;-8.0;-10.18828125;36.0;-719.9855899234695
30622;2019-01-11 00:00:00;23:00;2019-01-11 23:00:00;;;-2.5;-5.6;1.5640624999999995;5.0;492.66375000000005
30622;2019-01-11 00:00:00;20:00;2019-01-11 20:00:00;;0.0;-1.9;-5.0;1.5640624999999995;5.0;492.66375000000005
30622;2019-01-11 00:00:00;17:00;2019-01-11 17:00:00;;;4.5;-4.1;1.5640624999999995;5.0;492.66375000000005
30622;2019-01-11 00:00:00;14:00;2019-01-11 14:00:00;;;5.3;-2.1;1.5640624999999995;5.0;492.66375000000005
30622;2019-01-11 00:00:00;11:00;2019-01-11 11:00:00;;;1.0;-4.3;1.5640624999999995;5.0;492.66375000000005
30622;2019-01-11 00:00:00;08:00;2019-01-11 08:00:00;;0.0;-2.1;-5.2;1.5640624999999995;5.0;492.66375000000005
30622;2019-01-11 00:00:00;05:00;2019-01-11 05:00:00;;;-0.8;-4.0;1.5640624999999995;5.0;492.66375000000005
30622;2019-01-11 00:00:00;02:00;2019-01-11 02:00:00;;;-0.9;-5.6;1.5640624999999995;5.0;492.66375000000005
30622;2019-10-31 00:00:00;23:00;2019-10-31 23:00:00;;;-1.0;-6.9;-37.697656249999994;31.0;-174.87734375000005
30622;2019-10-31 00:00:00;20:00;2019-10-31 20:00:00;;0.0;-0.3;-8.4;-37.697656249999994;31.0;-174.87734375000005
30622;2019-10-31 00:00:00;17:00;2019-10-31 17:00:00;;;4.5;-12.4;-37.697656249999994;31.0;-174.87734375000005
30622;2019-10-31 00:00:00;14:00;2019-10-31 14:00:00;;;1.5;-15.5;-37.697656249999994;31.0;-174.87734375000005
30622;2019-10-31 00:00:00;11:00;2019-10-31 11:00:00;;;-5.7;-12.6;-37.697656249999994;31.0;-174.87734375000005
30622;2019-10-31 00:00:00;08:00;2019-10-31 08:00:00;;0.0;-12.3;-15.3;-37.697656249999994;31.0;-174.87734375000005
30622;2019-10-31 00:00:00;05:00;2019-10-31 05:00:00;;;-12.7;-16.2;-37.697656249999994;31.0;-174.87734375000005
30622;2019-10-31 00:00:00;02:00;2019-10-31 02:00:00;;;-10.5;-15.3;-37.697656249999994;31.0;-174.87734375000005
30622;2019-10-30 00:00:00;23:00;2019-10-30 23:00:00;;;-6.0;-14.9;43.57234375;30.0;-137.17968750000006
30622;2019-10-30 00:00:00;20:00;2019-10-30 20:00:00;;0.0;-0.5;-18.7;43.57234375;30.0;-137.17968750000006
30622;2019-10-30 00:00:00;17:00;2019-10-30 17:00:00;;;2.8;-19.6;43.57234375;30.0;-137.17968750000006
30622;2019-10-30 00:00:00;14:00;2019-10-30 14:00:00;;;5.1;-13.1;43.57234375;30.0;-137.17968750000006
30622;2019-10-30 00:00:00;11:00;2019-10-30 11:00:00;;;5.5;-10.4;43.57234375;30.0;-137.17968750000006
30622;2019-10-30 00:00:00;08:00;2019-10-30 08:00:00;;0.0;4.7;-7.4;43.57234375;30.0;-137.17968750000006
30622;2019-10-30 00:00:00;05:00;2019-10-30 05:00:00;;;7.1;-3.4;43.57234375;30.0;-137.17968750000006
30622;2019-10-30 00:00:00;02:00;2019-10-30 02:00:00;;;6.0;-0.7;43.57234375;30.0;-137.17968750000006
30622;2019-10-29 00:00:00;23:00;2019-10-29 23:00:00;;;4.3;-1.1;11.771250000000002;29.0;-180.75203125000004
30622;2019-10-29 00:00:00;20:00;2019-10-29 20:00:00;;0.0;5.8;-1.0;11.771250000000002;29.0;-180.75203125000004
30622;2019-10-29 00:00:00;17:00;2019-10-29 17:00:00;;;6.4;0.3;11.771250000000002;29.0;-180.75203125000004
30622;2019-10-29 00:00:00;14:00;2019-10-29 14:00:00;;;8.2;1.4;11.771250000000002;29.0;-180.75203125000004
30622;2019-10-29 00:00:00;11:00;2019-10-29 11:00:00;;;2.1;1.0;11.771250000000002;29.0;-180.75203125000004
30622;2019-10-29 00:00:00;08:00;2019-10-29 08:00:00;1.0;1.0;0.2;-0.7;11.771250000000002;29.0;-180.75203125000004
30622;2019-10-29 00:00:00;05:00;2019-10-29 05:00:00;;;-0.7;-1.8;11.771250000000002;29.0;-180.75203125000004
30622;2019-10-29 00:00:00;02:00;2019-10-29 02:00:00;;;-0.5;-1.5;11.771250000000002;29.0;-180.75203125000004
30622;2019-10-28 00:00:00;23:00;2019-10-28 23:00:00;;;-0.9;-1.9;-13.623750000000003;28.0;-192.52328125000005
30622;2019-10-28 00:00:00;20:00;2019-10-28 20:00:00;;2.0;-2.4;-3.6;-13.623750000000003;28.0;-192.52328125000005
30622;2019-10-28 00:00:00;17:00;2019-10-28 17:00:00;;;-0.5;-2.8;-13.623750000000003;28.0;-192.52328125000005
30622;2019-10-28 00:00:00;14:00;2019-10-28 14:00:00;;;-1.4;-5.1;-13.623750000000003;28.0;-192.52328125000005
30622;2019-10-28 00:00:00;11:00;2019-10-28 11:00:00;;;-7.0;-9.4;-13.623750000000003;28.0;-192.52328125000005
30622;2019-10-28 00:00:00;08:00;2019-10-28 08:00:00;Менее 0.5;0.2;-10.8;-12.9;-13.623750000000003;28.0;-192.52328125000005
30622;2019-10-28 00:00:00;05:00;2019-10-28 05:00:00;;;-13.4;-15.7;-13.623750000000003;28.0;-192.52328125000005
30622;2019-10-28 00:00:00;02:00;2019-10-28 02:00:00;;;-14.0;-16.3;-13.623750000000003;28.0;-192.52328125000005
30622;2019-10-27 00:00:00;23:00;2019-10-27 23:00:00;;;-14.1;-16.3;-31.906875;27.0;-178.89953125000005
30622;2019-10-27 00:00:00;20:00;2019-10-27 20:00:00;;0.0;-7.2;-11.0;-31.906875;27.0;-178.89953125000005
30622;2019-10-27 00:00:00;17:00;2019-10-27 17:00:00;;;-3.0;-10.5;-31.906875;27.0;-178.89953125000005
30622;2019-10-27 00:00:00;14:00;2019-10-27 14:00:00;;;-4.1;-8.0;-31.906875;27.0;-178.89953125000005
30622;2019-10-27 00:00:00;11:00;2019-10-27 11:00:00;;;-4.8;-10.4;-31.906875;27.0;-178.89953125000005
30622;2019-10-27 00:00:00;08:00;2019-10-27 08:00:00;;0.0;-6.3;-12.0;-31.906875;27.0;-178.89953125000005
30622;2019-10-27 00:00:00;05:00;2019-10-27 05:00:00;;;-7.8;-11.7;-31.906875;27.0;-178.89953125000005
30622;2019-10-27 00:00:00;02:00;2019-10-27 02:00:00;;;-8.8;-12.6;-31.906875;27.0;-178.89953125000005
30622;2019-10-26 00:00:00;23:00;2019-10-26 23:00:00;;;-8.6;-12.2;-20.16;26.0;-146.99265625000004
30622;2019-10-26 00:00:00;20:00;2019-10-26 20:00:00;;0.0;-7.6;-13.0;-20.16;26.0;-146.99265625000004
30622;2019-10-26 00:00:00;17:00;2019-10-26 17:00:00;;;0.9;-14.0;-20.16;26.0;-146.99265625000004
30622;2019-10-26 00:00:00;14:00;2019-10-26 14:00:00;;;1.8;-10.8;-20.16;26.0;-146.99265625000004
30622;2019-10-26 00:00:00;11:00;2019-10-26 11:00:00;;;-0.2;-4.1;-20.16;26.0;-146.99265625000004
30622;2019-10-26 00:00:00;08:00;2019-10-26 08:00:00;;0.0;-3.3;-7.0;-20.16;26.0;-146.99265625000004
30622;2019-10-26 00:00:00;05:00;2019-10-26 05:00:00;;;-4.0;-7.3;-20.16;26.0;-146.99265625000004
30622;2019-10-26 00:00:00;02:00;2019-10-26 02:00:00;;;-4.6;-7.6;-20.16;26.0;-146.99265625000004
30622;2019-10-25 00:00:00;23:00;2019-10-25 23:00:00;;;-7.0;-9.6;-17.015625;25.0;-126.83265625000003
30622;2019-10-25 00:00:00;20:00;2019-10-25 20:00:00;;0.0;-3.9;-8.0;-17.015625;25.0;-126.83265625000003
30622;2019-10-25 00:00:00;17:00;2019-10-25 17:00:00;;;5.6;-6.9;-17.015625;25.0;-126.83265625000003
30622;2019-10-25 00:00:00;14:00;2019-10-25 14:00:00;;;6.4;-7.6;-17.015625;25.0;-126.83265625000003
30622;2019-10-25 00:00:00;11:00;2019-10-25 11:00:00;;;-1.6;-7.2;-17.015625;25.0;-126.83265625000003
30622;2019-10-25 00:00:00;08:00;2019-10-25 08:00:00;;0.0;-8.7;-10.8;-17.015625;25.0;-126.83265625000003
30622;2019-10-25 00:00:00;05:00;2019-10-25 05:00:00;;;-7.4;-9.4;-17.015625;25.0;-126.83265625000003
30622;2019-10-25 00:00:00;02:00;2019-10-25 02:00:00;;;-7.6;-9.7;-17.015625;25.0;-126.83265625000003
30622;2019-10-24 00:00:00;23:00;2019-10-24 23:00:00;;;-7.5;-10.2;-33.541875000000005;24.0;-109.81703125000003
30622;2019-10-24 00:00:00;20:00;2019-10-24 20:00:00;;0.0;-4.9;-9.4;-33.541875000000005;24.0;-109.81703125000003
30622;2019-10-24 00:00:00;17:00;2019-10-24 17:00:00;;;0.2;-8.7;-33.541875000000005;24.0;-109.81703125000003
30622;2019-10-24 00:00:00;14:00;2019-10-24 14:00:00;;;-1.4;-9.8;-33.541875000000005;24.0;-109.81703125000003
30622;2019-10-24 00:00:00;11:00;2019-10-24 11:00:00;;;-8.2;-12.2;-33.541875000000005;24.0;-109.81703125000003
30622;2019-10-24 00:00:00;08:00;2019-10-24 08:00:00;;0.0;-14.4;-16.5;-33.541875000000005;24.0;-109.81703125000003
30622;2019-10-24 00:00:00;05:00;2019-10-24 05:00:00;;;-13.4;-15.8;-33.541875000000005;24.0;-109.81703125000003
30622;2019-10-24 00:00:00;02:00;2019-10-24 02:00:00;;;-10.7;-13.3;-33.541875000000005;24.0;-109.81703125000003
30622;2019-10-23 00:00:00;23:00;2019-10-23 23:00:00;;;-9.7;-12.7;-44.716249999999995;23.0;-76.27515625000002
30622;2019-10-23 00:00:00;20:00;2019-10-23 20:00:00;;0.0;-7.7;-12.9;-44.716249999999995;23.0;-76.27515625000002
30622;2019-10-23 00:00:00;17:00;2019-10-23 17:00:00;;;-2.4;-13.0;-44.716249999999995;23.0;-76.27515625000002
30622;2019-10-23 00:00:00;14:00;2019-10-23 14:00:00;;;-2.4;-12.9;-44.716249999999995;23.0;-76.27515625000002
30622;2019-10-23 00:00:00;11:00;2019-10-23 11:00:00;;;-7.8;-13.0;-44.716249999999995;23.0;-76.27515625000002
30622;2019-10-23 00:00:00;08:00;2019-10-23 08:00:00;;0.0;-14.1;-17.0;-44.716249999999995;23.0;-76.27515625000002
30622;2019-10-23 00:00:00;05:00;2019-10-23 05:00:00;;;-12.3;-15.0;-44.716249999999995;23.0;-76.27515625000002
30622;2019-10-23 00:00:00;02:00;2019-10-23 02:00:00;;;-10.0;-13.0;-44.716249999999995;23.0;-76.27515625000002
30622;2019-10-22 00:00:00;23:00;2019-10-22 23:00:00;;;-8.9;-12.2;-25.77359375;22.0;-31.558906250000028
30622;2019-10-22 00:00:00;20:00;2019-10-22 20:00:00;;0.0;-5.3;-11.3;-25.77359375;22.0;-31.558906250000028
30622;2019-10-22 00:00:00;17:00;2019-10-22 17:00:00;;;-3.8;-10.3;-25.77359375;22.0;-31.558906250000028
30622;2019-10-22 00:00:00;14:00;2019-10-22 14:00:00;;;-2.2;-8.4;-25.77359375;22.0;-31.558906250000028
30622;2019-10-22 00:00:00;11:00;2019-10-22 11:00:00;;;-5.4;-7.6;-25.77359375;22.0;-31.558906250000028
30622;2019-10-22 00:00:00;08:00;2019-10-22 08:00:00;;0.0;-9.1;-11.7;-25.77359375;22.0;-31.558906250000028
30622;2019-10-22 00:00:00;05:00;2019-10-22 05:00:00;;;-11.2;-13.2;-25.77359375;22.0;-31.558906250000028
30622;2019-10-22 00:00:00;02:00;2019-10-22 02:00:00;;;-6.8;-9.3;-25.77359375;22.0;-31.558906250000028
30622;2019-10-21 00:00:00;23:00;2019-10-21 23:00:00;;;-5.3;-9.0;-12.59453125;21.0;-5.785312500000028
30622;2019-10-21 00:00:00;20:00;2019-10-21 20:00:00;;0.0;-3.1;-7.9;-12.59453125;21.0;-5.785312500000028
30622;2019-10-21 00:00:00;17:00;2019-10-21 17:00:00;;;-0.1;-7.7;-12.59453125;21.0;-5.785312500000028
30622;2019-10-21 00:00:00;14:00;2019-10-21 14:00:00;;;0.5;-7.3;-12.59453125;21.0;-5.785312500000028
30622;2019-10-21 00:00:00;11:00;2019-10-21 11:00:00;;;-2.0;-5.4;-12.59453125;21.0;-5.785312500000028
30622;2019-10-21 00:00:00;08:00;2019-10-21 08:00:00;Менее 0.5;0.0;-5.4;-7.0;-12.59453125;21.0;-5.785312500000028
30622;2019-10-21 00:00:00;05:00;2019-10-21 05:00:00;;;-5.3;-7.2;-12.59453125;21.0;-5.785312500000028
30622;2019-10-21 00:00:00;02:00;2019-10-21 02:00:00;;;-3.8;-5.9;-12.59453125;21.0;-5.785312500000028
30622;2019-10-20 00:00:00;23:00;2019-10-20 23:00:00;;;-5.1;-8.8;-9.9834375;20.0;6.809218749999971
30622;2019-10-20 00:00:00;20:00;2019-10-20 20:00:00;;0.0;-1.7;-8.3;-9.9834375;20.0;6.809218749999971
30622;2019-10-20 00:00:00;17:00;2019-10-20 17:00:00;;;3.8;-9.8;-9.9834375;20.0;6.809218749999971
30622;2019-10-20 00:00:00;14:00;2019-10-20 14:00:00;;;4.5;-8.9;-9.9834375;20.0;6.809218749999971
30622;2019-10-20 00:00:00;11:00;2019-10-20 11:00:00;;;-0.3;-5.0;-9.9834375;20.0;6.809218749999971
30622;2019-10-20 00:00:00;08:00;2019-10-20 08:00:00;;0.0;-6.3;-7.9;-9.9834375;20.0;6.809218749999971
30622;2019-10-20 00:00:00;05:00;2019-10-20 05:00:00;;;-4.1;-5.6;-9.9834375;20.0;6.809218749999971
30622;2019-10-20 00:00:00;02:00;2019-10-20 02:00:00;;;-4.6;-5.8;-9.9834375;20.0;6.809218749999971
30622;2019-10-19 00:00:00;23:00;2019-10-19 23:00:00;;;-0.4;-3.2;7.737187499999999;19.0;16.792656249999972
30622;2019-10-19 00:00:00;20:00;2019-10-19 20:00:00;;0.0;0.9;-1.9;7.737187499999999;19.0;16.792656249999972
30622;2019-10-19 00:00:00;17:00;2019-10-19 17:00:00;;;2.9;-3.5;7.737187499999999;19.0;16.792656249999972
30622;2019-10-19 00:00:00;14:00;2019-10-19 14:00:00;;;3.5;-3.9;7.737187499999999;19.0;16.792656249999972
30622;2019-10-19 00:00:00;11:00;2019-10-19 11:00:00;;;2.8;-2.9;7.737187499999999;19.0;16.792656249999972
30622;2019-10-19 00:00:00;08:00;2019-10-19 08:00:00;;0.0;0.9;-2.8;7.737187499999999;19.0;16.792656249999972
30622;2019-10-19 00:00:00;05:00;2019-10-19 05:00:00;;;1.3;-3.1;7.737187499999999;19.0;16.792656249999972
30622;2019-10-19 00:00:00;02:00;2019-10-19 02:00:00;;;1.2;-3.4;7.737187499999999;19.0;16.792656249999972
30622;2019-10-18 00:00:00;23:00;2019-10-18 23:00:00;;;2.2;-3.4;3.33125;18.0;9.05546874999997
30622;2019-10-18 00:00:00;20:00;2019-10-18 20:00:00;;0.0;4.8;-2.2;3.33125;18.0;9.05546874999997
30622;2019-10-18 00:00:00;17:00;2019-10-18 17:00:00;;;8.1;-1.5;3.33125;18.0;9.05546874999997
30622;2019-10-18 00:00:00;14:00;2019-10-18 14:00:00;;;9.4;-7.0;3.33125;18.0;9.05546874999997
30622;2019-10-18 00:00:00;11:00;2019-10-18 11:00:00;;;0.6;-6.1;3.33125;18.0;9.05546874999997
30622;2019-10-18 00:00:00;08:00;2019-10-18 08:00:00;;0.0;-7.3;-9.1;3.33125;18.0;9.05546874999997
30622;2019-10-18 00:00:00;05:00;2019-10-18 05:00:00;;;-7.5;-9.6;3.33125;18.0;9.05546874999997
30622;2019-10-18 00:00:00;02:00;2019-10-18 02:00:00;;;-6.2;-9.0;3.33125;18.0;9.05546874999997
30622;2019-10-17 00:00:00;23:00;2019-10-17 23:00:00;;;-3.6;-7.4;-4.601406250000002;17.0;5.72421874999997
30622;2019-10-17 00:00:00;20:00;2019-10-17 20:00:00;;0.0;0.7;-7.7;-4.601406250000002;17.0;5.72421874999997
30622;2019-10-17 00:00:00;17:00;2019-10-17 17:00:00;;;12.7;-8.1;-4.601406250000002;17.0;5.72421874999997
30622;2019-10-17 00:00:00;14:00;2019-10-17 14:00:00;;;9.6;-6.4;-4.601406250000002;17.0;5.72421874999997
30622;2019-10-17 00:00:00;11:00;2019-10-17 11:00:00;;;-0.8;-6.2;-4.601406250000002;17.0;5.72421874999997
30622;2019-10-17 00:00:00;08:00;2019-10-17 08:00:00;;0.0;-8.5;-10.3;-4.601406250000002;17.0;5.72421874999997
30622;2019-10-17 00:00:00;05:00;2019-10-17 05:00:00;;;-7.9;-9.6;-4.601406250000002;17.0;5.72421874999997
30622;2019-10-17 00:00:00;02:00;2019-10-17 02:00:00;;;-7.1;-9.3;-4.601406250000002;17.0;5.72421874999997
30622;2019-10-16 00:00:00;23:00;2019-10-16 23:00:00;;;-4.2;-7.8;-5.028281250000001;16.0;10.325624999999972
30622;2019-10-16 00:00:00;20:00;2019-10-16 20:00:00;;0.0;-0.1;-7.8;-5.028281250000001;16.0;10.325624999999972
30622;2019-10-16 00:00:00;17:00;2019-10-16 17:00:00;;;13.1;-7.7;-5.028281250000001;16.0;10.325624999999972
30622;2019-10-16 00:00:00;14:00;2019-10-16 14:00:00;;;9.9;-7.3;-5.028281250000001;16.0;10.325624999999972
30622;2019-10-16 00:00:00;11:00;2019-10-16 11:00:00;;;0.9;-6.4;-5.028281250000001;16.0;10.325624999999972
30622;2019-10-16 00:00:00;08:00;2019-10-16 08:00:00;;0.0;-9.6;-11.2;-5.028281250000001;16.0;10.325624999999972
30622;2019-10-16 00:00:00;05:00;2019-10-16 05:00:00;;;-8.3;-10.7;-5.028281250000001;16.0;10.325624999999972
30622;2019-10-16 00:00:00;02:00;2019-10-16 02:00:00;;;-6.8;-9.3;-5.028281250000001;16.0;10.325624999999972
30622;2019-10-15 00:00:00;23:00;2019-10-15 23:00:00;;;-4.3;-9.4;13.507031249999997;15.0;15.353906249999973
30622;2019-10-15 00:00:00;20:00;2019-10-15 20:00:00;;0.0;0.5;-9.3;13.507031249999997;15.0;15.353906249999973
30622;2019-10-15 00:00:00;17:00;2019-10-15 17:00:00;;;15.1;-9.7;13.507031249999997;15.0;15.353906249999973
30622;2019-10-15 00:00:00;14:00;2019-10-15 14:00:00;;;11.5;-7.7;13.507031249999997;15.0;15.353906249999973
30622;2019-10-15 00:00:00;11:00;2019-10-15 11:00:00;;;2.6;-6.5;13.507031249999997;15.0;15.353906249999973
30622;2019-10-15 00:00:00;08:00;2019-10-15 08:00:00;;0.0;-6.5;-8.7;13.507031249999997;15.0;15.353906249999973
30622;2019-10-15 00:00:00;05:00;2019-10-15 05:00:00;;;-4.9;-7.8;13.507031249999997;15.0;15.353906249999973
30622;2019-10-15 00:00:00;02:00;2019-10-15 02:00:00;;;-2.7;-6.1;13.507031249999997;15.0;15.353906249999973
30622;2019-10-14 00:00:00;23:00;2019-10-14 23:00:00;;;0.5;-5.6;-26.8125;14.0;1.8468749999999758
30622;2019-10-14 00:00:00;20:00;2019-10-14 20:00:00;;0.0;1.8;-6.1;-26.8125;14.0;1.8468749999999758
30622;2019-10-14 00:00:00;17:00;2019-10-14 17:00:00;;;7.3;-8.0;-26.8125;14.0;1.8468749999999758
30622;2019-10-14 00:00:00;14:00;2019-10-14 14:00:00;;;3.0;-9.0;-26.8125;14.0;1.8468749999999758
30622;2019-10-14 00:00:00;11:00;2019-10-14 11:00:00;;;-5.7;-10.6;-26.8125;14.0;1.8468749999999758
30622;2019-10-14 00:00:00;08:00;2019-10-14 08:00:00;;0.0;-14.4;-16.5;-26.8125;14.0;1.8468749999999758
30622;2019-10-14 00:00:00;05:00;2019-10-14 05:00:00;;;-13.4;-15.5;-26.8125;14.0;1.8468749999999758
30622;2019-10-14 00:00:00;02:00;2019-10-14 02:00:00;;;-11.6;-14.0;-26.8125;14.0;1.8468749999999758
30622;2019-10-13 00:00:00;23:00;2019-10-13 23:00:00;;;-9.4;-13.1;-46.342499999999994;13.0;28.659374999999976
30622;2019-10-13 00:00:00;20:00;2019-10-13 20:00:00;;0.0;-5.7;-12.2;-46.342499999999994;13.0;28.659374999999976
30622;2019-10-13 00:00:00;17:00;2019-10-13 17:00:00;;;2.8;-13.1;-46.342499999999994;13.0;28.659374999999976
30622;2019-10-13 00:00:00;14:00;2019-10-13 14:00:00;;;0.9;-12.1;-46.342499999999994;13.0;28.659374999999976
30622;2019-10-13 00:00:00;11:00;2019-10-13 11:00:00;;;-7.2;-12.0;-46.342499999999994;13.0;28.659374999999976
30622;2019-10-13 00:00:00;08:00;2019-10-13 08:00:00;;0.0;-14.3;-16.2;-46.342499999999994;13.0;28.659374999999976
30622;2019-10-13 00:00:00;05:00;2019-10-13 05:00:00;;;-14.1;-16.1;-46.342499999999994;13.0;28.659374999999976
30622;2019-10-13 00:00:00;02:00;2019-10-13 02:00:00;;;-12.2;-14.5;-46.342499999999994;13.0;28.659374999999976
30622;2019-12-10 00:00:00;23:00;2019-12-10 23:00:00;;;-11.3;-13.5;-37.88515625;1.0;3.308593749999993
30622;2019-12-10 00:00:00;20:00;2019-12-10 20:00:00;;0.0;-6.6;-12.4;-37.88515625;1.0;3.308593749999993
30622;2019-12-10 00:00:00;17:00;2019-12-10 17:00:00;;;-0.2;-14.0;-37.88515625;1.0;3.308593749999993
30622;2019-12-10 00:00:00;14:00;2019-12-10 14:00:00;;;-1.2;-13.5;-37.88515625;1.0;3.308593749999993
30622;2019-12-10 00:00:00;11:00;2019-12-10 11:00:00;;;-3.0;-13.1;-37.88515625;1.0;3.308593749999993
30622;2019-12-10 00:00:00;08:00;2019-12-10 08:00:00;;0.0;-4.6;-11.6;-37.88515625;1.0;3.308593749999993
30622;2019-12-10 00:00:00;05:00;2019-12-10 05:00:00;;;-4.5;-13.2;-37.88515625;1.0;3.308593749999993
30622;2019-12-10 00:00:00;02:00;2019-12-10 02:00:00;;;-4.1;-12.5;-37.88515625;1.0;3.308593749999993
30622;2019-11-10 00:00:00;23:00;2019-11-10 23:00:00;;;-3.8;-13.8;-41.6853125;1.0;-19.432812499999994
30622;2019-11-10 00:00:00;20:00;2019-11-10 20:00:00;;0.0;-3.1;-14.9;-41.6853125;1.0;-19.432812499999994
30622;2019-11-10 00:00:00;17:00;2019-11-10 17:00:00;;;-2.3;-15.8;-41.6853125;1.0;-19.432812499999994
30622;2019-11-10 00:00:00;14:00;2019-11-10 14:00:00;;;-2.1;-16.4;-41.6853125;1.0;-19.432812499999994
30622;2019-11-10 00:00:00;11:00;2019-11-10 11:00:00;;;-3.3;-16.9;-41.6853125;1.0;-19.432812499999994
30622;2019-11-10 00:00:00;08:00;2019-11-10 08:00:00;;0.0;-7.6;-13.0;-41.6853125;1.0;-19.432812499999994
30622;2019-11-10 00:00:00;05:00;2019-11-10 05:00:00;;;-5.6;-11.2;-41.6853125;1.0;-19.432812499999994
30622;2019-11-10 00:00:00;02:00;2019-11-10 02:00:00;;;-5.3;-11.7;-41.6853125;1.0;-19.432812499999994
30622;2019-10-10 00:00:00;23:00;2019-10-10 23:00:00;;;-6.4;-11.5;-31.014531249999997;10.0;201.65406249999995
30622;2019-10-10 00:00:00;20:00;2019-10-10 20:00:00;;0.0;-4.1;-11.9;-31.014531249999997;10.0;201.65406249999995
30622;2019-10-10 00:00:00;17:00;2019-10-10 17:00:00;;;-2.6;-13.1;-31.014531249999997;10.0;201.65406249999995
30622;2019-10-10 00:00:00;14:00;2019-10-10 14:00:00;;;-2.4;-13.4;-31.014531249999997;10.0;201.65406249999995
30622;2019-10-10 00:00:00;11:00;2019-10-10 11:00:00;;;-3.3;-10.1;-31.014531249999997;10.0;201.65406249999995
30622;2019-10-10 00:00:00;08:00;2019-10-10 08:00:00;;0.0;-5.9;-8.5;-31.014531249999997;10.0;201.65406249999995
30622;2019-10-10 00:00:00;05:00;2019-10-10 05:00:00;;;-4.8;-10.7;-31.014531249999997;10.0;201.65406249999995
30622;2019-10-10 00:00:00;02:00;2019-10-10 02:00:00;;;-4.2;-13.4;-31.014531249999997;10.0;201.65406249999995
30622;2019-09-10 00:00:00;23:00;2019-09-10 23:00:00;;;-3.2;-12.5;-2.6765625;5.0;655.4490625000001
30622;2019-09-10 00:00:00;20:00;2019-09-10 20:00:00;;2.0;-2.3;-10.5;-2.6765625;5.0;655.4490625000001
30622;2019-09-10 00:00:00;17:00;2019-09-10 17:00:00;;;-0.1;-9.3;-2.6765625;5.0;655.4490625000001
30622;2019-09-10 00:00:00;14:00;2019-09-10 14:00:00;;;-0.5;-2.4;-2.6765625;5.0;655.4490625000001
30622;2019-09-10 00:00:00;11:00;2019-09-10 11:00:00;;;1.3;-6.5;-2.6765625;5.0;655.4490625000001
30622;2019-09-10 00:00:00;08:00;2019-09-10 08:00:00;;0.0;-0.5;-7.1;-2.6765625;5.0;655.4490625000001
30622;2019-09-10 00:00:00;05:00;2019-09-10 05:00:00;;;0.5;-6.7;-2.6765625;5.0;655.4490625000001
30622;2019-09-10 00:00:00;02:00;2019-09-10 02:00:00;;;1.8;-5.1;-2.6765625;5.0;655.4490625000001
30622;2019-08-10 00:00:00;23:00;2019-08-10 23:00:00;;;4.8;0.2;24.753749999999997;5.0;602.6309375
30622;2019-08-10 00:00:00;20:00;2019-08-10 20:00:00;;0.0;9.0;4.8;24.753749999999997;5.0;602.6309375
30622;2019-08-10 00:00:00;17:00;2019-08-10 17:00:00;;;9.8;3.5;24.753749999999997;5.0;602.6309375
30622;2019-08-10 00:00:00;14:00;2019-08-10 14:00:00;;;10.2;4.0;24.753749999999997;5.0;602.6309375
30622;2019-08-10 00:00:00;11:00;2019-08-10 11:00:00;;;7.8;3.5;24.753749999999997;5.0;602.6309375
30622;2019-08-10 00:00:00;08:00;2019-08-10 08:00:00;;0.0;1.3;-0.6;24.753749999999997;5.0;602.6309375
30622;2019-08-10 00:00:00;05:00;2019-08-10 05:00:00;;;2.8;0.0;24.753749999999997;5.0;602.6309375
30622;2019-08-10 00:00:00;02:00;2019-08-10 02:00:00;;;2.6;0.1;24.753749999999997;5.0;602.6309375
30622;2019-07-10 00:00:00;23:00;2019-07-10 23:00:00;;;2.8;-0.8;5.7037499999999985;1.0;45.77437499999999
30622;2019-07-10 00:00:00;20:00;2019-07-10 20:00:00;;0.0;3.3;-1.3;5.7037499999999985;1.0;45.77437499999999
30622;2019-07-10 00:00:00;17:00;2019-07-10 17:00:00;;;3.8;-2.4;5.7037499999999985;1.0;45.77437499999999
30622;2019-07-10 00:00:00;14:00;2019-07-10 14:00:00;;;4.0;-3.6;5.7037499999999985;1.0;45.77437499999999
30622;2019-07-10 00:00:00;11:00;2019-07-10 11:00:00;;;2.8;-3.5;5.7037499999999985;1.0;45.77437499999999
30622;2019-07-10 00:00:00;08:00;2019-07-10 08:00:00;;0.0;-3.0;-4.6;5.7037499999999985;1.0;45.77437499999999
30622;2019-07-10 00:00:00;05:00;2019-07-10 05:00:00;;;-0.9;-4.0;5.7037499999999985;1.0;45.77437499999999
30622;2019-07-10 00:00:00;02:00;2019-07-10 02:00:00;;;-2.4;-4.5;5.7037499999999985;1.0;45.77437499999999
30622;2019-06-10 00:00:00;23:00;2019-06-10 23:00:00;;;-1.7;-4.8;8.277500000000002;13.0;880.7876562500002
30622;2019-06-10 00:00:00;20:00;2019-06-10 20:00:00;;0.3;0.8;-2.6;8.277500000000002;13.0;880.7876562500002
30622;2019-06-10 00:00:00;17:00;2019-06-10 17:00:00;;;2.4;-0.3;8.277500000000002;13.0;880.7876562500002
30622;2019-06-10 00:00:00;14:00;2019-06-10 14:00:00;;;2.7;0.5;8.277500000000002;13.0;880.7876562500002
30622;2019-06-10 00:00:00;11:00;2019-06-10 11:00:00;;;3.4;-1.9;8.277500000000002;13.0;880.7876562500002
30622;2019-06-10 00:00:00;08:00;2019-06-10 08:00:00;;0.0;0.8;-1.9;8.277500000000002;13.0;880.7876562500002
30622;2019-06-10 00:00:00;05:00;2019-06-10 05:00:00;;;3.7;-1.0;8.277500000000002;13.0;880.7876562500002
30622;2019-06-10 00:00:00;02:00;2019-06-10 02:00:00;;;5.5;-0.5;8.277500000000002;13.0;880.7876562500002
30622;2019-05-10 00:00:00;23:00;2019-05-10 23:00:00;;;6.0;0.9;20.066875000000003;31.0;693.3523437499998
30622;2019-05-10 00:00:00;20:00;2019-05-10 20:00:00;;0.0;6.3;-6.1;20.066875000000003;31.0;693.3523437499998
30622;2019-05-10 00:00:00;17:00;2019-05-10 17:00:00;;;11.8;-9.4;20.066875000000003;31.0;693.3523437499998
30622;2019-05-10 00:00:00;14:00;2019-05-10 14:00:00;;;11.0;-5.0;20.066875000000003;31.0;693.3523437499998
30622;2019-05-10 00:00:00;11:00;2019-05-10 11:00:00;;;2.4;-4.6;20.066875000000003;31.0;693.3523437499998
30622;2019-05-10 00:00:00;08:00;2019-05-10 08:00:00;;0.0;-6.9;-8.4;20.066875000000003;31.0;693.3523437499998
30622;2019-05-10 00:00:00;05:00;2019-05-10 05:00:00;;;-6.8;-8.1;20.066875000000003;31.0;693.3523437499998
30622;2019-05-10 00:00:00;02:00;2019-05-10 02:00:00;;;-4.4;-6.1;20.066875000000003;31.0;693.3523437499998
30622;2019-04-10 00:00:00;23:00;2019-04-10 23:00:00;;;-2.3;-5.4;32.09265625;1.0;108.81921875
30622;2019-04-10 00:00:00;20:00;2019-04-10 20:00:00;;0.0;3.1;-3.7;32.09265625;1.0;108.81921875
30622;2019-04-10 00:00:00;17:00;2019-04-10 17:00:00;;;14.7;-7.3;32.09265625;1.0;108.81921875
30622;2019-04-10 00:00:00;14:00;2019-04-10 14:00:00;;;12.9;-5.8;32.09265625;1.0;108.81921875
30622;2019-04-10 00:00:00;11:00;2019-04-10 11:00:00;;;5.4;-4.5;32.09265625;1.0;108.81921875
30622;2019-04-10 00:00:00;08:00;2019-04-10 08:00:00;;0.0;-0.5;-4.7;32.09265625;1.0;108.81921875
30622;2019-04-10 00:00:00;05:00;2019-04-10 05:00:00;;;-2.0;-4.5;32.09265625;1.0;108.81921875
30622;2019-04-10 00:00:00;02:00;2019-04-10 02:00:00;;;-2.0;-4.9;32.09265625;1.0;108.81921875
30622;2019-03-10 00:00:00;23:00;2019-03-10 23:00:00;;;-1.3;-5.5;-4.566249999999999;4.0;444.9281249999999
30622;2019-03-10 00:00:00;20:00;2019-03-10 20:00:00;;0.0;4.6;-7.1;-4.566249999999999;4.0;444.9281249999999
30622;2019-03-10 00:00:00;17:00;2019-03-10 17:00:00;;;8.0;-9.6;-4.566249999999999;4.0;444.9281249999999
30622;2019-03-10 00:00:00;14:00;2019-03-10 14:00:00;;;6.8;-7.1;-4.566249999999999;4.0;444.9281249999999
30622;2019-03-10 00:00:00;11:00;2019-03-10 11:00:00;;;-0.5;-5.5;-4.566249999999999;4.0;444.9281249999999
30622;2019-03-10 00:00:00;08:00;2019-03-10 08:00:00;;0.0;-8.5;-9.8;-4.566249999999999;4.0;444.9281249999999
30622;2019-03-10 00:00:00;05:00;2019-03-10 05:00:00;;;-7.8;-9.0;-4.566249999999999;4.0;444.9281249999999
30622;2019-03-10 00:00:00;02:00;2019-03-10 02:00:00;;;-6.5;-7.8;-4.566249999999999;4.0;444.9281249999999
30622;2019-02-10 00:00:00;23:00;2019-02-10 23:00:00;;;-4.5;-6.1;0.9585937500000004;35.0;-709.7973086734695
30622;2019-02-10 00:00:00;20:00;2019-02-10 20:00:00;;0.0;0.9;-4.4;0.9585937500000004;35.0;-709.7973086734695
30622;2019-02-10 00:00:00;17:00;2019-02-10 17:00:00;;;5.1;-5.7;0.9585937500000004;35.0;-709.7973086734695
30622;2019-02-10 00:00:00;14:00;2019-02-10 14:00:00;;;5.7;-5.7;0.9585937500000004;35.0;-709.7973086734695
30622;2019-02-10 00:00:00;11:00;2019-02-10 11:00:00;;;2.7;-3.2;0.9585937500000004;35.0;-709.7973086734695
30622;2019-02-10 00:00:00;08:00;2019-02-10 08:00:00;;0.0;-3.9;-5.5;0.9585937500000004;35.0;-709.7973086734695
30622;2019-02-10 00:00:00;05:00;2019-02-10 05:00:00;;;-2.8;-4.6;0.9585937500000004;35.0;-709.7973086734695
30622;2019-02-10 00:00:00;02:00;2019-02-10 02:00:00;;;-1.7;-4.2;0.9585937500000004;35.0;-709.7973086734695
30622;2019-01-10 00:00:00;23:00;2019-01-10 23:00:00;;;0.8;-4.0;17.231093750000003;4.0;491.0996875000001
30622;2019-01-10 00:00:00;20:00;2019-01-10 20:00:00;;0.0;1.6;-2.9;17.231093750000003;4.0;491.0996875000001
30622;2019-01-10 00:00:00;17:00;2019-01-10 17:00:00;;;5.1;-5.9;17.231093750000003;4.0;491.0996875000001
30622;2019-01-10 00:00:00;14:00;2019-01-10 14:00:00;;;5.5;-5.5;17.231093750000003;4.0;491.0996875000001
30622;2019-01-10 00:00:00;11:00;2019-01-10 11:00:00;;;3.6;-4.2;17.231093750000003;4.0;491.0996875000001
30622;2019-01-10 00:00:00;08:00;2019-01-10 08:00:00;;0.0;0.8;-2.4;17.231093750000003;4.0;491.0996875000001
30622;2019-01-10 00:00:00;05:00;2019-01-10 05:00:00;;;1.5;-1.4;17.231093750000003;4.0;491.0996875000001
30622;2019-01-10 00:00:00;02:00;2019-01-10 02:00:00;;;3.2;-1.5;17.231093750000003;4.0;491.0996875000001
30622;2019-09-30 00:00:00;23:00;2019-09-30 23:00:00;;;4.9;2.3;4.717656250000001;0.0;4.717656250000001
30622;2019-09-30 00:00:00;20:00;2019-09-30 20:00:00;;7.0;4.9;3.7;4.717656250000001;0.0;4.717656250000001
30622;2019-09-30 00:00:00;17:00;2019-09-30 17:00:00;;;5.7;4.2;4.717656250000001;0.0;4.717656250000001
30622;2019-09-30 00:00:00;14:00;2019-09-30 14:00:00;;;4.4;3.2;4.717656250000001;0.0;4.717656250000001
30622;2019-09-30 00:00:00;11:00;2019-09-30 11:00:00;;;3.5;2.1;4.717656250000001;0.0;4.717656250000001
30622;2019-09-30 00:00:00;08:00;2019-09-30 08:00:00;;0.0;1.8;0.9;4.717656250000001;0.0;4.717656250000001
30622;2019-09-30 00:00:00;05:00;2019-09-30 05:00:00;;;0.7;-0.2;4.717656250000001;0.0;4.717656250000001
30622;2019-09-30 00:00:00;02:00;2019-09-30 02:00:00;;;1.8;0.6;4.717656250000001;0.0;4.717656250000001
30622;2019-09-29 00:00:00;23:00;2019-09-29 23:00:00;;;1.6;0.7;7.239375000000001;2.0;36.54015625
30622;2019-09-29 00:00:00;20:00;2019-09-29 20:00:00;;2.0;3.8;2.3;7.239375000000001;2.0;36.54015625
30622;2019-09-29 00:00:00;17:00;2019-09-29 17:00:00;;;6.1;4.1;7.239375000000001;2.0;36.54015625
30622;2019-09-29 00:00:00;14:00;2019-09-29 14:00:00;;;8.3;1.4;7.239375000000001;2.0;36.54015625
30622;2019-09-29 00:00:00;11:00;2019-09-29 11:00:00;;;3.7;-1.7;7.239375000000001;2.0;36.54015625
30622;2019-09-29 00:00:00;08:00;2019-09-29 08:00:00;;0.0;-0.6;-2.7;7.239375000000001;2.0;36.54015625
30622;2019-09-29 00:00:00;05:00;2019-09-29 05:00:00;;;-2.2;-4.1;7.239375000000001;2.0;36.54015625
30622;2019-09-29 00:00:00;02:00;2019-09-29 02:00:00;;;-0.9;-3.6;7.239375000000001;2.0;36.54015625
30622;2019-09-28 00:00:00;23:00;2019-09-28 23:00:00;;;1.9;-2.8;10.968750000000004;1.0;29.300781250000004
30622;2019-09-28 00:00:00;20:00;2019-09-28 20:00:00;;0.0;7.4;-3.6;10.968750000000004;1.0;29.300781250000004
30622;2019-09-28 00:00:00;17:00;2019-09-28 17:00:00;;;11.3;-4.4;10.968750000000004;1.0;29.300781250000004
30622;2019-09-28 00:00:00;14:00;2019-09-28 14:00:00;;;9.4;-5.9;10.968750000000004;1.0;29.300781250000004
30622;2019-09-28 00:00:00;11:00;2019-09-28 11:00:00;;;1.4;-2.6;10.968750000000004;1.0;29.300781250000004
30622;2019-09-28 00:00:00;08:00;2019-09-28 08:00:00;;0.0;-7.1;-8.2;10.968750000000004;1.0;29.300781250000004
30622;2019-09-28 00:00:00;05:00;2019-09-28 05:00:00;;;-6.8;-7.9;10.968750000000004;1.0;29.300781250000004
30622;2019-09-28 00:00:00;02:00;2019-09-28 02:00:00;;;-4.5;-5.6;10.968750000000004;1.0;29.300781250000004
30622;2019-09-27 00:00:00;23:00;2019-09-27 23:00:00;;;-2.8;-4.5;18.33203125;0.0;18.33203125
30622;2019-09-27 00:00:00;20:00;2019-09-27 20:00:00;;4.0;1.7;-3.1;18.33203125;0.0;18.33203125
30622;2019-09-27 00:00:00;17:00;2019-09-27 17:00:00;;;8.3;-3.4;18.33203125;0.0;18.33203125
30622;2019-09-27 00:00:00;14:00;2019-09-27 14:00:00;;;6.5;1.1;18.33203125;0.0;18.33203125
30622;2019-09-27 00:00:00;11:00;2019-09-27 11:00:00;;;4.6;2.7;18.33203125;0.0;18.33203125
30622;2019-09-27 00:00:00;08:00;2019-09-27 08:00:00;;6.0;6.1;3.6;18.33203125;0.0;18.33203125
30622;2019-09-27 00:00:00;05:00;2019-09-27 05:00:00;;;6.1;4.0;18.33203125;0.0;18.33203125
30622;2019-09-27 00:00:00;02:00;2019-09-27 02:00:00;;;5.6;3.2;18.33203125;0.0;18.33203125
30622;2019-09-26 00:00:00;23:00;2019-09-26 23:00:00;;;2.6;1.0;62.22937499999999;21.0;1321.8829687500001
30622;2019-09-26 00:00:00;20:00;2019-09-26 20:00:00;;0.0;10.7;4.4;62.22937499999999;21.0;1321.8829687500001
30622;2019-09-26 00:00:00;17:00;2019-09-26 17:00:00;;;16.2;5.0;62.22937499999999;21.0;1321.8829687500001
30622;2019-09-26 00:00:00;14:00;2019-09-26 14:00:00;;;15.3;6.3;62.22937499999999;21.0;1321.8829687500001
30622;2019-09-26 00:00:00;11:00;2019-09-26 11:00:00;;;12.9;6.7;62.22937499999999;21.0;1321.8829687500001
30622;2019-09-26 00:00:00;08:00;2019-09-26 08:00:00;;0.0;10.8;6.5;62.22937499999999;21.0;1321.8829687500001
30622;2019-09-26 00:00:00;05:00;2019-09-26 05:00:00;;;11.5;5.4;62.22937499999999;21.0;1321.8829687500001
30622;2019-09-26 00:00:00;02:00;2019-09-26 02:00:00;;;5.1;3.0;62.22937499999999;21.0;1321.8829687500001
30622;2019-09-25 00:00:00;23:00;2019-09-25 23:00:00;;;7.5;4.1;84.61687500000001;20.0;1259.6535937500003
30622;2019-09-25 00:00:00;20:00;2019-09-25 20:00:00;;0.0;12.9;5.7;84.61687500000001;20.0;1259.6535937500003
30622;2019-09-25 00:00:00;17:00;2019-09-25 17:00:00;;;25.0;3.6;84.61687500000001;20.0;1259.6535937500003
30622;2019-09-25 00:00:00;14:00;2019-09-25 14:00:00;;;21.9;4.3;84.61687500000001;20.0;1259.6535937500003
30622;2019-09-25 00:00:00;11:00;2019-09-25 11:00:00;;;13.3;4.9;84.61687500000001;20.0;1259.6535937500003
30622;2019-09-25 00:00:00;08:00;2019-09-25 08:00:00;;0.0;2.1;1.2;84.61687500000001;20.0;1259.6535937500003
30622;2019-09-25 00:00:00;05:00;2019-09-25 05:00:00;;;1.5;0.5;84.61687500000001;20.0;1259.6535937500003
30622;2019-09-25 00:00:00;02:00;2019-09-25 02:00:00;;;4.0;2.5;84.61687500000001;20.0;1259.6535937500003
30622;2019-09-24 00:00:00;23:00;2019-09-24 23:00:00;;;7.7;3.8;82.73124999999999;19.0;1175.0367187500003
30622;2019-09-24 00:00:00;20:00;2019-09-24 20:00:00;;0.0;14.0;4.9;82.73124999999999;19.0;1175.0367187500003
30622;2019-09-24 00:00:00;17:00;2019-09-24 17:00:00;;;23.3;4.3;82.73124999999999;19.0;1175.0367187500003
30622;2019-09-24 00:00:00;14:00;2019-09-24 14:00:00;;;22.9;5.8;82.73124999999999;19.0;1175.0367187500003
30622;2019-09-24 00:00:00;11:00;2019-09-24 11:00:00;;;12.1;3.7;82.73124999999999;19.0;1175.0367187500003
30622;2019-09-24 00:00:00;08:00;2019-09-24 08:00:00;;0.0;1.9;0.8;82.73124999999999;19.0;1175.0367187500003
30622;2019-09-24 00:00:00;05:00;2019-09-24 05:00:00;;;0.5;-0.6;82.73124999999999;19.0;1175.0367187500003
30622;2019-09-24 00:00:00;02:00;2019-09-24 02:00:00;;;3.0;0.7;82.73124999999999;19.0;1175.0367187500003
30622;2019-09-23 00:00:00;23:00;2019-09-23 23:00:00;;;6.5;2.3;68.47171875000001;18.0;1092.3054687500003
30622;2019-09-23 00:00:00;20:00;2019-09-23 20:00:00;;0.0;11.5;3.8;68.47171875000001;18.0;1092.3054687500003
30622;2019-09-23 00:00:00;17:00;2019-09-23 17:00:00;;;22.4;1.4;68.47171875000001;18.0;1092.3054687500003
30622;2019-09-23 00:00:00;14:00;2019-09-23 14:00:00;;;19.2;1.1;68.47171875000001;18.0;1092.3054687500003
30622;2019-09-23 00:00:00;11:00;2019-09-23 11:00:00;;;8.5;-0.4;68.47171875000001;18.0;1092.3054687500003
30622;2019-09-23 00:00:00;08:00;2019-09-23 08:00:00;;0.0;-0.2;-1.9;68.47171875000001;18.0;1092.3054687500003
30622;2019-09-23 00:00:00;05:00;2019-09-23 05:00:00;;;-1.4;-2.9;68.47171875000001;18.0;1092.3054687500003
30622;2019-09-23 00:00:00;02:00;2019-09-23 02:00:00;;;0.2;-2.4;68.47171875000001;18.0;1092.3054687500003
30622;2019-09-22 00:00:00;23:00;2019-09-22 23:00:00;;;3.0;-0.4;139.725;17.0;1023.8337500000002
30622;2019-09-22 00:00:00;20:00;2019-09-22 20:00:00;;0.0;10.1;-1.6;139.725;17.0;1023.8337500000002
30622;2019-09-22 00:00:00;17:00;2019-09-22 17:00:00;;;18.4;-3.4;139.725;17.0;1023.8337500000002
30622;2019-09-22 00:00:00;14:00;2019-09-22 14:00:00;;;18.0;-3.3;139.725;17.0;1023.8337500000002
30622;2019-09-22 00:00:00;11:00;2019-09-22 11:00:00;;;14.9;1.8;139.725;17.0;1023.8337500000002
30622;2019-09-22 00:00:00;08:00;2019-09-22 08:00:00;;0.0;9.6;3.6;139.725;17.0;1023.8337500000002
30622;2019-09-22 00:00:00;05:00;2019-09-22 05:00:00;;;10.5;3.5;139.725;17.0;1023.8337500000002
30622;2019-09-22 00:00:00;02:00;2019-09-22 02:00:00;;;12.7;5.0;139.725;17.0;1023.8337500000002
30622;2019-09-21 00:00:00;23:00;2019-09-21 23:00:00;;;12.5;7.5;76.54875000000001;16.0;884.1087500000002
30622;2019-09-21 00:00:00;20:00;2019-09-21 20:00:00;;0.0;13.4;8.2;76.54875000000001;16.0;884.1087500000002
30622;2019-09-21 00:00:00;17:00;2019-09-21 17:00:00;;;25.8;4.9;76.54875000000001;16.0;884.1087500000002
30622;2019-09-21 00:00:00;14:00;2019-09-21 14:00:00;;;21.1;6.1;76.54875000000001;16.0;884.1087500000002
30622;2019-09-21 00:00:00;11:00;2019-09-21 11:00:00;;;11.3;5.3;76.54875000000001;16.0;884.1087500000002
30622;2019-09-21 00:00:00;08:00;2019-09-21 08:00:00;;0.0;1.0;0.3;76.54875000000001;16.0;884.1087500000002
30622;2019-09-21 00:00:00;05:00;2019-09-21 05:00:00;;;1.2;0.4;76.54875000000001;16.0;884.1087500000002
30622;2019-09-21 00:00:00;02:00;2019-09-21 02:00:00;;;3.1;1.9;76.54875000000001;16.0;884.1087500000002
30622;2019-09-20 00:00:00;23:00;2019-09-20 23:00:00;;;6.5;4.4;40.810624999999995;15.0;807.5600000000002
30622;2019-09-20 00:00:00;20:00;2019-09-20 20:00:00;;0.0;12.5;6.0;40.810624999999995;15.0;807.5600000000002
30622;2019-09-20 00:00:00;17:00;2019-09-20 17:00:00;;;21.6;4.1;40.810624999999995;15.0;807.5600000000002
30622;2019-09-20 00:00:00;14:00;2019-09-20 14:00:00;;;16.4;6.5;40.810624999999995;15.0;807.5600000000002
30622;2019-09-20 00:00:00;11:00;2019-09-20 11:00:00;;;4.4;3.6;40.810624999999995;15.0;807.5600000000002
30622;2019-09-20 00:00:00;08:00;2019-09-20 08:00:00;;0.0;2.3;1.5;40.810624999999995;15.0;807.5600000000002
30622;2019-09-20 00:00:00;05:00;2019-09-20 05:00:00;;;1.9;1.2;40.810624999999995;15.0;807.5600000000002
30622;2019-09-20 00:00:00;02:00;2019-09-20 02:00:00;;;1.2;0.4;40.810624999999995;15.0;807.5600000000002
30622;2019-09-19 00:00:00;23:00;2019-09-19 23:00:00;;;3.3;1.8;46.39187499999999;14.0;766.7493750000002
30622;2019-09-19 00:00:00;20:00;2019-09-19 20:00:00;;0.6;7.8;4.8;46.39187499999999;14.0;766.7493750000002
30622;2019-09-19 00:00:00;17:00;2019-09-19 17:00:00;;;15.8;5.4;46.39187499999999;14.0;766.7493750000002
30622;2019-09-19 00:00:00;14:00;2019-09-19 14:00:00;;;13.5;4.8;46.39187499999999;14.0;766.7493750000002
30622;2019-09-19 00:00:00;11:00;2019-09-19 11:00:00;;;13.2;6.1;46.39187499999999;14.0;766.7493750000002
30622;2019-09-19 00:00:00;08:00;2019-09-19 08:00:00;;0.3;9.1;6.1;46.39187499999999;14.0;766.7493750000002
30622;2019-09-19 00:00:00;05:00;2019-09-19 05:00:00;;;8.5;6.3;46.39187499999999;14.0;766.7493750000002
30622;2019-09-19 00:00:00;02:00;2019-09-19 02:00:00;;;8.4;7.0;46.39187499999999;14.0;766.7493750000002
30622;2019-09-18 00:00:00;23:00;2019-09-18 23:00:00;;;9.9;6.5;40.15124999999999;13.0;720.3575000000002
30622;2019-09-18 00:00:00;20:00;2019-09-18 20:00:00;;0.0;10.8;4.8;40.15124999999999;13.0;720.3575000000002
30622;2019-09-18 00:00:00;17:00;2019-09-18 17:00:00;;;17.7;2.2;40.15124999999999;13.0;720.3575000000002
30622;2019-09-18 00:00:00;14:00;2019-09-18 14:00:00;;;12.6;0.1;40.15124999999999;13.0;720.3575000000002
30622;2019-09-18 00:00:00;11:00;2019-09-18 11:00:00;;;7.1;-1.1;40.15124999999999;13.0;720.3575000000002
30622;2019-09-18 00:00:00;08:00;2019-09-18 08:00:00;;0.0;-0.9;-2.4;40.15124999999999;13.0;720.3575000000002
30622;2019-09-18 00:00:00;05:00;2019-09-18 05:00:00;;;-3.6;-4.7;40.15124999999999;13.0;720.3575000000002
30622;2019-09-18 00:00:00;02:00;2019-09-18 02:00:00;;;-2.0;-3.6;40.15124999999999;13.0;720.3575000000002
30622;2019-09-17 00:00:00;23:00;2019-09-17 23:00:00;;;-0.6;-2.2;12.785937500000003;12.0;680.2062500000002
30622;2019-09-17 00:00:00;20:00;2019-09-17 20:00:00;;0.0;4.7;-0.8;12.785937500000003;12.0;680.2062500000002
30622;2019-09-17 00:00:00;17:00;2019-09-17 17:00:00;;;12.8;-3.8;12.785937500000003;12.0;680.2062500000002
30622;2019-09-17 00:00:00;14:00;2019-09-17 14:00:00;;;10.2;-4.3;12.785937500000003;12.0;680.2062500000002
30622;2019-09-17 00:00:00;11:00;2019-09-17 11:00:00;;;3.2;-3.6;12.785937500000003;12.0;680.2062500000002
30622;2019-09-17 00:00:00;08:00;2019-09-17 08:00:00;;0.0;-3.7;-5.0;12.785937500000003;12.0;680.2062500000002
30622;2019-09-17 00:00:00;05:00;2019-09-17 05:00:00;;;-5.8;-7.1;12.785937500000003;12.0;680.2062500000002
30622;2019-09-17 00:00:00;02:00;2019-09-17 02:00:00;;;-4.1;-5.5;12.785937500000003;12.0;680.2062500000002
30622;2019-09-16 00:00:00;23:00;2019-09-16 23:00:00;;;0.6;-3.3;30.24437499999999;11.0;667.4203125000001
30622;2019-09-16 00:00:00;20:00;2019-09-16 20:00:00;;0.8;4.3;-2.8;30.24437499999999;11.0;667.4203125000001
30622;2019-09-16 00:00:00;17:00;2019-09-16 17:00:00;;;9.4;-5.7;30.24437499999999;11.0;667.4203125000001
30622;2019-09-16 00:00:00;14:00;2019-09-16 14:00:00;;;7.6;0.5;30.24437499999999;11.0;667.4203125000001
30622;2019-09-16 00:00:00;11:00;2019-09-16 11:00:00;;;8.5;3.3;30.24437499999999;11.0;667.4203125000001
30622;2019-09-16 00:00:00;08:00;2019-09-16 08:00:00;;0.6;5.6;4.0;30.24437499999999;11.0;667.4203125000001
30622;2019-09-16 00:00:00;05:00;2019-09-16 05:00:00;;;4.6;2.9;30.24437499999999;11.0;667.4203125000001
30622;2019-09-16 00:00:00;02:00;2019-09-16 02:00:00;;;4.0;2.3;30.24437499999999;11.0;667.4203125000001
30622;2019-09-15 00:00:00;23:00;2019-09-15 23:00:00;;;2.5;0.7;6.957187500000001;10.0;637.1759375000001
30622;2019-09-15 00:00:00;20:00;2019-09-15 20:00:00;;0.0;4.7;0.8;6.957187500000001;10.0;637.1759375000001
30622;2019-09-15 00:00:00;17:00;2019-09-15 17:00:00;;;6.8;-0.6;6.957187500000001;10.0;637.1759375000001
30622;2019-09-15 00:00:00;14:00;2019-09-15 14:00:00;;;6.7;-2.4;6.957187500000001;10.0;637.1759375000001
30622;2019-09-15 00:00:00;11:00;2019-09-15 11:00:00;;;2.7;-2.6;6.957187500000001;10.0;637.1759375000001
30622;2019-09-15 00:00:00;08:00;2019-09-15 08:00:00;;0.0;-3.9;-5.7;6.957187500000001;10.0;637.1759375000001
30622;2019-09-15 00:00:00;05:00;2019-09-15 05:00:00;;;-5.1;-7.5;6.957187500000001;10.0;637.1759375000001
30622;2019-09-15 00:00:00;02:00;2019-09-15 02:00:00;;;-2.1;-6.6;6.957187500000001;10.0;637.1759375000001
30622;2019-09-14 00:00:00;23:00;2019-09-14 23:00:00;;;-2.1;-6.1;9.63125;9.0;630.2187500000001
30622;2019-09-14 00:00:00;20:00;2019-09-14 20:00:00;;0.4;1.0;-5.4;9.63125;9.0;630.2187500000001
30622;2019-09-14 00:00:00;17:00;2019-09-14 17:00:00;;;1.6;-0.5;9.63125;9.0;630.2187500000001
30622;2019-09-14 00:00:00;14:00;2019-09-14 14:00:00;;;5.7;-4.0;9.63125;9.0;630.2187500000001
30622;2019-09-14 00:00:00;11:00;2019-09-14 11:00:00;;;6.2;-0.7;9.63125;9.0;630.2187500000001
30622;2019-09-14 00:00:00;08:00;2019-09-14 08:00:00;;0.0;1.9;0.6;9.63125;9.0;630.2187500000001
30622;2019-09-14 00:00:00;05:00;2019-09-14 05:00:00;;;1.3;-0.2;9.63125;9.0;630.2187500000001
30622;2019-09-14 00:00:00;02:00;2019-09-14 02:00:00;;;2.8;1.2;9.63125;9.0;630.2187500000001
30622;2019-09-13 00:00:00;23:00;2019-09-13 23:00:00;;;5.1;1.0;25.3378125;8.0;620.5875000000001
30622;2019-09-13 00:00:00;20:00;2019-09-13 20:00:00;;0.6;5.5;1.5;25.3378125;8.0;620.5875000000001
30622;2019-09-13 00:00:00;17:00;2019-09-13 17:00:00;;;10.3;1.8;25.3378125;8.0;620.5875000000001
30622;2019-09-13 00:00:00;14:00;2019-09-13 14:00:00;;;9.1;-0.7;25.3378125;8.0;620.5875000000001
30622;2019-09-13 00:00:00;11:00;2019-09-13 11:00:00;;;5.5;0.9;25.3378125;8.0;620.5875000000001
30622;2019-09-13 00:00:00;08:00;2019-09-13 08:00:00;;0.0;2.2;0.7;25.3378125;8.0;620.5875000000001
30622;2019-09-13 00:00:00;05:00;2019-09-13 05:00:00;;;0.6;-1.1;25.3378125;8.0;620.5875000000001
30622;2019-09-13 00:00:00;02:00;2019-09-13 02:00:00;;;4.6;1.0;25.3378125;8.0;620.5875000000001
30622;2019-12-09 00:00:00;23:00;2019-12-09 23:00:00;;;7.3;2.1;41.193749999999994;0.0;41.193749999999994
30622;2019-12-09 00:00:00;20:00;2019-12-09 20:00:00;;0.0;8.5;4.1;41.193749999999994;0.0;41.193749999999994
30622;2019-12-09 00:00:00;17:00;2019-12-09 17:00:00;;;13.3;4.5;41.193749999999994;0.0;41.193749999999994
30622;2019-12-09 00:00:00;14:00;2019-12-09 14:00:00;;;13.4;6.5;41.193749999999994;0.0;41.193749999999994
30622;2019-12-09 00:00:00;11:00;2019-12-09 11:00:00;;;13.0;7.3;41.193749999999994;0.0;41.193749999999994
30622;2019-12-09 00:00:00;08:00;2019-12-09 08:00:00;;8.0;7.6;6.7;41.193749999999994;0.0;41.193749999999994
30622;2019-12-09 00:00:00;05:00;2019-12-09 05:00:00;;;7.4;6.5;41.193749999999994;0.0;41.193749999999994
30622;2019-12-09 00:00:00;02:00;2019-12-09 02:00:00;;;7.5;6.5;41.193749999999994;0.0;41.193749999999994
30622;2019-11-09 00:00:00;23:00;2019-11-09 23:00:00;;;8.0;7.0;22.25250000000001;0.0;22.25250000000001
30622;2019-11-09 00:00:00;20:00;2019-11-09 20:00:00;;7.0;8.7;7.2;22.25250000000001;0.0;22.25250000000001
30622;2019-11-09 00:00:00;17:00;2019-11-09 17:00:00;;;11.1;8.3;22.25250000000001;0.0;22.25250000000001
30622;2019-11-09 00:00:00;14:00;2019-11-09 14:00:00;;;13.1;8.4;22.25250000000001;0.0;22.25250000000001
30622;2019-11-09 00:00:00;11:00;2019-11-09 11:00:00;;;10.7;8.5;22.25250000000001;0.0;22.25250000000001
30622;2019-11-09 00:00:00;08:00;2019-11-09 08:00:00;;0.9;8.3;7.0;22.25250000000001;0.0;22.25250000000001
30622;2019-11-09 00:00:00;05:00;2019-11-09 05:00:00;;;7.8;5.8;22.25250000000001;0.0;22.25250000000001
30622;2019-11-09 00:00:00;02:00;2019-11-09 02:00:00;;;9.7;6.8;22.25250000000001;0.0;22.25250000000001
30622;2019-10-09 00:00:00;23:00;2019-10-09 23:00:00;;;9.5;7.1;22.3546875;9.0;232.66859374999996
30622;2019-10-09 00:00:00;20:00;2019-10-09 20:00:00;;0.0;12.0;8.0;22.3546875;9.0;232.66859374999996
30622;2019-10-09 00:00:00;17:00;2019-10-09 17:00:00;;;14.9;7.3;22.3546875;9.0;232.66859374999996
30622;2019-10-09 00:00:00;14:00;2019-10-09 14:00:00;;;13.8;6.0;22.3546875;9.0;232.66859374999996
30622;2019-10-09 00:00:00;11:00;2019-10-09 11:00:00;;;4.9;4.0;22.3546875;9.0;232.66859374999996
30622;2019-10-09 00:00:00;08:00;2019-10-09 08:00:00;;0.0;0.8;0.1;22.3546875;9.0;232.66859374999996
30622;2019-10-09 00:00:00;05:00;2019-10-09 05:00:00;;;0.0;-0.8;22.3546875;9.0;232.66859374999996
30622;2019-10-09 00:00:00;02:00;2019-10-09 02:00:00;;;1.1;0.2;22.3546875;9.0;232.66859374999996
30622;2019-09-09 00:00:00;23:00;2019-09-09 23:00:00;;;4.1;2.7;70.44046874999998;4.0;658.1256250000001
30622;2019-09-09 00:00:00;20:00;2019-09-09 20:00:00;;0.0;10.7;4.1;70.44046874999998;4.0;658.1256250000001
30622;2019-09-09 00:00:00;17:00;2019-09-09 17:00:00;;;16.5;2.2;70.44046874999998;4.0;658.1256250000001
30622;2019-09-09 00:00:00;14:00;2019-09-09 14:00:00;;;16.4;2.1;70.44046874999998;4.0;658.1256250000001
30622;2019-09-09 00:00:00;11:00;2019-09-09 11:00:00;;;14.6;5.8;70.44046874999998;4.0;658.1256250000001
30622;2019-09-09 00:00:00;08:00;2019-09-09 08:00:00;;0.0;8.5;5.2;70.44046874999998;4.0;658.1256250000001
30622;2019-09-09 00:00:00;05:00;2019-09-09 05:00:00;;;7.2;4.9;70.44046874999998;4.0;658.1256250000001
30622;2019-09-09 00:00:00;02:00;2019-09-09 02:00:00;;;6.9;4.8;70.44046874999998;4.0;658.1256250000001
30622;2019-08-09 00:00:00;23:00;2019-08-09 23:00:00;;;9.9;5.3;57.459375;4.0;577.8771875
30622;2019-08-09 00:00:00;20:00;2019-08-09 20:00:00;;0.0;11.0;5.2;57.459375;4.0;577.8771875
30622;2019-08-09 00:00:00;17:00;2019-08-09 17:00:00;;;13.8;4.7;57.459375;4.0;577.8771875
30622;2019-08-09 00:00:00;14:00;2019-08-09 14:00:00;;;14.1;4.9;57.459375;4.0;577.8771875
30622;2019-08-09 00:00:00;11:00;2019-08-09 11:00:00;;;12.1;5.1;57.459375;4.0;577.8771875
30622;2019-08-09 00:00:00;08:00;2019-08-09 08:00:00;;2.0;7.6;3.9;57.459375;4.0;577.8771875
30622;2019-08-09 00:00:00;05:00;2019-08-09 05:00:00;;;6.7;3.2;57.459375;4.0;577.8771875
30622;2019-08-09 00:00:00;02:00;2019-08-09 02:00:00;;;5.8;3.3;57.459375;4.0;577.8771875
30622;2019-07-09 00:00:00;23:00;2019-07-09 23:00:00;;;5.9;2.9;40.07062499999999;0.0;40.07062499999999
30622;2019-07-09 00:00:00;20:00;2019-07-09 20:00:00;;0.0;8.1;0.6;40.07062499999999;0.0;40.07062499999999
30622;2019-07-09 00:00:00;17:00;2019-07-09 17:00:00;;;10.6;-0.3;40.07062499999999;0.0;40.07062499999999
30622;2019-07-09 00:00:00;14:00;2019-07-09 14:00:00;;;10.9;0.3;40.07062499999999;0.0;40.07062499999999
30622;2019-07-09 00:00:00;11:00;2019-07-09 11:00:00;;;8.2;2.9;40.07062499999999;0.0;40.07062499999999
30622;2019-07-09 00:00:00;08:00;2019-07-09 08:00:00;;5.0;4.6;3.1;40.07062499999999;0.0;40.07062499999999
30622;2019-07-09 00:00:00;05:00;2019-07-09 05:00:00;;;5.1;3.3;40.07062499999999;0.0;40.07062499999999
30622;2019-07-09 00:00:00;02:00;2019-07-09 02:00:00;;;6.8;4.8;40.07062499999999;0.0;40.07062499999999
30622;2019-06-09 00:00:00;23:00;2019-06-09 23:00:00;;;6.5;3.2;71.43874999999998;12.0;872.5101562500001
30622;2019-06-09 00:00:00;20:00;2019-06-09 20:00:00;;0.0;12.2;3.5;71.43874999999998;12.0;872.5101562500001
30622;2019-06-09 00:00:00;17:00;2019-06-09 17:00:00;;;17.0;1.0;71.43874999999998;12.0;872.5101562500001
30622;2019-06-09 00:00:00;14:00;2019-06-09 14:00:00;;;16.2;3.2;71.43874999999998;12.0;872.5101562500001
30622;2019-06-09 00:00:00;11:00;2019-06-09 11:00:00;;;13.6;6.1;71.43874999999998;12.0;872.5101562500001
30622;2019-06-09 00:00:00;08:00;2019-06-09 08:00:00;;0.0;5.4;3.7;71.43874999999998;12.0;872.5101562500001
30622;2019-06-09 00:00:00;05:00;2019-06-09 05:00:00;;;6.3;4.7;71.43874999999998;12.0;872.5101562500001
30622;2019-06-09 00:00:00;02:00;2019-06-09 02:00:00;;;8.1;6.3;71.43874999999998;12.0;872.5101562500001
30622;2019-05-09 00:00:00;23:00;2019-05-09 23:00:00;;;11.1;8.5;19.815937500000018;30.0;673.2854687499998
30622;2019-05-09 00:00:00;20:00;2019-05-09 20:00:00;;1.0;12.6;10.0;19.815937500000018;30.0;673.2854687499998
30622;2019-05-09 00:00:00;17:00;2019-05-09 17:00:00;;;13.3;11.4;19.815937500000018;30.0;673.2854687499998
30622;2019-05-09 00:00:00;14:00;2019-05-09 14:00:00;;;14.3;11.8;19.815937500000018;30.0;673.2854687499998
30622;2019-05-09 00:00:00;11:00;2019-05-09 11:00:00;;;11.6;10.1;19.815937500000018;30.0;673.2854687499998
30622;2019-05-09 00:00:00;08:00;2019-05-09 08:00:00;;0.0;9.4;8.5;19.815937500000018;30.0;673.2854687499998
30622;2019-05-09 00:00:00;05:00;2019-05-09 05:00:00;;;9.5;8.6;19.815937500000018;30.0;673.2854687499998
30622;2019-05-09 00:00:00;02:00;2019-05-09 02:00:00;;;10.1;9.2;19.815937500000018;30.0;673.2854687499998
30622;2019-04-09 00:00:00;23:00;2019-04-09 23:00:00;;;11.2;10.0;76.7265625;0.0;76.7265625
30622;2019-04-09 00:00:00;20:00;2019-04-09 20:00:00;;5.0;14.8;11.4;76.7265625;0.0;76.7265625
30622;2019-04-09 00:00:00;17:00;2019-04-09 17:00:00;;;23.0;5.7;76.7265625;0.0;76.7265625
30622;2019-04-09 00:00:00;14:00;2019-04-09 14:00:00;;;22.6;8.8;76.7265625;0.0;76.7265625
30622;2019-04-09 00:00:00;11:00;2019-04-09 11:00:00;;;12.6;9.9;76.7265625;0.0;76.7265625
30622;2019-04-09 00:00:00;08:00;2019-04-09 08:00:00;;0.0;9.5;8.6;76.7265625;0.0;76.7265625
30622;2019-04-09 00:00:00;05:00;2019-04-09 05:00:00;;;9.7;8.6;76.7265625;0.0;76.7265625
30622;2019-04-09 00:00:00;02:00;2019-04-09 02:00:00;;;11.6;9.3;76.7265625;0.0;76.7265625
30622;2019-03-09 00:00:00;23:00;2019-03-09 23:00:00;;;14.6;11.4;65.67046875000001;3.0;449.49437499999993
30622;2019-03-09 00:00:00;20:00;2019-03-09 20:00:00;;0.0;17.4;11.2;65.67046875000001;3.0;449.49437499999993
30622;2019-03-09 00:00:00;17:00;2019-03-09 17:00:00;;;20.7;11.0;65.67046875000001;3.0;449.49437499999993
30622;2019-03-09 00:00:00;14:00;2019-03-09 14:00:00;;;18.7;10.4;65.67046875000001;3.0;449.49437499999993
30622;2019-03-09 00:00:00;11:00;2019-03-09 11:00:00;;;15.0;10.0;65.67046875000001;3.0;449.49437499999993
30622;2019-03-09 00:00:00;08:00;2019-03-09 08:00:00;;0.0;9.9;8.2;65.67046875000001;3.0;449.49437499999993
30622;2019-03-09 00:00:00;05:00;2019-03-09 05:00:00;;;8.4;6.9;65.67046875000001;3.0;449.49437499999993
30622;2019-03-09 00:00:00;02:00;2019-03-09 02:00:00;;;9.2;7.9;65.67046875000001;3.0;449.49437499999993
30622;2019-02-09 00:00:00;23:00;2019-02-09 23:00:00;;;11.9;9.7;172.0153125;34.0;-710.7559024234695
30622;2019-02-09 00:00:00;20:00;2019-02-09 20:00:00;;0.0;19.6;9.9;172.0153125;34.0;-710.7559024234695
30622;2019-02-09 00:00:00;17:00;2019-02-09 17:00:00;;;25.8;6.3;172.0153125;34.0;-710.7559024234695
30622;2019-02-09 00:00:00;14:00;2019-02-09 14:00:00;;;25.8;8.4;172.0153125;34.0;-710.7559024234695
30622;2019-02-09 00:00:00;11:00;2019-02-09 11:00:00;;;21.3;12.8;172.0153125;34.0;-710.7559024234695
30622;2019-02-09 00:00:00;08:00;2019-02-09 08:00:00;;0.0;16.9;13.5;172.0153125;34.0;-710.7559024234695
30622;2019-02-09 00:00:00;05:00;2019-02-09 05:00:00;;;15.4;12.9;172.0153125;34.0;-710.7559024234695
30622;2019-02-09 00:00:00;02:00;2019-02-09 02:00:00;;;19.9;12.8;172.0153125;34.0;-710.7559024234695
30622;2019-01-09 00:00:00;23:00;2019-01-09 23:00:00;;;17.2;11.9;173.60328124999998;3.0;473.86859375000006
30622;2019-01-09 00:00:00;20:00;2019-01-09 20:00:00;;0.0;22.2;10.5;173.60328124999998;3.0;473.86859375000006
30622;2019-01-09 00:00:00;17:00;2019-01-09 17:00:00;;;29.0;7.9;173.60328124999998;3.0;473.86859375000006
30622;2019-01-09 00:00:00;14:00;2019-01-09 14:00:00;;;27.7;9.2;173.60328124999998;3.0;473.86859375000006
30622;2019-01-09 00:00:00;11:00;2019-01-09 11:00:00;;;21.7;10.7;173.60328124999998;3.0;473.86859375000006
30622;2019-01-09 00:00:00;08:00;2019-01-09 08:00:00;;0.0;12.4;10.6;173.60328124999998;3.0;473.86859375000006
30622;2019-01-09 00:00:00;05:00;2019-01-09 05:00:00;;;11.8;10.6;173.60328124999998;3.0;473.86859375000006
30622;2019-01-09 00:00:00;02:00;2019-01-09 02:00:00;;;12.1;10.6;173.60328124999998;3.0;473.86859375000006
30622;2019-08-31 00:00:00;23:00;2019-08-31 23:00:00;;;12.6;10.8;88.70062500000003;5.0;480.7695312500001
30622;2019-08-31 00:00:00;20:00;2019-08-31 20:00:00;;0.0;18.6;13.0;88.70062500000003;5.0;480.7695312500001
30622;2019-08-31 00:00:00;17:00;2019-08-31 17:00:00;;;26.2;9.4;88.70062500000003;5.0;480.7695312500001
30622;2019-08-31 00:00:00;14:00;2019-08-31 14:00:00;;;24.8;10.5;88.70062500000003;5.0;480.7695312500001
30622;2019-08-31 00:00:00;11:00;2019-08-31 11:00:00;;;16.1;10.6;88.70062500000003;5.0;480.7695312500001
30622;2019-08-31 00:00:00;08:00;2019-08-31 08:00:00;;0.0;8.2;7.3;88.70062500000003;5.0;480.7695312500001
30622;2019-08-31 00:00:00;05:00;2019-08-31 05:00:00;;;6.2;5.3;88.70062500000003;5.0;480.7695312500001
30622;2019-08-31 00:00:00;02:00;2019-08-31 02:00:00;;;8.6;7.6;88.70062500000003;5.0;480.7695312500001
30622;2019-08-30 00:00:00;23:00;2019-08-30 23:00:00;;;11.8;9.7;119.53406249999999;4.0;392.06890625000005
30622;2019-08-30 00:00:00;20:00;2019-08-30 20:00:00;;0.0;20.1;10.5;119.53406249999999;4.0;392.06890625000005
30622;2019-08-30 00:00:00;17:00;2019-08-30 17:00:00;;;25.7;7.2;119.53406249999999;4.0;392.06890625000005
30622;2019-08-30 00:00:00;14:00;2019-08-30 14:00:00;;;24.4;8.9;119.53406249999999;4.0;392.06890625000005
30622;2019-08-30 00:00:00;11:00;2019-08-30 11:00:00;;;17.4;12.4;119.53406249999999;4.0;392.06890625000005
30622;2019-08-30 00:00:00;08:00;2019-08-30 08:00:00;;0.0;11.2;10.3;119.53406249999999;4.0;392.06890625000005
30622;2019-08-30 00:00:00;05:00;2019-08-30 05:00:00;;;12.0;10.4;119.53406249999999;4.0;392.06890625000005
30622;2019-08-30 00:00:00;02:00;2019-08-30 02:00:00;;;14.5;11.9;119.53406249999999;4.0;392.06890625000005
30622;2019-08-29 00:00:00;23:00;2019-08-29 23:00:00;;;14.0;11.3;105.53156250000002;3.0;272.53484375000005
30622;2019-08-29 00:00:00;20:00;2019-08-29 20:00:00;;0.0;20.8;9.8;105.53156250000002;3.0;272.53484375000005
30622;2019-08-29 00:00:00;17:00;2019-08-29 17:00:00;;;26.9;5.9;105.53156250000002;3.0;272.53484375000005
30622;2019-08-29 00:00:00;14:00;2019-08-29 14:00:00;;;24.9;9.1;105.53156250000002;3.0;272.53484375000005
30622;2019-08-29 00:00:00;11:00;2019-08-29 11:00:00;;;11.6;10.1;105.53156250000002;3.0;272.53484375000005
30622;2019-08-29 00:00:00;08:00;2019-08-29 08:00:00;;0.0;8.9;8.0;105.53156250000002;3.0;272.53484375000005
30622;2019-08-29 00:00:00;05:00;2019-08-29 05:00:00;;;8.3;7.5;105.53156250000002;3.0;272.53484375000005
30622;2019-08-29 00:00:00;02:00;2019-08-29 02:00:00;;;8.3;7.4;105.53156250000002;3.0;272.53484375000005
30622;2019-08-28 00:00:00;23:00;2019-08-28 23:00:00;;;11.1;9.7;59.86687500000001;2.0;167.00328125000004
30622;2019-08-28 00:00:00;20:00;2019-08-28 20:00:00;;0.0;19.3;12.3;59.86687500000001;2.0;167.00328125000004
30622;2019-08-28 00:00:00;17:00;2019-08-28 17:00:00;;;24.1;10.7;59.86687500000001;2.0;167.00328125000004
30622;2019-08-28 00:00:00;14:00;2019-08-28 14:00:00;;;20.8;10.6;59.86687500000001;2.0;167.00328125000004
30622;2019-08-28 00:00:00;11:00;2019-08-28 11:00:00;;;10.1;8.5;59.86687500000001;2.0;167.00328125000004
30622;2019-08-28 00:00:00;08:00;2019-08-28 08:00:00;;0.0;6.9;6.0;59.86687500000001;2.0;167.00328125000004
30622;2019-08-28 00:00:00;05:00;2019-08-28 05:00:00;;;5.7;4.6;59.86687500000001;2.0;167.00328125000004
30622;2019-08-28 00:00:00;02:00;2019-08-28 02:00:00;;;6.4;5.3;59.86687500000001;2.0;167.00328125000004
30622;2019-08-27 00:00:00;23:00;2019-08-27 23:00:00;;;8.4;7.2;81.86921875000002;1.0;107.13640625000002
30622;2019-08-27 00:00:00;20:00;2019-08-27 20:00:00;;0.0;15.3;9.3;81.86921875000002;1.0;107.13640625000002
30622;2019-08-27 00:00:00;17:00;2019-08-27 17:00:00;;;19.6;7.9;81.86921875000002;1.0;107.13640625000002
30622;2019-08-27 00:00:00;14:00;2019-08-27 14:00:00;;;19.0;9.1;81.86921875000002;1.0;107.13640625000002
30622;2019-08-27 00:00:00;11:00;2019-08-27 11:00:00;;;18.3;11.1;81.86921875000002;1.0;107.13640625000002
30622;2019-08-27 00:00:00;08:00;2019-08-27 08:00:00;;0.0;13.2;10.4;81.86921875000002;1.0;107.13640625000002
30622;2019-08-27 00:00:00;05:00;2019-08-27 05:00:00;;;12.5;10.1;81.86921875000002;1.0;107.13640625000002
30622;2019-08-27 00:00:00;02:00;2019-08-27 02:00:00;;;13.6;11.1;81.86921875000002;1.0;107.13640625000002
30622;2019-08-26 00:00:00;23:00;2019-08-26 23:00:00;;;13.8;11.7;25.267187500000006;0.0;25.267187500000006
30622;2019-08-26 00:00:00;20:00;2019-08-26 20:00:00;;3.0;13.7;11.7;25.267187500000006;0.0;25.267187500000006
30622;2019-08-26 00:00:00;17:00;2019-08-26 17:00:00;;;14.1;12.6;25.267187500000006;0.0;25.267187500000006
30622;2019-08-26 00:00:00;14:00;2019-08-26 14:00:00;;;14.4;12.2;25.267187500000006;0.0;25.267187500000006
30622;2019-08-26 00:00:00;11:00;2019-08-26 11:00:00;;;14.2;10.9;25.267187500000006;0.0;25.267187500000006
30622;2019-08-26 00:00:00;08:00;2019-08-26 08:00:00;;0.0;11.3;9.7;25.267187500000006;0.0;25.267187500000006
30622;2019-08-26 00:00:00;05:00;2019-08-26 05:00:00;;;10.0;8.6;25.267187500000006;0.0;25.267187500000006
30622;2019-08-26 00:00:00;02:00;2019-08-26 02:00:00;;;11.5;9.9;25.267187500000006;0.0;25.267187500000006
30622;2019-08-25 00:00:00;23:00;2019-08-25 23:00:00;;;12.2;10.6;46.164375000000014;0.0;46.164375000000014
30622;2019-08-25 00:00:00;20:00;2019-08-25 20:00:00;;4.0;14.0;11.1;46.164375000000014;0.0;46.164375000000014
30622;2019-08-25 00:00:00;17:00;2019-08-25 17:00:00;;;13.4;10.9;46.164375000000014;0.0;46.164375000000014
30622;2019-08-25 00:00:00;14:00;2019-08-25 14:00:00;;;17.3;9.5;46.164375000000014;0.0;46.164375000000014
30622;2019-08-25 00:00:00;11:00;2019-08-25 11:00:00;;;17.7;11.0;46.164375000000014;0.0;46.164375000000014
30622;2019-08-25 00:00:00;08:00;2019-08-25 08:00:00;;5.0;12.4;10.6;46.164375000000014;0.0;46.164375000000014
30622;2019-08-25 00:00:00;05:00;2019-08-25 05:00:00;;;12.7;11.0;46.164375000000014;0.0;46.164375000000014
30622;2019-08-25 00:00:00;02:00;2019-08-25 02:00:00;;;13.5;12.4;46.164375000000014;0.0;46.164375000000014
30622;2019-08-24 00:00:00;23:00;2019-08-24 23:00:00;;;15.1;12.5;90.06359375000002;4.0;439.1957812500001
30622;2019-08-24 00:00:00;20:00;2019-08-24 20:00:00;;0.5;16.5;13.6;90.06359375000002;4.0;439.1957812500001
30622;2019-08-24 00:00:00;17:00;2019-08-24 17:00:00;;;21.2;12.7;90.06359375000002;4.0;439.1957812500001
30622;2019-08-24 00:00:00;14:00;2019-08-24 14:00:00;;;24.0;12.4;90.06359375000002;4.0;439.1957812500001
30622;2019-08-24 00:00:00;11:00;2019-08-24 11:00:00;;;22.8;11.0;90.06359375000002;4.0;439.1957812500001
30622;2019-08-24 00:00:00;08:00;2019-08-24 08:00:00;;0.0;12.6;9.0;90.06359375000002;4.0;439.1957812500001
30622;2019-08-24 00:00:00;05:00;2019-08-24 05:00:00;;;8.5;7.3;90.06359375000002;4.0;439.1957812500001
30622;2019-08-24 00:00:00;02:00;2019-08-24 02:00:00;;;10.6;8.9;90.06359375000002;4.0;439.1957812500001
30622;2019-08-23 00:00:00;23:00;2019-08-23 23:00:00;;;13.4;10.3;125.61000000000001;3.0;349.13218750000004
30622;2019-08-23 00:00:00;20:00;2019-08-23 20:00:00;;0.0;22.6;10.4;125.61000000000001;3.0;349.13218750000004
30622;2019-08-23 00:00:00;17:00;2019-08-23 17:00:00;;;28.8;8.8;125.61000000000001;3.0;349.13218750000004
30622;2019-08-23 00:00:00;14:00;2019-08-23 14:00:00;;;26.0;8.4;125.61000000000001;3.0;349.13218750000004
30622;2019-08-23 00:00:00;11:00;2019-08-23 11:00:00;;;17.1;9.3;125.61000000000001;3.0;349.13218750000004
30622;2019-08-23 00:00:00;08:00;2019-08-23 08:00:00;;0.0;6.5;5.7;125.61000000000001;3.0;349.13218750000004
30622;2019-08-23 00:00:00;05:00;2019-08-23 05:00:00;;;4.7;3.8;125.61000000000001;3.0;349.13218750000004
30622;2019-08-23 00:00:00;02:00;2019-08-23 02:00:00;;;7.3;6.1;125.61000000000001;3.0;349.13218750000004
30622;2019-08-22 00:00:00;23:00;2019-08-22 23:00:00;;;10.8;7.9;93.3015625;2.0;223.52218750000003
30622;2019-08-22 00:00:00;20:00;2019-08-22 20:00:00;;0.0;18.6;7.2;93.3015625;2.0;223.52218750000003
30622;2019-08-22 00:00:00;17:00;2019-08-22 17:00:00;;;24.2;5.3;93.3015625;2.0;223.52218750000003
30622;2019-08-22 00:00:00;14:00;2019-08-22 14:00:00;;;22.7;7.6;93.3015625;2.0;223.52218750000003
30622;2019-08-22 00:00:00;11:00;2019-08-22 11:00:00;;;13.9;8.4;93.3015625;2.0;223.52218750000003
30622;2019-08-22 00:00:00;08:00;2019-08-22 08:00:00;;0.0;6.0;5.2;93.3015625;2.0;223.52218750000003
30622;2019-08-22 00:00:00;05:00;2019-08-22 05:00:00;;;3.8;2.9;93.3015625;2.0;223.52218750000003
30622;2019-08-22 00:00:00;02:00;2019-08-22 02:00:00;;;5.5;4.4;93.3015625;2.0;223.52218750000003
30622;2019-08-21 00:00:00;23:00;2019-08-21 23:00:00;;;8.9;6.5;70.04062500000002;1.0;130.220625
30622;2019-08-21 00:00:00;20:00;2019-08-21 20:00:00;;0.0;16.3;7.7;70.04062500000002;1.0;130.220625
30622;2019-08-21 00:00:00;17:00;2019-08-21 17:00:00;;;21.7;3.5;70.04062500000002;1.0;130.220625
30622;2019-08-21 00:00:00;14:00;2019-08-21 14:00:00;;;19.6;7.2;70.04062500000002;1.0;130.220625
30622;2019-08-21 00:00:00;11:00;2019-08-21 11:00:00;;;9.5;7.8;70.04062500000002;1.0;130.220625
30622;2019-08-21 00:00:00;08:00;2019-08-21 08:00:00;;0.0;6.4;5.5;70.04062500000002;1.0;130.220625
30622;2019-08-21 00:00:00;05:00;2019-08-21 05:00:00;;;6.1;5.0;70.04062500000002;1.0;130.220625
30622;2019-08-21 00:00:00;02:00;2019-08-21 02:00:00;;;7.9;6.7;70.04062500000002;1.0;130.220625
30622;2019-08-20 00:00:00;23:00;2019-08-20 23:00:00;;;10.8;8.1;60.179999999999986;0.0;60.179999999999986
30622;2019-08-20 00:00:00;20:00;2019-08-20 20:00:00;;6.0;14.9;10.1;60.179999999999986;0.0;60.179999999999986
30622;2019-08-20 00:00:00;17:00;2019-08-20 17:00:00;;;16.0;10.5;60.179999999999986;0.0;60.179999999999986
30622;2019-08-20 00:00:00;14:00;2019-08-20 14:00:00;;;18.2;10.4;60.179999999999986;0.0;60.179999999999986
30622;2019-08-20 00:00:00;11:00;2019-08-20 11:00:00;;;16.0;10.1;60.179999999999986;0.0;60.179999999999986
30622;2019-08-20 00:00:00;08:00;2019-08-20 08:00:00;;0.0;11.3;8.5;60.179999999999986;0.0;60.179999999999986
30622;2019-08-20 00:00:00;05:00;2019-08-20 05:00:00;;;10.1;7.6;60.179999999999986;0.0;60.179999999999986
30622;2019-08-20 00:00:00;02:00;2019-08-20 02:00:00;;;11.5;8.1;60.179999999999986;0.0;60.179999999999986
30622;2019-08-19 00:00:00;23:00;2019-08-19 23:00:00;;;14.8;8.0;80.35499999999999;5.0;361.0935937500001
30622;2019-08-19 00:00:00;20:00;2019-08-19 20:00:00;;0.0;17.5;7.4;80.35499999999999;5.0;361.0935937500001
30622;2019-08-19 00:00:00;17:00;2019-08-19 17:00:00;;;21.9;7.3;80.35499999999999;5.0;361.0935937500001
30622;2019-08-19 00:00:00;14:00;2019-08-19 14:00:00;;;19.9;8.4;80.35499999999999;5.0;361.0935937500001
30622;2019-08-19 00:00:00;11:00;2019-08-19 11:00:00;;;11.7;8.7;80.35499999999999;5.0;361.0935937500001
30622;2019-08-19 00:00:00;08:00;2019-08-19 08:00:00;;0.0;7.4;6.6;80.35499999999999;5.0;361.0935937500001
30622;2019-08-19 00:00:00;05:00;2019-08-19 05:00:00;;;5.6;4.8;80.35499999999999;5.0;361.0935937500001
30622;2019-08-19 00:00:00;02:00;2019-08-19 02:00:00;;;6.8;5.7;80.35499999999999;5.0;361.0935937500001
30622;2019-08-18 00:00:00;23:00;2019-08-18 23:00:00;;;9.3;8.0;73.78328125000002;4.0;280.73859375000006
30622;2019-08-18 00:00:00;20:00;2019-08-18 20:00:00;;0.0;16.5;10.0;73.78328125000002;4.0;280.73859375000006
30622;2019-08-18 00:00:00;17:00;2019-08-18 17:00:00;;;19.7;7.6;73.78328125000002;4.0;280.73859375000006
30622;2019-08-18 00:00:00;14:00;2019-08-18 14:00:00;;;17.7;8.9;73.78328125000002;4.0;280.73859375000006
30622;2019-08-18 00:00:00;11:00;2019-08-18 11:00:00;;;15.9;10.0;73.78328125000002;4.0;280.73859375000006
30622;2019-08-18 00:00:00;08:00;2019-08-18 08:00:00;;0.0;10.8;8.6;73.78328125000002;4.0;280.73859375000006
30622;2019-08-18 00:00:00;05:00;2019-08-18 05:00:00;;;10.0;8.2;73.78328125000002;4.0;280.73859375000006
30622;2019-08-18 00:00:00;02:00;2019-08-18 02:00:00;;;12.8;9.5;73.78328125000002;4.0;280.73859375000006
30622;2019-08-17 00:00:00;23:00;2019-08-17 23:00:00;;;14.1;10.8;65.94000000000001;3.0;206.95531250000005
30622;2019-08-17 00:00:00;20:00;2019-08-17 20:00:00;;0.0;15.0;11.2;65.94000000000001;3.0;206.95531250000005
30622;2019-08-17 00:00:00;17:00;2019-08-17 17:00:00;;;22.3;8.1;65.94000000000001;3.0;206.95531250000005
30622;2019-08-17 00:00:00;14:00;2019-08-17 14:00:00;;;20.1;8.6;65.94000000000001;3.0;206.95531250000005
30622;2019-08-17 00:00:00;11:00;2019-08-17 11:00:00;;;13.4;10.3;65.94000000000001;3.0;206.95531250000005
30622;2019-08-17 00:00:00;08:00;2019-08-17 08:00:00;;0.0;9.1;8.3;65.94000000000001;3.0;206.95531250000005
30622;2019-08-17 00:00:00;05:00;2019-08-17 05:00:00;;;7.9;7.1;65.94000000000001;3.0;206.95531250000005
30622;2019-08-17 00:00:00;02:00;2019-08-17 02:00:00;;;8.0;7.1;65.94000000000001;3.0;206.95531250000005
30622;2019-08-16 00:00:00;23:00;2019-08-16 23:00:00;;;9.9;8.7;45.269999999999996;2.0;141.01531250000002
30622;2019-08-16 00:00:00;20:00;2019-08-16 20:00:00;;0.0;15.6;12.3;45.269999999999996;2.0;141.01531250000002
30622;2019-08-16 00:00:00;17:00;2019-08-16 17:00:00;;;21.4;9.7;45.269999999999996;2.0;141.01531250000002
30622;2019-08-16 00:00:00;14:00;2019-08-16 14:00:00;;;19.6;10.7;45.269999999999996;2.0;141.01531250000002
30622;2019-08-16 00:00:00;11:00;2019-08-16 11:00:00;;;10.9;9.8;45.269999999999996;2.0;141.01531250000002
30622;2019-08-16 00:00:00;08:00;2019-08-16 08:00:00;;0.0;8.7;7.9;45.269999999999996;2.0;141.01531250000002
30622;2019-08-16 00:00:00;05:00;2019-08-16 05:00:00;;;7.3;6.5;45.269999999999996;2.0;141.01531250000002
30622;2019-08-16 00:00:00;02:00;2019-08-16 02:00:00;;;7.2;6.2;45.269999999999996;2.0;141.01531250000002
30622;2019-08-15 00:00:00;23:00;2019-08-15 23:00:00;;;9.0;7.6;69.59453125000002;1.0;95.74531250000003
30622;2019-08-15 00:00:00;20:00;2019-08-15 20:00:00;;0.0;16.5;11.7;69.59453125000002;1.0;95.74531250000003
30622;2019-08-15 00:00:00;17:00;2019-08-15 17:00:00;;;19.4;9.3;69.59453125000002;1.0;95.74531250000003
30622;2019-08-15 00:00:00;14:00;2019-08-15 14:00:00;;;18.9;8.7;69.59453125000002;1.0;95.74531250000003
30622;2019-08-15 00:00:00;11:00;2019-08-15 11:00:00;;;17.6;10.3;69.59453125000002;1.0;95.74531250000003
30622;2019-08-15 00:00:00;08:00;2019-08-15 08:00:00;;0.0;11.5;9.4;69.59453125000002;1.0;95.74531250000003
30622;2019-08-15 00:00:00;05:00;2019-08-15 05:00:00;;;10.6;9.1;69.59453125000002;1.0;95.74531250000003
30622;2019-08-15 00:00:00;02:00;2019-08-15 02:00:00;;;11.0;9.5;69.59453125000002;1.0;95.74531250000003
30622;2019-08-14 00:00:00;23:00;2019-08-14 23:00:00;;;12.1;9.8;26.150781250000005;0.0;26.150781250000005
30622;2019-08-14 00:00:00;20:00;2019-08-14 20:00:00;;5.0;14.6;9.9;26.150781250000005;0.0;26.150781250000005
30622;2019-08-14 00:00:00;17:00;2019-08-14 17:00:00;;;16.2;11.3;26.150781250000005;0.0;26.150781250000005
30622;2019-08-14 00:00:00;14:00;2019-08-14 14:00:00;;;12.7;10.9;26.150781250000005;0.0;26.150781250000005
30622;2019-08-14 00:00:00;11:00;2019-08-14 11:00:00;;;10.3;9.0;26.150781250000005;0.0;26.150781250000005
30622;2019-08-14 00:00:00;08:00;2019-08-14 08:00:00;;0.0;8.5;7.1;26.150781250000005;0.0;26.150781250000005
30622;2019-08-14 00:00:00;05:00;2019-08-14 05:00:00;;;6.3;5.2;26.150781250000005;0.0;26.150781250000005
30622;2019-08-14 00:00:00;02:00;2019-08-14 02:00:00;;;8.8;7.6;26.150781250000005;0.0;26.150781250000005
30622;2019-08-13 00:00:00;23:00;2019-08-13 23:00:00;;;10.8;8.5;71.84781250000002;8.0;595.5129687499999
30622;2019-08-13 00:00:00;20:00;2019-08-13 20:00:00;;1.0;16.0;9.0;71.84781250000002;8.0;595.5129687499999
30622;2019-08-13 00:00:00;17:00;2019-08-13 17:00:00;;;18.1;8.5;71.84781250000002;8.0;595.5129687499999
30622;2019-08-13 00:00:00;14:00;2019-08-13 14:00:00;;;20.5;7.3;71.84781250000002;8.0;595.5129687499999
30622;2019-08-13 00:00:00;11:00;2019-08-13 11:00:00;;;16.0;9.2;71.84781250000002;8.0;595.5129687499999
30622;2019-08-13 00:00:00;08:00;2019-08-13 08:00:00;;0.0;8.5;5.7;71.84781250000002;8.0;595.5129687499999
30622;2019-08-13 00:00:00;05:00;2019-08-13 05:00:00;;;5.5;3.9;71.84781250000002;8.0;595.5129687499999
30622;2019-08-13 00:00:00;02:00;2019-08-13 02:00:00;;;7.7;6.4;71.84781250000002;8.0;595.5129687499999
30622;2019-12-08 00:00:00;23:00;2019-12-08 23:00:00;;;8.9;7.3;105.93359375;1.0;252.55156249999996
30622;2019-12-08 00:00:00;20:00;2019-12-08 20:00:00;;0.0;16.6;7.9;105.93359375;1.0;252.55156249999996
30622;2019-12-08 00:00:00;17:00;2019-12-08 17:00:00;;;21.2;5.4;105.93359375;1.0;252.55156249999996
30622;2019-12-08 00:00:00;14:00;2019-12-08 14:00:00;;;19.0;6.7;105.93359375;1.0;252.55156249999996
30622;2019-12-08 00:00:00;11:00;2019-12-08 11:00:00;;;16.9;7.5;105.93359375;1.0;252.55156249999996
30622;2019-12-08 00:00:00;08:00;2019-12-08 08:00:00;;0.0;13.0;8.8;105.93359375;1.0;252.55156249999996
30622;2019-12-08 00:00:00;05:00;2019-12-08 05:00:00;;;9.4;7.3;105.93359375;1.0;252.55156249999996
30622;2019-12-08 00:00:00;02:00;2019-12-08 02:00:00;;;12.5;8.9;105.93359375;1.0;252.55156249999996
30622;2019-11-08 00:00:00;23:00;2019-11-08 23:00:00;;;13.6;9.0;57.8015625;0.0;57.8015625
30622;2019-11-08 00:00:00;20:00;2019-11-08 20:00:00;;6.0;14.4;10.8;57.8015625;0.0;57.8015625
30622;2019-11-08 00:00:00;17:00;2019-11-08 17:00:00;;;24.9;14.2;57.8015625;0.0;57.8015625
30622;2019-11-08 00:00:00;14:00;2019-11-08 14:00:00;;;20.3;15.9;57.8015625;0.0;57.8015625
30622;2019-11-08 00:00:00;11:00;2019-11-08 11:00:00;;;17.1;13.6;57.8015625;0.0;57.8015625
30622;2019-11-08 00:00:00;08:00;2019-11-08 08:00:00;;0.0;12.4;11.6;57.8015625;0.0;57.8015625
30622;2019-11-08 00:00:00;05:00;2019-11-08 05:00:00;;;11.4;10.5;57.8015625;0.0;57.8015625
30622;2019-11-08 00:00:00;02:00;2019-11-08 02:00:00;;;11.3;10.3;57.8015625;0.0;57.8015625
30622;2019-10-08 00:00:00;23:00;2019-10-08 23:00:00;;;14.2;12.5;66.70374999999999;8.0;210.31390624999995
30622;2019-10-08 00:00:00;20:00;2019-10-08 20:00:00;;0.0;21.3;14.0;66.70374999999999;8.0;210.31390624999995
30622;2019-10-08 00:00:00;17:00;2019-10-08 17:00:00;;;23.6;12.3;66.70374999999999;8.0;210.31390624999995
30622;2019-10-08 00:00:00;14:00;2019-10-08 14:00:00;;;19.8;12.9;66.70374999999999;8.0;210.31390624999995
30622;2019-10-08 00:00:00;11:00;2019-10-08 11:00:00;;;14.7;11.2;66.70374999999999;8.0;210.31390624999995
30622;2019-10-08 00:00:00;08:00;2019-10-08 08:00:00;;0.0;11.7;10.2;66.70374999999999;8.0;210.31390624999995
30622;2019-10-08 00:00:00;05:00;2019-10-08 05:00:00;;;9.0;8.0;66.70374999999999;8.0;210.31390624999995
30622;2019-10-08 00:00:00;02:00;2019-10-08 02:00:00;;;9.8;8.6;66.70374999999999;8.0;210.31390624999995
30622;2019-09-08 00:00:00;23:00;2019-09-08 23:00:00;;;12.6;10.3;126.67593750000005;3.0;587.6851562500001
30622;2019-09-08 00:00:00;20:00;2019-09-08 20:00:00;;0.0;20.5;11.3;126.67593750000005;3.0;587.6851562500001
30622;2019-09-08 00:00:00;17:00;2019-09-08 17:00:00;;;26.0;8.5;126.67593750000005;3.0;587.6851562500001
30622;2019-09-08 00:00:00;14:00;2019-09-08 14:00:00;;;23.9;10.8;126.67593750000005;3.0;587.6851562500001
30622;2019-09-08 00:00:00;11:00;2019-09-08 11:00:00;;;21.2;11.6;126.67593750000005;3.0;587.6851562500001
30622;2019-09-08 00:00:00;08:00;2019-09-08 08:00:00;;0.0;13.5;10.1;126.67593750000005;3.0;587.6851562500001
30622;2019-09-08 00:00:00;05:00;2019-09-08 05:00:00;;;9.8;8.6;126.67593750000005;3.0;587.6851562500001
30622;2019-09-08 00:00:00;02:00;2019-09-08 02:00:00;;;11.8;9.9;126.67593750000005;3.0;587.6851562500001
30622;2019-08-08 00:00:00;23:00;2019-08-08 23:00:00;;;16.7;10.7;111.80687499999999;3.0;520.4178125
30622;2019-08-08 00:00:00;20:00;2019-08-08 20:00:00;;0.0;19.3;10.8;111.80687499999999;3.0;520.4178125
30622;2019-08-08 00:00:00;17:00;2019-08-08 17:00:00;;;23.4;9.2;111.80687499999999;3.0;520.4178125
30622;2019-08-08 00:00:00;14:00;2019-08-08 14:00:00;;;22.8;9.2;111.80687499999999;3.0;520.4178125
30622;2019-08-08 00:00:00;11:00;2019-08-08 11:00:00;;;17.5;8.0;111.80687499999999;3.0;520.4178125
30622;2019-08-08 00:00:00;08:00;2019-08-08 08:00:00;;0.0;9.4;6.6;111.80687499999999;3.0;520.4178125
30622;2019-08-08 00:00:00;05:00;2019-08-08 05:00:00;;;6.3;5.2;111.80687499999999;3.0;520.4178125
30622;2019-08-08 00:00:00;02:00;2019-08-08 02:00:00;;;8.4;6.3;111.80687499999999;3.0;520.4178125
30622;2019-07-08 00:00:00;23:00;2019-07-08 23:00:00;;;11.9;7.8;128.72390625;12.0;813.4353125
30622;2019-07-08 00:00:00;20:00;2019-07-08 20:00:00;;0.0;21.6;8.2;128.72390625;12.0;813.4353125
30622;2019-07-08 00:00:00;17:00;2019-07-08 17:00:00;;;24.7;2.0;128.72390625;12.0;813.4353125
30622;2019-07-08 00:00:00;14:00;2019-07-08 14:00:00;;;22.6;7.2;128.72390625;12.0;813.4353125
30622;2019-07-08 00:00:00;11:00;2019-07-08 11:00:00;;;16.1;6.3;128.72390625;12.0;813.4353125
30622;2019-07-08 00:00:00;08:00;2019-07-08 08:00:00;;0.0;7.4;4.6;128.72390625;12.0;813.4353125
30622;2019-07-08 00:00:00;05:00;2019-07-08 05:00:00;;;4.1;3.0;128.72390625;12.0;813.4353125
30622;2019-07-08 00:00:00;02:00;2019-07-08 02:00:00;;;6.5;4.1;128.72390625;12.0;813.4353125
30622;2019-06-08 00:00:00;23:00;2019-06-08 23:00:00;;;10.9;6.1;191.79093750000004;11.0;801.0714062500001
30622;2019-06-08 00:00:00;20:00;2019-06-08 20:00:00;;0.0;20.9;1.7;191.79093750000004;11.0;801.0714062500001
30622;2019-06-08 00:00:00;17:00;2019-06-08 17:00:00;;;25.5;1.3;191.79093750000004;11.0;801.0714062500001
30622;2019-06-08 00:00:00;14:00;2019-06-08 14:00:00;;;25.7;4.1;191.79093750000004;11.0;801.0714062500001
30622;2019-06-08 00:00:00;11:00;2019-06-08 11:00:00;;;23.2;8.8;191.79093750000004;11.0;801.0714062500001
30622;2019-06-08 00:00:00;08:00;2019-06-08 08:00:00;;0.0;12.3;9.8;191.79093750000004;11.0;801.0714062500001
30622;2019-06-08 00:00:00;05:00;2019-06-08 05:00:00;;;8.5;7.4;191.79093750000004;11.0;801.0714062500001
30622;2019-06-08 00:00:00;02:00;2019-06-08 02:00:00;;;10.3;8.7;191.79093750000004;11.0;801.0714062500001
30622;2019-05-08 00:00:00;23:00;2019-05-08 23:00:00;;;13.3;10.3;126.02296875000002;29.0;653.4695312499998
30622;2019-05-08 00:00:00;20:00;2019-05-08 20:00:00;;0.0;22.6;10.2;126.02296875000002;29.0;653.4695312499998
30622;2019-05-08 00:00:00;17:00;2019-05-08 17:00:00;;;26.3;7.2;126.02296875000002;29.0;653.4695312499998
30622;2019-05-08 00:00:00;14:00;2019-05-08 14:00:00;;;23.9;10.6;126.02296875000002;29.0;653.4695312499998
30622;2019-05-08 00:00:00;11:00;2019-05-08 11:00:00;;;18.3;11.0;126.02296875000002;29.0;653.4695312499998
30622;2019-05-08 00:00:00;08:00;2019-05-08 08:00:00;;0.0;11.3;10.4;126.02296875000002;29.0;653.4695312499998
30622;2019-05-08 00:00:00;05:00;2019-05-08 05:00:00;;;9.7;8.9;126.02296875000002;29.0;653.4695312499998
30622;2019-05-08 00:00:00;02:00;2019-05-08 02:00:00;;;13.9;12.8;126.02296875000002;29.0;653.4695312499998
30622;2019-04-08 00:00:00;23:00;2019-04-08 23:00:00;;;17.2;15.1;126.7875;0.0;126.7875
30622;2019-04-08 00:00:00;20:00;2019-04-08 20:00:00;;0.3;21.8;15.2;126.7875;0.0;126.7875
30622;2019-04-08 00:00:00;17:00;2019-04-08 17:00:00;;;26.1;14.9;126.7875;0.0;126.7875
30622;2019-04-08 00:00:00;14:00;2019-04-08 14:00:00;;;29.2;13.8;126.7875;0.0;126.7875
30622;2019-04-08 00:00:00;11:00;2019-04-08 11:00:00;;;24.7;15.5;126.7875;0.0;126.7875
30622;2019-04-08 00:00:00;08:00;2019-04-08 08:00:00;;3.0;16.9;14.4;126.7875;0.0;126.7875
30622;2019-04-08 00:00:00;05:00;2019-04-08 05:00:00;;;14.6;13.7;126.7875;0.0;126.7875
30622;2019-04-08 00:00:00;02:00;2019-04-08 02:00:00;;;15.1;14.0;126.7875;0.0;126.7875
30622;2019-03-08 00:00:00;23:00;2019-03-08 23:00:00;;;18.5;17.2;123.921875;2.0;383.82390624999994
30622;2019-03-08 00:00:00;20:00;2019-03-08 20:00:00;;0.0;23.5;16.9;123.921875;2.0;383.82390624999994
30622;2019-03-08 00:00:00;17:00;2019-03-08 17:00:00;;;31.0;13.5;123.921875;2.0;383.82390624999994
30622;2019-03-08 00:00:00;14:00;2019-03-08 14:00:00;;;29.1;14.4;123.921875;2.0;383.82390624999994
30622;2019-03-08 00:00:00;11:00;2019-03-08 11:00:00;;;18.8;13.1;123.921875;2.0;383.82390624999994
30622;2019-03-08 00:00:00;08:00;2019-03-08 08:00:00;;0.0;13.6;10.2;123.921875;2.0;383.82390624999994
30622;2019-03-08 00:00:00;05:00;2019-03-08 05:00:00;;;9.1;8.1;123.921875;2.0;383.82390624999994
30622;2019-03-08 00:00:00;02:00;2019-03-08 02:00:00;;;10.4;9.1;123.921875;2.0;383.82390624999994
30622;2019-02-08 00:00:00;23:00;2019-02-08 23:00:00;;;14.4;11.5;120.04062499999999;33.0;-882.7712149234694
30622;2019-02-08 00:00:00;20:00;2019-02-08 20:00:00;;0.0;22.2;11.6;120.04062499999999;33.0;-882.7712149234694
30622;2019-02-08 00:00:00;17:00;2019-02-08 17:00:00;;;25.9;7.7;120.04062499999999;33.0;-882.7712149234694
30622;2019-02-08 00:00:00;14:00;2019-02-08 14:00:00;;;24.6;10.1;120.04062499999999;33.0;-882.7712149234694
30622;2019-02-08 00:00:00;11:00;2019-02-08 11:00:00;;;18.0;13.8;120.04062499999999;33.0;-882.7712149234694
30622;2019-02-08 00:00:00;08:00;2019-02-08 08:00:00;;0.0;12.8;11.9;120.04062499999999;33.0;-882.7712149234694
30622;2019-02-08 00:00:00;05:00;2019-02-08 05:00:00;;;12.5;11.4;120.04062499999999;33.0;-882.7712149234694
30622;2019-02-08 00:00:00;02:00;2019-02-08 02:00:00;;;13.2;12.1;120.04062499999999;33.0;-882.7712149234694
30622;2019-01-08 00:00:00;23:00;2019-01-08 23:00:00;;;15.1;12.9;72.29062500000003;2.0;300.26531250000005
30622;2019-01-08 00:00:00;20:00;2019-01-08 20:00:00;;2.0;22.3;13.0;72.29062500000003;2.0;300.26531250000005
30622;2019-01-08 00:00:00;17:00;2019-01-08 17:00:00;;;25.6;14.4;72.29062500000003;2.0;300.26531250000005
30622;2019-01-08 00:00:00;14:00;2019-01-08 14:00:00;;;22.1;16.9;72.29062500000003;2.0;300.26531250000005
30622;2019-01-08 00:00:00;11:00;2019-01-08 11:00:00;;;16.6;14.3;72.29062500000003;2.0;300.26531250000005
30622;2019-01-08 00:00:00;08:00;2019-01-08 08:00:00;;0.0;13.6;12.7;72.29062500000003;2.0;300.26531250000005
30622;2019-01-08 00:00:00;05:00;2019-01-08 05:00:00;;;12.3;11.4;72.29062500000003;2.0;300.26531250000005
30622;2019-01-08 00:00:00;02:00;2019-01-08 02:00:00;;;12.6;11.6;72.29062500000003;2.0;300.26531250000005
30622;2019-07-31 00:00:00;23:00;2019-07-31 23:00:00;;;14.6;13.3;69.58187499999998;2.0;253.6746875
30622;2019-07-31 00:00:00;20:00;2019-07-31 20:00:00;;0.0;20.6;14.2;69.58187499999998;2.0;253.6746875
30622;2019-07-31 00:00:00;17:00;2019-07-31 17:00:00;;;24.1;14.8;69.58187499999998;2.0;253.6746875
30622;2019-07-31 00:00:00;14:00;2019-07-31 14:00:00;;;22.4;14.5;69.58187499999998;2.0;253.6746875
30622;2019-07-31 00:00:00;11:00;2019-07-31 11:00:00;;;15.9;13.8;69.58187499999998;2.0;253.6746875
30622;2019-07-31 00:00:00;08:00;2019-07-31 08:00:00;;0.0;13.3;12.2;69.58187499999998;2.0;253.6746875
30622;2019-07-31 00:00:00;05:00;2019-07-31 05:00:00;;;12.5;11.3;69.58187499999998;2.0;253.6746875
30622;2019-07-31 00:00:00;02:00;2019-07-31 02:00:00;;;16.2;13.6;69.58187499999998;2.0;253.6746875
30622;2019-07-30 00:00:00;23:00;2019-07-30 23:00:00;;;18.9;14.1;117.48343750000004;1.0;184.09281250000004
30622;2019-07-30 00:00:00;20:00;2019-07-30 20:00:00;;0.0;21.4;14.4;117.48343750000004;1.0;184.09281250000004
30622;2019-07-30 00:00:00;17:00;2019-07-30 17:00:00;;;24.8;14.9;117.48343750000004;1.0;184.09281250000004
30622;2019-07-30 00:00:00;14:00;2019-07-30 14:00:00;;;23.8;14.4;117.48343750000004;1.0;184.09281250000004
30622;2019-07-30 00:00:00;11:00;2019-07-30 11:00:00;;;19.7;13.5;117.48343750000004;1.0;184.09281250000004
30622;2019-07-30 00:00:00;08:00;2019-07-30 08:00:00;;0.0;15.9;12.6;117.48343750000004;1.0;184.09281250000004
30622;2019-07-30 00:00:00;05:00;2019-07-30 05:00:00;;;15.5;12.5;117.48343750000004;1.0;184.09281250000004
30622;2019-07-30 00:00:00;02:00;2019-07-30 02:00:00;;;17.3;13.1;117.48343750000004;1.0;184.09281250000004
30622;2019-07-29 00:00:00;23:00;2019-07-29 23:00:00;;;18.7;14.8;66.60937500000001;0.0;66.60937500000001
30622;2019-07-29 00:00:00;20:00;2019-07-29 20:00:00;;0.0;21.0;15.2;66.60937500000001;0.0;66.60937500000001
30622;2019-07-29 00:00:00;17:00;2019-07-29 17:00:00;;;20.1;14.5;66.60937500000001;0.0;66.60937500000001
30622;2019-07-29 00:00:00;14:00;2019-07-29 14:00:00;;;19.2;14.4;66.60937500000001;0.0;66.60937500000001
30622;2019-07-29 00:00:00;11:00;2019-07-29 11:00:00;;;17.3;14.1;66.60937500000001;0.0;66.60937500000001
30622;2019-07-29 00:00:00;08:00;2019-07-29 08:00:00;;12.0;16.5;13.9;66.60937500000001;0.0;66.60937500000001
30622;2019-07-29 00:00:00;05:00;2019-07-29 05:00:00;;;16.3;14.1;66.60937500000001;0.0;66.60937500000001
30622;2019-07-29 00:00:00;02:00;2019-07-29 02:00:00;;;15.9;14.6;66.60937500000001;0.0;66.60937500000001
30622;2019-07-28 00:00:00;23:00;2019-07-28 23:00:00;;;16.4;14.8;64.19312499999998;5.0;750.7753124999999
30622;2019-07-28 00:00:00;20:00;2019-07-28 20:00:00;;0.7;18.1;14.4;64.19312499999998;5.0;750.7753124999999
30622;2019-07-28 00:00:00;17:00;2019-07-28 17:00:00;;;19.9;14.8;64.19312499999998;5.0;750.7753124999999
30622;2019-07-28 00:00:00;14:00;2019-07-28 14:00:00;;;21.0;15.5;64.19312499999998;5.0;750.7753124999999
30622;2019-07-28 00:00:00;11:00;2019-07-28 11:00:00;;;21.8;16.5;64.19312499999998;5.0;750.7753124999999
30622;2019-07-28 00:00:00;08:00;2019-07-28 08:00:00;;2.0;19.0;16.5;64.19312499999998;5.0;750.7753124999999
30622;2019-07-28 00:00:00;05:00;2019-07-28 05:00:00;;;17.3;15.7;64.19312499999998;5.0;750.7753124999999
30622;2019-07-28 00:00:00;02:00;2019-07-28 02:00:00;;;18.1;16.3;64.19312499999998;5.0;750.7753124999999
30622;2019-07-27 00:00:00;23:00;2019-07-27 23:00:00;;;19.3;16.7;82.04437499999997;4.0;686.5821874999999
30622;2019-07-27 00:00:00;20:00;2019-07-27 20:00:00;;0.3;21.3;17.0;82.04437499999997;4.0;686.5821874999999
30622;2019-07-27 00:00:00;17:00;2019-07-27 17:00:00;;;22.0;17.0;82.04437499999997;4.0;686.5821874999999
30622;2019-07-27 00:00:00;14:00;2019-07-27 14:00:00;;;26.2;14.2;82.04437499999997;4.0;686.5821874999999
30622;2019-07-27 00:00:00;11:00;2019-07-27 11:00:00;;;22.1;17.2;82.04437499999997;4.0;686.5821874999999
30622;2019-07-27 00:00:00;08:00;2019-07-27 08:00:00;;0.4;17.6;15.6;82.04437499999997;4.0;686.5821874999999
30622;2019-07-27 00:00:00;05:00;2019-07-27 05:00:00;;;15.5;14.5;82.04437499999997;4.0;686.5821874999999
30622;2019-07-27 00:00:00;02:00;2019-07-27 02:00:00;;;15.6;14.5;82.04437499999997;4.0;686.5821874999999
30622;2019-07-26 00:00:00;23:00;2019-07-26 23:00:00;;;19.8;16.5;172.66781249999997;3.0;604.5378125
30622;2019-07-26 00:00:00;20:00;2019-07-26 20:00:00;;0.0;23.0;14.7;172.66781249999997;3.0;604.5378125
30622;2019-07-26 00:00:00;17:00;2019-07-26 17:00:00;;;30.0;13.3;172.66781249999997;3.0;604.5378125
30622;2019-07-26 00:00:00;14:00;2019-07-26 14:00:00;;;28.5;12.5;172.66781249999997;3.0;604.5378125
30622;2019-07-26 00:00:00;11:00;2019-07-26 11:00:00;;;22.1;12.5;172.66781249999997;3.0;604.5378125
30622;2019-07-26 00:00:00;08:00;2019-07-26 08:00:00;;0.0;16.8;11.7;172.66781249999997;3.0;604.5378125
30622;2019-07-26 00:00:00;05:00;2019-07-26 05:00:00;;;14.2;10.5;172.66781249999997;3.0;604.5378125
30622;2019-07-26 00:00:00;02:00;2019-07-26 02:00:00;;;13.8;10.8;172.66781249999997;3.0;604.5378125
30622;2019-07-25 00:00:00;23:00;2019-07-25 23:00:00;;;16.2;11.1;207.43937500000004;2.0;431.87
30622;2019-07-25 00:00:00;20:00;2019-07-25 20:00:00;;0.0;25.7;7.0;207.43937500000004;2.0;431.87
30622;2019-07-25 00:00:00;17:00;2019-07-25 17:00:00;;;28.5;5.8;207.43937500000004;2.0;431.87
30622;2019-07-25 00:00:00;14:00;2019-07-25 14:00:00;;;27.6;7.1;207.43937500000004;2.0;431.87
30622;2019-07-25 00:00:00;11:00;2019-07-25 11:00:00;;;24.0;12.6;207.43937500000004;2.0;431.87
30622;2019-07-25 00:00:00;08:00;2019-07-25 08:00:00;;0.0;14.5;10.6;207.43937500000004;2.0;431.87
30622;2019-07-25 00:00:00;05:00;2019-07-25 05:00:00;;;9.3;8.4;207.43937500000004;2.0;431.87
30622;2019-07-25 00:00:00;02:00;2019-07-25 02:00:00;;;11.5;10.3;207.43937500000004;2.0;431.87
30622;2019-07-24 00:00:00;23:00;2019-07-24 23:00:00;;;15.5;12.4;167.10687500000003;1.0;224.430625
30622;2019-07-24 00:00:00;20:00;2019-07-24 20:00:00;;0.0;24.6;11.1;167.10687500000003;1.0;224.430625
30622;2019-07-24 00:00:00;17:00;2019-07-24 17:00:00;;;27.8;8.0;167.10687500000003;1.0;224.430625
30622;2019-07-24 00:00:00;14:00;2019-07-24 14:00:00;;;26.3;9.1;167.10687500000003;1.0;224.430625
30622;2019-07-24 00:00:00;11:00;2019-07-24 11:00:00;;;22.7;17.2;167.10687500000003;1.0;224.430625
30622;2019-07-24 00:00:00;08:00;2019-07-24 08:00:00;;0.4;17.8;16.3;167.10687500000003;1.0;224.430625
30622;2019-07-24 00:00:00;05:00;2019-07-24 05:00:00;;;17.4;16.4;167.10687500000003;1.0;224.430625
30622;2019-07-24 00:00:00;02:00;2019-07-24 02:00:00;;;18.2;17.0;167.10687500000003;1.0;224.430625
30622;2019-07-23 00:00:00;23:00;2019-07-23 23:00:00;;;18.5;17.3;57.32374999999997;0.0;57.32374999999997
30622;2019-07-23 00:00:00;20:00;2019-07-23 20:00:00;;4.0;19.5;18.1;57.32374999999997;0.0;57.32374999999997
30622;2019-07-23 00:00:00;17:00;2019-07-23 17:00:00;;;20.6;17.8;57.32374999999997;0.0;57.32374999999997
30622;2019-07-23 00:00:00;14:00;2019-07-23 14:00:00;;;25.8;15.1;57.32374999999997;0.0;57.32374999999997
30622;2019-07-23 00:00:00;11:00;2019-07-23 11:00:00;;;21.6;16.2;57.32374999999997;0.0;57.32374999999997
30622;2019-07-23 00:00:00;08:00;2019-07-23 08:00:00;;0.0;16.3;15.5;57.32374999999997;0.0;57.32374999999997
30622;2019-07-23 00:00:00;05:00;2019-07-23 05:00:00;;;15.1;14.2;57.32374999999997;0.0;57.32374999999997
30622;2019-07-23 00:00:00;02:00;2019-07-23 02:00:00;;;14.2;13.2;57.32374999999997;0.0;57.32374999999997
30622;2019-07-22 00:00:00;23:00;2019-07-22 23:00:00;;;17.4;15.8;93.24281249999997;0.0;93.24281249999997
30622;2019-07-22 00:00:00;20:00;2019-07-22 20:00:00;;5.0;19.5;17.1;93.24281249999997;0.0;93.24281249999997
30622;2019-07-22 00:00:00;17:00;2019-07-22 17:00:00;;;28.7;12.4;93.24281249999997;0.0;93.24281249999997
30622;2019-07-22 00:00:00;14:00;2019-07-22 14:00:00;;;26.9;14.2;93.24281249999997;0.0;93.24281249999997
30622;2019-07-22 00:00:00;11:00;2019-07-22 11:00:00;;;18.3;15.2;93.24281249999997;0.0;93.24281249999997
30622;2019-07-22 00:00:00;08:00;2019-07-22 08:00:00;;0.0;15.0;14.2;93.24281249999997;0.0;93.24281249999997
30622;2019-07-22 00:00:00;05:00;2019-07-22 05:00:00;;;14.2;13.3;93.24281249999997;0.0;93.24281249999997
30622;2019-07-22 00:00:00;02:00;2019-07-22 02:00:00;;;14.2;13.3;93.24281249999997;0.0;93.24281249999997
30622;2019-07-21 00:00:00;23:00;2019-07-21 23:00:00;;;15.6;14.4;78.48328125000002;4.0;496.39859375000003
30622;2019-07-21 00:00:00;20:00;2019-07-21 20:00:00;;0.4;20.4;16.6;78.48328125000002;4.0;496.39859375000003
30622;2019-07-21 00:00:00;17:00;2019-07-21 17:00:00;;;21.9;14.5;78.48328125000002;4.0;496.39859375000003
30622;2019-07-21 00:00:00;14:00;2019-07-21 14:00:00;;;24.6;15.2;78.48328125000002;4.0;496.39859375000003
30622;2019-07-21 00:00:00;11:00;2019-07-21 11:00:00;;;21.6;14.2;78.48328125000002;4.0;496.39859375000003
30622;2019-07-21 00:00:00;08:00;2019-07-21 08:00:00;;0.0;16.2;13.9;78.48328125000002;4.0;496.39859375000003
30622;2019-07-21 00:00:00;05:00;2019-07-21 05:00:00;;;12.8;11.8;78.48328125000002;4.0;496.39859375000003
30622;2019-07-21 00:00:00;02:00;2019-07-21 02:00:00;;;14.2;12.6;78.48328125000002;4.0;496.39859375000003
30622;2019-07-20 00:00:00;23:00;2019-07-20 23:00:00;;;16.5;13.6;128.296875;3.0;417.9153125
30622;2019-07-20 00:00:00;20:00;2019-07-20 20:00:00;;0.0;21.1;14.7;128.296875;3.0;417.9153125
30622;2019-07-20 00:00:00;17:00;2019-07-20 17:00:00;;;24.3;14.1;128.296875;3.0;417.9153125
30622;2019-07-20 00:00:00;14:00;2019-07-20 14:00:00;;;24.7;12.7;128.296875;3.0;417.9153125
30622;2019-07-20 00:00:00;11:00;2019-07-20 11:00:00;;;21.4;13.9;128.296875;3.0;417.9153125
30622;2019-07-20 00:00:00;08:00;2019-07-20 08:00:00;;0.0;17.6;13.2;128.296875;3.0;417.9153125
30622;2019-07-20 00:00:00;05:00;2019-07-20 05:00:00;;;17.1;13.6;128.296875;3.0;417.9153125
30622;2019-07-20 00:00:00;02:00;2019-07-20 02:00:00;;;18.3;14.2;128.296875;3.0;417.9153125
30622;2019-07-19 00:00:00;23:00;2019-07-19 23:00:00;;;20.5;15.2;118.36749999999996;2.0;289.6184375
30622;2019-07-19 00:00:00;20:00;2019-07-19 20:00:00;;0.0;24.8;13.4;118.36749999999996;2.0;289.6184375
30622;2019-07-19 00:00:00;17:00;2019-07-19 17:00:00;;;26.0;15.4;118.36749999999996;2.0;289.6184375
30622;2019-07-19 00:00:00;14:00;2019-07-19 14:00:00;;;25.7;16.0;118.36749999999996;2.0;289.6184375
30622;2019-07-19 00:00:00;11:00;2019-07-19 11:00:00;;;22.5;17.1;118.36749999999996;2.0;289.6184375
30622;2019-07-19 00:00:00;08:00;2019-07-19 08:00:00;;0.0;16.3;15.5;118.36749999999996;2.0;289.6184375
30622;2019-07-19 00:00:00;05:00;2019-07-19 05:00:00;;;15.8;14.9;118.36749999999996;2.0;289.6184375
30622;2019-07-19 00:00:00;02:00;2019-07-19 02:00:00;;;16.0;14.9;118.36749999999996;2.0;289.6184375
30622;2019-07-18 00:00:00;23:00;2019-07-18 23:00:00;;;19.3;17.4;53.93500000000001;1.0;171.25093750000005
30622;2019-07-18 00:00:00;20:00;2019-07-18 20:00:00;;2.0;21.5;17.6;53.93500000000001;1.0;171.25093750000005
30622;2019-07-18 00:00:00;17:00;2019-07-18 17:00:00;;;22.5;17.7;53.93500000000001;1.0;171.25093750000005
30622;2019-07-18 00:00:00;14:00;2019-07-18 14:00:00;;;20.1;17.0;53.93500000000001;1.0;171.25093750000005
30622;2019-07-18 00:00:00;11:00;2019-07-18 11:00:00;;;21.3;17.1;53.93500000000001;1.0;171.25093750000005
30622;2019-07-18 00:00:00;08:00;2019-07-18 08:00:00;;0.0;17.8;15.9;53.93500000000001;1.0;171.25093750000005
30622;2019-07-18 00:00:00;05:00;2019-07-18 05:00:00;;;15.0;13.7;53.93500000000001;1.0;171.25093750000005
30622;2019-07-18 00:00:00;02:00;2019-07-18 02:00:00;;;16.6;15.3;53.93500000000001;1.0;171.25093750000005
30622;2019-07-17 00:00:00;23:00;2019-07-17 23:00:00;;;19.3;16.6;117.31593750000003;0.0;117.31593750000003
30622;2019-07-17 00:00:00;20:00;2019-07-17 20:00:00;;0.0;26.8;15.6;117.31593750000003;0.0;117.31593750000003
30622;2019-07-17 00:00:00;17:00;2019-07-17 17:00:00;;;28.6;15.5;117.31593750000003;0.0;117.31593750000003
30622;2019-07-17 00:00:00;14:00;2019-07-17 14:00:00;;;25.9;17.2;117.31593750000003;0.0;117.31593750000003
30622;2019-07-17 00:00:00;11:00;2019-07-17 11:00:00;;;21.5;16.5;117.31593750000003;0.0;117.31593750000003
30622;2019-07-17 00:00:00;08:00;2019-07-17 08:00:00;;11.0;17.0;16.2;117.31593750000003;0.0;117.31593750000003
30622;2019-07-17 00:00:00;05:00;2019-07-17 05:00:00;;;17.0;16.0;117.31593750000003;0.0;117.31593750000003
30622;2019-07-17 00:00:00;02:00;2019-07-17 02:00:00;;;17.3;16.5;117.31593750000003;0.0;117.31593750000003
30622;2019-07-16 00:00:00;23:00;2019-07-16 23:00:00;;;18.0;16.5;63.57203124999995;7.0;481.96953125000005
30622;2019-07-16 00:00:00;20:00;2019-07-16 20:00:00;;0.0;19.8;16.6;63.57203124999995;7.0;481.96953125000005
30622;2019-07-16 00:00:00;17:00;2019-07-16 17:00:00;;;21.5;16.8;63.57203124999995;7.0;481.96953125000005
30622;2019-07-16 00:00:00;14:00;2019-07-16 14:00:00;;;22.4;15.8;63.57203124999995;7.0;481.96953125000005
30622;2019-07-16 00:00:00;11:00;2019-07-16 11:00:00;;;19.6;16.3;63.57203124999995;7.0;481.96953125000005
30622;2019-07-16 00:00:00;08:00;2019-07-16 08:00:00;;0.4;18.2;16.2;63.57203124999995;7.0;481.96953125000005
30622;2019-07-16 00:00:00;05:00;2019-07-16 05:00:00;;;17.2;15.3;63.57203124999995;7.0;481.96953125000005
30622;2019-07-16 00:00:00;02:00;2019-07-16 02:00:00;;;18.0;14.9;63.57203124999995;7.0;481.96953125000005
30622;2019-07-15 00:00:00;23:00;2019-07-15 23:00:00;;;20.3;14.9;152.71875;6.0;418.3975000000001
30622;2019-07-15 00:00:00;20:00;2019-07-15 20:00:00;;0.0;25.0;14.2;152.71875;6.0;418.3975000000001
30622;2019-07-15 00:00:00;17:00;2019-07-15 17:00:00;;;28.0;11.7;152.71875;6.0;418.3975000000001
30622;2019-07-15 00:00:00;14:00;2019-07-15 14:00:00;;;24.9;9.6;152.71875;6.0;418.3975000000001
30622;2019-07-15 00:00:00;11:00;2019-07-15 11:00:00;;;18.4;14.0;152.71875;6.0;418.3975000000001
30622;2019-07-15 00:00:00;08:00;2019-07-15 08:00:00;;0.0;16.0;12.3;152.71875;6.0;418.3975000000001
30622;2019-07-15 00:00:00;05:00;2019-07-15 05:00:00;;;14.1;12.3;152.71875;6.0;418.3975000000001
30622;2019-07-15 00:00:00;02:00;2019-07-15 02:00:00;;;16.2;13.9;152.71875;6.0;418.3975000000001
30622;2019-07-14 00:00:00;23:00;2019-07-14 23:00:00;;;19.5;14.9;160.99421875;5.0;265.6787500000001
30622;2019-07-14 00:00:00;20:00;2019-07-14 20:00:00;;0.0;24.2;13.0;160.99421875;5.0;265.6787500000001
30622;2019-07-14 00:00:00;17:00;2019-07-14 17:00:00;;;27.3;8.3;160.99421875;5.0;265.6787500000001
30622;2019-07-14 00:00:00;14:00;2019-07-14 14:00:00;;;25.7;9.3;160.99421875;5.0;265.6787500000001
30622;2019-07-14 00:00:00;11:00;2019-07-14 11:00:00;;;22.1;12.1;160.99421875;5.0;265.6787500000001
30622;2019-07-14 00:00:00;08:00;2019-07-14 08:00:00;;0.0;14.0;10.2;160.99421875;5.0;265.6787500000001
30622;2019-07-14 00:00:00;05:00;2019-07-14 05:00:00;;;8.8;7.8;160.99421875;5.0;265.6787500000001
30622;2019-07-14 00:00:00;02:00;2019-07-14 02:00:00;;;11.5;10.2;160.99421875;5.0;265.6787500000001
30622;2019-07-13 00:00:00;23:00;2019-07-13 23:00:00;;;15.8;12.1;185.24;4.0;104.68453125000009
30622;2019-07-13 00:00:00;20:00;2019-07-13 20:00:00;;0.0;24.6;10.1;185.24;4.0;104.68453125000009
30622;2019-07-13 00:00:00;17:00;2019-07-13 17:00:00;;;27.2;8.8;185.24;4.0;104.68453125000009
30622;2019-07-13 00:00:00;14:00;2019-07-13 14:00:00;;;24.9;13.3;185.24;4.0;104.68453125000009
30622;2019-07-13 00:00:00;11:00;2019-07-13 11:00:00;;;21.9;13.0;185.24;4.0;104.68453125000009
30622;2019-07-13 00:00:00;08:00;2019-07-13 08:00:00;;0.0;18.7;11.9;185.24;4.0;104.68453125000009
30622;2019-07-13 00:00:00;05:00;2019-07-13 05:00:00;;;17.0;14.6;185.24;4.0;104.68453125000009
30622;2019-07-13 00:00:00;02:00;2019-07-13 02:00:00;;;18.3;14.2;185.24;4.0;104.68453125000009
30622;2019-12-07 00:00:00;23:00;2019-12-07 23:00:00;;;19.5;15.5;146.61796874999996;0.0;146.61796874999996
30622;2019-12-07 00:00:00;20:00;2019-12-07 20:00:00;;12.0;20.3;17.5;146.61796874999996;0.0;146.61796874999996
30622;2019-12-07 00:00:00;17:00;2019-12-07 17:00:00;;;24.8;17.8;146.61796874999996;0.0;146.61796874999996
30622;2019-12-07 00:00:00;14:00;2019-12-07 14:00:00;;;28.9;16.2;146.61796874999996;0.0;146.61796874999996
30622;2019-12-07 00:00:00;11:00;2019-12-07 11:00:00;;;25.8;16.7;146.61796874999996;0.0;146.61796874999996
30622;2019-12-07 00:00:00;08:00;2019-12-07 08:00:00;;5.0;19.2;15.2;146.61796874999996;0.0;146.61796874999996
30622;2019-12-07 00:00:00;05:00;2019-12-07 05:00:00;;;20.3;15.0;146.61796874999996;0.0;146.61796874999996
30622;2019-12-07 00:00:00;02:00;2019-12-07 02:00:00;;;22.7;15.9;146.61796874999996;0.0;146.61796874999996
30622;2019-11-07 00:00:00;23:00;2019-11-07 23:00:00;;;24.3;15.7;178.54687500000006;1.0;251.33281250000005
30622;2019-11-07 00:00:00;20:00;2019-11-07 20:00:00;;0.0;17.4;15.9;178.54687500000006;1.0;251.33281250000005
30622;2019-11-07 00:00:00;17:00;2019-11-07 17:00:00;;;31.2;12.4;178.54687500000006;1.0;251.33281250000005
30622;2019-11-07 00:00:00;14:00;2019-11-07 14:00:00;;;31.7;13.4;178.54687500000006;1.0;251.33281250000005
30622;2019-11-07 00:00:00;11:00;2019-11-07 11:00:00;;;26.1;15.1;178.54687500000006;1.0;251.33281250000005
30622;2019-11-07 00:00:00;08:00;2019-11-07 08:00:00;;0.0;18.7;14.0;178.54687500000006;1.0;251.33281250000005
30622;2019-11-07 00:00:00;05:00;2019-11-07 05:00:00;;;11.9;11.1;178.54687500000006;1.0;251.33281250000005
30622;2019-11-07 00:00:00;02:00;2019-11-07 02:00:00;;;14.5;13.2;178.54687500000006;1.0;251.33281250000005
30622;2019-10-07 00:00:00;23:00;2019-10-07 23:00:00;;;18.5;15.0;139.59000000000006;7.0;143.61015624999996
30622;2019-10-07 00:00:00;20:00;2019-10-07 20:00:00;;0.0;26.1;15.0;139.59000000000006;7.0;143.61015624999996
30622;2019-10-07 00:00:00;17:00;2019-10-07 17:00:00;;;27.3;14.3;139.59000000000006;7.0;143.61015624999996
30622;2019-10-07 00:00:00;14:00;2019-10-07 14:00:00;;;27.3;14.0;139.59000000000006;7.0;143.61015624999996
30622;2019-10-07 00:00:00;11:00;2019-10-07 11:00:00;;;21.1;15.8;139.59000000000006;7.0;143.61015624999996
30622;2019-10-07 00:00:00;08:00;2019-10-07 08:00:00;;2.0;18.3;16.0;139.59000000000006;7.0;143.61015624999996
30622;2019-10-07 00:00:00;05:00;2019-10-07 05:00:00;;;16.9;15.3;139.59000000000006;7.0;143.61015624999996
30622;2019-10-07 00:00:00;02:00;2019-10-07 02:00:00;;;17.3;15.7;139.59000000000006;7.0;143.61015624999996
30622;2019-09-07 00:00:00;23:00;2019-09-07 23:00:00;;;20.5;15.5;186.13765625000002;2.0;461.00921875
30622;2019-09-07 00:00:00;20:00;2019-09-07 20:00:00;;0.0;24.9;14.6;186.13765625000002;2.0;461.00921875
30622;2019-09-07 00:00:00;17:00;2019-09-07 17:00:00;;;30.1;13.4;186.13765625000002;2.0;461.00921875
30622;2019-09-07 00:00:00;14:00;2019-09-07 14:00:00;;;27.6;14.5;186.13765625000002;2.0;461.00921875
30622;2019-09-07 00:00:00;11:00;2019-09-07 11:00:00;;;23.4;12.6;186.13765625000002;2.0;461.00921875
30622;2019-09-07 00:00:00;08:00;2019-09-07 08:00:00;;0.0;17.6;11.4;186.13765625000002;2.0;461.00921875
30622;2019-09-07 00:00:00;05:00;2019-09-07 05:00:00;;;13.5;11.4;186.13765625000002;2.0;461.00921875
30622;2019-09-07 00:00:00;02:00;2019-09-07 02:00:00;;;15.3;10.6;186.13765625000002;2.0;461.00921875
30622;2019-08-07 00:00:00;23:00;2019-08-07 23:00:00;;;15.2;10.3;179.3125;2.0;408.6109375
30622;2019-08-07 00:00:00;20:00;2019-08-07 20:00:00;;0.0;27.3;6.7;179.3125;2.0;408.6109375
30622;2019-08-07 00:00:00;17:00;2019-08-07 17:00:00;;;29.9;6.1;179.3125;2.0;408.6109375
30622;2019-08-07 00:00:00;14:00;2019-08-07 14:00:00;;;27.7;8.6;179.3125;2.0;408.6109375
30622;2019-08-07 00:00:00;11:00;2019-08-07 11:00:00;;;18.4;13.5;179.3125;2.0;408.6109375
30622;2019-08-07 00:00:00;08:00;2019-08-07 08:00:00;;0.0;11.9;11.2;179.3125;2.0;408.6109375
30622;2019-08-07 00:00:00;05:00;2019-08-07 05:00:00;;;11.0;10.3;179.3125;2.0;408.6109375
30622;2019-08-07 00:00:00;02:00;2019-08-07 02:00:00;;;10.6;9.8;179.3125;2.0;408.6109375
30622;2019-07-07 00:00:00;23:00;2019-07-07 23:00:00;;;13.3;11.9;99.54296875;11.0;684.71140625
30622;2019-07-07 00:00:00;20:00;2019-07-07 20:00:00;;0.0;21.7;12.4;99.54296875;11.0;684.71140625
30622;2019-07-07 00:00:00;17:00;2019-07-07 17:00:00;;;21.3;14.4;99.54296875;11.0;684.71140625
30622;2019-07-07 00:00:00;14:00;2019-07-07 14:00:00;;;22.3;14.2;99.54296875;11.0;684.71140625
30622;2019-07-07 00:00:00;11:00;2019-07-07 11:00:00;;;18.1;14.1;99.54296875;11.0;684.71140625
30622;2019-07-07 00:00:00;08:00;2019-07-07 08:00:00;;0.0;16.6;13.5;99.54296875;11.0;684.71140625
30622;2019-07-07 00:00:00;05:00;2019-07-07 05:00:00;;;17.1;13.6;99.54296875;11.0;684.71140625
30622;2019-07-07 00:00:00;02:00;2019-07-07 02:00:00;;;19.5;13.3;99.54296875;11.0;684.71140625
30622;2019-06-07 00:00:00;23:00;2019-06-07 23:00:00;;;21.7;13.1;232.01062499999998;10.0;609.2804687500001
30622;2019-06-07 00:00:00;20:00;2019-06-07 20:00:00;;0.0;26.2;11.6;232.01062499999998;10.0;609.2804687500001
30622;2019-06-07 00:00:00;17:00;2019-06-07 17:00:00;;;31.2;8.5;232.01062499999998;10.0;609.2804687500001
30622;2019-06-07 00:00:00;14:00;2019-06-07 14:00:00;;;29.9;7.9;232.01062499999998;10.0;609.2804687500001
30622;2019-06-07 00:00:00;11:00;2019-06-07 11:00:00;;;22.4;9.7;232.01062499999998;10.0;609.2804687500001
30622;2019-06-07 00:00:00;08:00;2019-06-07 08:00:00;;0.0;14.1;7.1;232.01062499999998;10.0;609.2804687500001
30622;2019-06-07 00:00:00;05:00;2019-06-07 05:00:00;;;6.3;4.5;232.01062499999998;10.0;609.2804687500001
30622;2019-06-07 00:00:00;02:00;2019-06-07 02:00:00;;;8.9;5.9;232.01062499999998;10.0;609.2804687500001
30622;2019-05-07 00:00:00;23:00;2019-05-07 23:00:00;;;13.8;8.3;217.73812499999997;28.0;527.4465624999998
30622;2019-05-07 00:00:00;20:00;2019-05-07 20:00:00;;0.0;25.3;4.8;217.73812499999997;28.0;527.4465624999998
30622;2019-05-07 00:00:00;17:00;2019-05-07 17:00:00;;;28.2;3.6;217.73812499999997;28.0;527.4465624999998
30622;2019-05-07 00:00:00;14:00;2019-05-07 14:00:00;;;26.4;3.5;217.73812499999997;28.0;527.4465624999998
30622;2019-05-07 00:00:00;11:00;2019-05-07 11:00:00;;;20.8;4.4;217.73812499999997;28.0;527.4465624999998
30622;2019-05-07 00:00:00;08:00;2019-05-07 08:00:00;;0.0;10.9;4.6;217.73812499999997;28.0;527.4465624999998
30622;2019-05-07 00:00:00;05:00;2019-05-07 05:00:00;;;4.5;2.7;217.73812499999997;28.0;527.4465624999998
30622;2019-05-07 00:00:00;02:00;2019-05-07 02:00:00;;;7.8;4.6;217.73812499999997;28.0;527.4465624999998
30622;2019-04-07 00:00:00;23:00;2019-04-07 23:00:00;;;13.4;6.1;300.44;1.0;374.6075
30622;2019-04-07 00:00:00;20:00;2019-04-07 20:00:00;;0.0;24.5;1.8;300.44;1.0;374.6075
30622;2019-04-07 00:00:00;17:00;2019-04-07 17:00:00;;;26.9;2.3;300.44;1.0;374.6075
30622;2019-04-07 00:00:00;14:00;2019-04-07 14:00:00;;;25.2;3.8;300.44;1.0;374.6075
30622;2019-04-07 00:00:00;11:00;2019-04-07 11:00:00;;;22.6;5.5;300.44;1.0;374.6075
30622;2019-04-07 00:00:00;08:00;2019-04-07 08:00:00;;0.0;18.2;9.6;300.44;1.0;374.6075
30622;2019-04-07 00:00:00;05:00;2019-04-07 05:00:00;;;11.7;8.5;300.44;1.0;374.6075
30622;2019-04-07 00:00:00;02:00;2019-04-07 02:00:00;;;19.9;6.4;300.44;1.0;374.6075
30622;2019-03-07 00:00:00;23:00;2019-03-07 23:00:00;;;19.6;12.0;238.12031249999995;1.0;259.90203124999994
30622;2019-03-07 00:00:00;20:00;2019-03-07 20:00:00;;0.0;24.7;8.4;238.12031249999995;1.0;259.90203124999994
30622;2019-03-07 00:00:00;17:00;2019-03-07 17:00:00;;;30.2;10.1;238.12031249999995;1.0;259.90203124999994
30622;2019-03-07 00:00:00;14:00;2019-03-07 14:00:00;;;31.5;9.3;238.12031249999995;1.0;259.90203124999994
30622;2019-03-07 00:00:00;11:00;2019-03-07 11:00:00;;;24.9;13.4;238.12031249999995;1.0;259.90203124999994
30622;2019-03-07 00:00:00;08:00;2019-03-07 08:00:00;;0.0;17.8;10.9;238.12031249999995;1.0;259.90203124999994
30622;2019-03-07 00:00:00;05:00;2019-03-07 05:00:00;;;10.5;9.0;238.12031249999995;1.0;259.90203124999994
30622;2019-03-07 00:00:00;02:00;2019-03-07 02:00:00;;;13.0;10.6;238.12031249999995;1.0;259.90203124999994
30622;2019-02-07 00:00:00;23:00;2019-02-07 23:00:00;;;17.3;11.7;201.6;32.0;-1002.8118399234694
30622;2019-02-07 00:00:00;20:00;2019-02-07 20:00:00;;0.0;27.1;15.6;201.6;32.0;-1002.8118399234694
30622;2019-02-07 00:00:00;17:00;2019-02-07 17:00:00;;;31.4;10.0;201.6;32.0;-1002.8118399234694
30622;2019-02-07 00:00:00;14:00;2019-02-07 14:00:00;;;31.0;9.9;201.6;32.0;-1002.8118399234694
30622;2019-02-07 00:00:00;11:00;2019-02-07 11:00:00;;;23.6;13.6;201.6;32.0;-1002.8118399234694
30622;2019-02-07 00:00:00;08:00;2019-02-07 08:00:00;;0.0;16.1;11.2;201.6;32.0;-1002.8118399234694
30622;2019-02-07 00:00:00;05:00;2019-02-07 05:00:00;;;9.4;8.5;201.6;32.0;-1002.8118399234694
30622;2019-02-07 00:00:00;02:00;2019-02-07 02:00:00;;;12.1;10.7;201.6;32.0;-1002.8118399234694
30622;2019-01-07 00:00:00;23:00;2019-01-07 23:00:00;;;16.1;12.6;179.16843749999998;1.0;227.9746875
30622;2019-01-07 00:00:00;20:00;2019-01-07 20:00:00;;0.0;26.9;14.1;179.16843749999998;1.0;227.9746875
30622;2019-01-07 00:00:00;17:00;2019-01-07 17:00:00;;;29.9;9.1;179.16843749999998;1.0;227.9746875
30622;2019-01-07 00:00:00;14:00;2019-01-07 14:00:00;;;28.8;10.3;179.16843749999998;1.0;227.9746875
30622;2019-01-07 00:00:00;11:00;2019-01-07 11:00:00;;;22.4;11.5;179.16843749999998;1.0;227.9746875
30622;2019-01-07 00:00:00;08:00;2019-01-07 08:00:00;;0.0;14.4;10.7;179.16843749999998;1.0;227.9746875
30622;2019-01-07 00:00:00;05:00;2019-01-07 05:00:00;;;9.0;8.2;179.16843749999998;1.0;227.9746875
30622;2019-01-07 00:00:00;02:00;2019-01-07 02:00:00;;;11.1;9.8;179.16843749999998;1.0;227.9746875
30622;2019-06-30 00:00:00;23:00;2019-06-30 23:00:00;;;15.4;11.5;146.32921875000002;4.0;567.2559375000001
30622;2019-06-30 00:00:00;20:00;2019-06-30 20:00:00;;0.0;24.7;9.1;146.32921875000002;4.0;567.2559375000001
30622;2019-06-30 00:00:00;17:00;2019-06-30 17:00:00;;;27.7;8.2;146.32921875000002;4.0;567.2559375000001
30622;2019-06-30 00:00:00;14:00;2019-06-30 14:00:00;;;26.5;9.0;146.32921875000002;4.0;567.2559375000001
30622;2019-06-30 00:00:00;11:00;2019-06-30 11:00:00;;;19.8;12.8;146.32921875000002;4.0;567.2559375000001
30622;2019-06-30 00:00:00;08:00;2019-06-30 08:00:00;;0.0;10.5;9.9;146.32921875000002;4.0;567.2559375000001
30622;2019-06-30 00:00:00;05:00;2019-06-30 05:00:00;;;9.9;9.9;146.32921875000002;4.0;567.2559375000001
30622;2019-06-30 00:00:00;02:00;2019-06-30 02:00:00;;;9.8;9.0;146.32921875000002;4.0;567.2559375000001
30622;2019-06-29 00:00:00;23:00;2019-06-29 23:00:00;;;13.0;11.3;131.98593750000006;3.0;420.9267187500001
30622;2019-06-29 00:00:00;20:00;2019-06-29 20:00:00;;0.0;20.3;11.9;131.98593750000006;3.0;420.9267187500001
30622;2019-06-29 00:00:00;17:00;2019-06-29 17:00:00;;;26.0;13.5;131.98593750000006;3.0;420.9267187500001
30622;2019-06-29 00:00:00;14:00;2019-06-29 14:00:00;;;26.1;11.7;131.98593750000006;3.0;420.9267187500001
30622;2019-06-29 00:00:00;11:00;2019-06-29 11:00:00;;;23.1;14.2;131.98593750000006;3.0;420.9267187500001
30622;2019-06-29 00:00:00;08:00;2019-06-29 08:00:00;;0.0;17.5;12.2;131.98593750000006;3.0;420.9267187500001
30622;2019-06-29 00:00:00;05:00;2019-06-29 05:00:00;;;10.9;9.8;131.98593750000006;3.0;420.9267187500001
30622;2019-06-29 00:00:00;02:00;2019-06-29 02:00:00;;;15.3;12.1;131.98593750000006;3.0;420.9267187500001
30622;2019-06-28 00:00:00;23:00;2019-06-28 23:00:00;;;18.1;13.1;152.27265625;2.0;288.94078125
30622;2019-06-28 00:00:00;20:00;2019-06-28 20:00:00;;1.0;22.3;14.2;152.27265625;2.0;288.94078125
30622;2019-06-28 00:00:00;17:00;2019-06-28 17:00:00;;;26.3;10.8;152.27265625;2.0;288.94078125
30622;2019-06-28 00:00:00;14:00;2019-06-28 14:00:00;;;27.0;10.7;152.27265625;2.0;288.94078125
30622;2019-06-28 00:00:00;11:00;2019-06-28 11:00:00;;;22.9;14.6;152.27265625;2.0;288.94078125
30622;2019-06-28 00:00:00;08:00;2019-06-28 08:00:00;;0.0;16.1;12.6;152.27265625;2.0;288.94078125
30622;2019-06-28 00:00:00;05:00;2019-06-28 05:00:00;;;11.7;10.2;152.27265625;2.0;288.94078125
30622;2019-06-28 00:00:00;02:00;2019-06-28 02:00:00;;;15.1;12.2;152.27265625;2.0;288.94078125
30622;2019-06-27 00:00:00;23:00;2019-06-27 23:00:00;;;17.2;11.8;114.85781250000001;1.0;136.668125
30622;2019-06-27 00:00:00;20:00;2019-06-27 20:00:00;;0.0;22.3;9.9;114.85781250000001;1.0;136.668125
30622;2019-06-27 00:00:00;17:00;2019-06-27 17:00:00;;;23.3;9.3;114.85781250000001;1.0;136.668125
30622;2019-06-27 00:00:00;14:00;2019-06-27 14:00:00;;;21.4;10.2;114.85781250000001;1.0;136.668125
30622;2019-06-27 00:00:00;11:00;2019-06-27 11:00:00;;;17.9;11.4;114.85781250000001;1.0;136.668125
30622;2019-06-27 00:00:00;08:00;2019-06-27 08:00:00;;0.0;13.7;11.2;114.85781250000001;1.0;136.668125
30622;2019-06-27 00:00:00;05:00;2019-06-27 05:00:00;;;10.5;9.8;114.85781250000001;1.0;136.668125
30622;2019-06-27 00:00:00;02:00;2019-06-27 02:00:00;;;11.1;10.3;114.85781250000001;1.0;136.668125
30622;2019-06-26 00:00:00;23:00;2019-06-26 23:00:00;;;12.3;11.3;21.810312500000002;0.0;21.810312500000002
30622;2019-06-26 00:00:00;20:00;2019-06-26 20:00:00;;3.0;13.1;11.6;21.810312500000002;0.0;21.810312500000002
30622;2019-06-26 00:00:00;17:00;2019-06-26 17:00:00;;;13.5;11.4;21.810312500000002;0.0;21.810312500000002
30622;2019-06-26 00:00:00;14:00;2019-06-26 14:00:00;;;14.3;10.6;21.810312500000002;0.0;21.810312500000002
30622;2019-06-26 00:00:00;11:00;2019-06-26 11:00:00;;;12.3;9.8;21.810312500000002;0.0;21.810312500000002
30622;2019-06-26 00:00:00;08:00;2019-06-26 08:00:00;;15.0;10.8;9.7;21.810312500000002;0.0;21.810312500000002
30622;2019-06-26 00:00:00;05:00;2019-06-26 05:00:00;;;10.7;9.6;21.810312500000002;0.0;21.810312500000002
30622;2019-06-26 00:00:00;02:00;2019-06-26 02:00:00;;;11.3;10.1;21.810312500000002;0.0;21.810312500000002
30622;2019-06-25 00:00:00;23:00;2019-06-25 23:00:00;;;12.5;11.7;63.50062499999999;0.0;63.50062499999999
30622;2019-06-25 00:00:00;20:00;2019-06-25 20:00:00;;16.0;15.7;14.8;63.50062499999999;0.0;63.50062499999999
30622;2019-06-25 00:00:00;17:00;2019-06-25 17:00:00;;;17.9;14.8;63.50062499999999;0.0;63.50062499999999
30622;2019-06-25 00:00:00;14:00;2019-06-25 14:00:00;;;19.0;13.5;63.50062499999999;0.0;63.50062499999999
30622;2019-06-25 00:00:00;11:00;2019-06-25 11:00:00;;;21.3;10.9;63.50062499999999;0.0;63.50062499999999
30622;2019-06-25 00:00:00;08:00;2019-06-25 08:00:00;;0.0;15.5;10.3;63.50062499999999;0.0;63.50062499999999
30622;2019-06-25 00:00:00;05:00;2019-06-25 05:00:00;;;12.7;9.8;63.50062499999999;0.0;63.50062499999999
30622;2019-06-25 00:00:00;02:00;2019-06-25 02:00:00;;;13.2;10.2;63.50062499999999;0.0;63.50062499999999
30622;2019-06-24 00:00:00;23:00;2019-06-24 23:00:00;;;17.2;11.7;154.23875;27.0;2500.682853954082
30622;2019-06-24 00:00:00;20:00;2019-06-24 20:00:00;;0.0;25.2;13.1;154.23875;27.0;2500.682853954082
30622;2019-06-24 00:00:00;17:00;2019-06-24 17:00:00;;;28.3;8.7;154.23875;27.0;2500.682853954082
30622;2019-06-24 00:00:00;14:00;2019-06-24 14:00:00;;;26.4;10.8;154.23875;27.0;2500.682853954082
30622;2019-06-24 00:00:00;11:00;2019-06-24 11:00:00;;;21.7;12.9;154.23875;27.0;2500.682853954082
30622;2019-06-24 00:00:00;08:00;2019-06-24 08:00:00;;0.0;12.3;10.9;154.23875;27.0;2500.682853954082
30622;2019-06-24 00:00:00;05:00;2019-06-24 05:00:00;;;9.1;8.1;154.23875;27.0;2500.682853954082
30622;2019-06-24 00:00:00;02:00;2019-06-24 02:00:00;;;11.2;10.0;154.23875;27.0;2500.682853954082
30622;2019-06-23 00:00:00;23:00;2019-06-23 23:00:00;;;16.7;13.3;95.34937500000002;26.0;2346.444103954082
30622;2019-06-23 00:00:00;20:00;2019-06-23 20:00:00;;0.0;20.3;14.1;95.34937500000002;26.0;2346.444103954082
30622;2019-06-23 00:00:00;17:00;2019-06-23 17:00:00;;;21.4;13.4;95.34937500000002;26.0;2346.444103954082
30622;2019-06-23 00:00:00;14:00;2019-06-23 14:00:00;;;22.1;14.3;95.34937500000002;26.0;2346.444103954082
30622;2019-06-23 00:00:00;11:00;2019-06-23 11:00:00;;;22.7;13.0;95.34937500000002;26.0;2346.444103954082
30622;2019-06-23 00:00:00;08:00;2019-06-23 08:00:00;;0.0;16.9;13.3;95.34937500000002;26.0;2346.444103954082
30622;2019-06-23 00:00:00;05:00;2019-06-23 05:00:00;;;13.5;12.0;95.34937500000002;26.0;2346.444103954082
30622;2019-06-23 00:00:00;02:00;2019-06-23 02:00:00;;;13.8;12.6;95.34937500000002;26.0;2346.444103954082
30622;2019-06-22 00:00:00;23:00;2019-06-22 23:00:00;;;15.6;13.0;93.39890625;25.0;2251.094728954082
30622;2019-06-22 00:00:00;20:00;2019-06-22 20:00:00;;0.0;21.2;14.3;93.39890625;25.0;2251.094728954082
30622;2019-06-22 00:00:00;17:00;2019-06-22 17:00:00;;;23.7;14.0;93.39890625;25.0;2251.094728954082
30622;2019-06-22 00:00:00;14:00;2019-06-22 14:00:00;;;22.0;13.6;93.39890625;25.0;2251.094728954082
30622;2019-06-22 00:00:00;11:00;2019-06-22 11:00:00;;;18.8;14.0;93.39890625;25.0;2251.094728954082
30622;2019-06-22 00:00:00;08:00;2019-06-22 08:00:00;;0.5;17.8;14.3;93.39890625;25.0;2251.094728954082
30622;2019-06-22 00:00:00;05:00;2019-06-22 05:00:00;;;16.2;14.8;93.39890625;25.0;2251.094728954082
30622;2019-06-22 00:00:00;02:00;2019-06-22 02:00:00;;;16.8;14.8;93.39890625;25.0;2251.094728954082
30622;2019-06-21 00:00:00;23:00;2019-06-21 23:00:00;;;17.5;15.0;119.14593750000003;24.0;2157.695822704082
30622;2019-06-21 00:00:00;20:00;2019-06-21 20:00:00;;2.0;20.2;15.1;119.14593750000003;24.0;2157.695822704082
30622;2019-06-21 00:00:00;17:00;2019-06-21 17:00:00;;;25.2;13.1;119.14593750000003;24.0;2157.695822704082
30622;2019-06-21 00:00:00;14:00;2019-06-21 14:00:00;;;25.4;13.3;119.14593750000003;24.0;2157.695822704082
30622;2019-06-21 00:00:00;11:00;2019-06-21 11:00:00;;;19.1;11.8;119.14593750000003;24.0;2157.695822704082
30622;2019-06-21 00:00:00;08:00;2019-06-21 08:00:00;;0.4;13.4;9.9;119.14593750000003;24.0;2157.695822704082
30622;2019-06-21 00:00:00;05:00;2019-06-21 05:00:00;;;12.4;8.2;119.14593750000003;24.0;2157.695822704082
30622;2019-06-21 00:00:00;02:00;2019-06-21 02:00:00;;;12.6;7.1;119.14593750000003;24.0;2157.695822704082
30622;2019-06-20 00:00:00;23:00;2019-06-20 23:00:00;;;17.1;6.7;164.69124999999997;23.0;2038.5498852040819
30622;2019-06-20 00:00:00;20:00;2019-06-20 20:00:00;;0.0;25.0;7.2;164.69124999999997;23.0;2038.5498852040819
30622;2019-06-20 00:00:00;17:00;2019-06-20 17:00:00;;;27.6;9.5;164.69124999999997;23.0;2038.5498852040819
30622;2019-06-20 00:00:00;14:00;2019-06-20 14:00:00;;;24.5;10.4;164.69124999999997;23.0;2038.5498852040819
30622;2019-06-20 00:00:00;11:00;2019-06-20 11:00:00;;;18.7;11.9;164.69124999999997;23.0;2038.5498852040819
30622;2019-06-20 00:00:00;08:00;2019-06-20 08:00:00;;0.0;13.8;10.0;164.69124999999997;23.0;2038.5498852040819
30622;2019-06-20 00:00:00;05:00;2019-06-20 05:00:00;;;7.9;7.0;164.69124999999997;23.0;2038.5498852040819
30622;2019-06-20 00:00:00;02:00;2019-06-20 02:00:00;;;9.0;7.5;164.69124999999997;23.0;2038.5498852040819
30622;2019-06-19 00:00:00;23:00;2019-06-19 23:00:00;;;14.1;9.5;134.921875;22.0;1873.8586352040818
30622;2019-06-19 00:00:00;20:00;2019-06-19 20:00:00;;0.0;22.6;9.0;134.921875;22.0;1873.8586352040818
30622;2019-06-19 00:00:00;17:00;2019-06-19 17:00:00;;;24.2;8.7;134.921875;22.0;1873.8586352040818
30622;2019-06-19 00:00:00;14:00;2019-06-19 14:00:00;;;22.6;9.0;134.921875;22.0;1873.8586352040818
30622;2019-06-19 00:00:00;11:00;2019-06-19 11:00:00;;;18.7;10.6;134.921875;22.0;1873.8586352040818
30622;2019-06-19 00:00:00;08:00;2019-06-19 08:00:00;;0.0;12.6;9.3;134.921875;22.0;1873.8586352040818
30622;2019-06-19 00:00:00;05:00;2019-06-19 05:00:00;;;10.4;8.6;134.921875;22.0;1873.8586352040818
30622;2019-06-19 00:00:00;02:00;2019-06-19 02:00:00;;;12.3;10.0;134.921875;22.0;1873.8586352040818
30622;2019-06-18 00:00:00;23:00;2019-06-18 23:00:00;;;13.7;10.7;63.53343749999999;21.0;1738.9367602040818
30622;2019-06-18 00:00:00;20:00;2019-06-18 20:00:00;;2.0;15.4;9.7;63.53343749999999;21.0;1738.9367602040818
30622;2019-06-18 00:00:00;17:00;2019-06-18 17:00:00;;;15.0;10.1;63.53343749999999;21.0;1738.9367602040818
30622;2019-06-18 00:00:00;14:00;2019-06-18 14:00:00;;;14.9;10.3;63.53343749999999;21.0;1738.9367602040818
30622;2019-06-18 00:00:00;11:00;2019-06-18 11:00:00;;;12.6;10.5;63.53343749999999;21.0;1738.9367602040818
30622;2019-06-18 00:00:00;08:00;2019-06-18 08:00:00;;0.0;14.0;11.0;63.53343749999999;21.0;1738.9367602040818
30622;2019-06-18 00:00:00;05:00;2019-06-18 05:00:00;;;15.2;11.2;63.53343749999999;21.0;1738.9367602040818
30622;2019-06-18 00:00:00;02:00;2019-06-18 02:00:00;;;19.5;13.0;63.53343749999999;21.0;1738.9367602040818
30622;2019-06-17 00:00:00;23:00;2019-06-17 23:00:00;;;20.3;10.3;258.71500000000003;20.0;1675.4033227040818
30622;2019-06-17 00:00:00;20:00;2019-06-17 20:00:00;;0.0;25.9;10.8;258.71500000000003;20.0;1675.4033227040818
30622;2019-06-17 00:00:00;17:00;2019-06-17 17:00:00;;;29.5;8.0;258.71500000000003;20.0;1675.4033227040818
30622;2019-06-17 00:00:00;14:00;2019-06-17 14:00:00;;;29.6;6.9;258.71500000000003;20.0;1675.4033227040818
30622;2019-06-17 00:00:00;11:00;2019-06-17 11:00:00;;;24.9;10.6;258.71500000000003;20.0;1675.4033227040818
30622;2019-06-17 00:00:00;08:00;2019-06-17 08:00:00;;0.0;17.1;12.3;258.71500000000003;20.0;1675.4033227040818
30622;2019-06-17 00:00:00;05:00;2019-06-17 05:00:00;;;13.6;10.9;258.71500000000003;20.0;1675.4033227040818
30622;2019-06-17 00:00:00;02:00;2019-06-17 02:00:00;;;14.5;11.2;258.71500000000003;20.0;1675.4033227040818
30622;2019-06-16 00:00:00;23:00;2019-06-16 23:00:00;;;17.6;10.8;172.16984374999998;19.0;1416.6883227040817
30622;2019-06-16 00:00:00;20:00;2019-06-16 20:00:00;;0.0;23.8;12.4;172.16984374999998;19.0;1416.6883227040817
30622;2019-06-16 00:00:00;17:00;2019-06-16 17:00:00;;;27.0;9.7;172.16984374999998;19.0;1416.6883227040817
30622;2019-06-16 00:00:00;14:00;2019-06-16 14:00:00;;;24.1;12.9;172.16984374999998;19.0;1416.6883227040817
30622;2019-06-16 00:00:00;11:00;2019-06-16 11:00:00;;;23.4;13.9;172.16984374999998;19.0;1416.6883227040817
30622;2019-06-16 00:00:00;08:00;2019-06-16 08:00:00;;0.0;18.1;14.0;172.16984374999998;19.0;1416.6883227040817
30622;2019-06-16 00:00:00;05:00;2019-06-16 05:00:00;;;15.5;13.4;172.16984374999998;19.0;1416.6883227040817
30622;2019-06-16 00:00:00;02:00;2019-06-16 02:00:00;;;17.2;13.5;172.16984374999998;19.0;1416.6883227040817
30622;2019-06-15 00:00:00;23:00;2019-06-15 23:00:00;;;18.8;14.0;183.87984375000005;18.0;1244.5184789540817
30622;2019-06-15 00:00:00;20:00;2019-06-15 20:00:00;;0.3;22.3;14.0;183.87984375000005;18.0;1244.5184789540817
30622;2019-06-15 00:00:00;17:00;2019-06-15 17:00:00;;;29.6;9.5;183.87984375000005;18.0;1244.5184789540817
30622;2019-06-15 00:00:00;14:00;2019-06-15 14:00:00;;;27.7;10.8;183.87984375000005;18.0;1244.5184789540817
30622;2019-06-15 00:00:00;11:00;2019-06-15 11:00:00;;;22.6;14.1;183.87984375000005;18.0;1244.5184789540817
30622;2019-06-15 00:00:00;08:00;2019-06-15 08:00:00;;0.0;18.0;13.8;183.87984375000005;18.0;1244.5184789540817
30622;2019-06-15 00:00:00;05:00;2019-06-15 05:00:00;;;14.9;13.1;183.87984375000005;18.0;1244.5184789540817
30622;2019-06-15 00:00:00;02:00;2019-06-15 02:00:00;;;17.4;13.3;183.87984375000005;18.0;1244.5184789540817
30622;2019-06-14 00:00:00;23:00;2019-06-14 23:00:00;;;21.3;12.3;167.78671875;17.0;1060.6386352040818
30622;2019-06-14 00:00:00;20:00;2019-06-14 20:00:00;;0.0;23.0;11.7;167.78671875;17.0;1060.6386352040818
30622;2019-06-14 00:00:00;17:00;2019-06-14 17:00:00;;;25.9;7.9;167.78671875;17.0;1060.6386352040818
30622;2019-06-14 00:00:00;14:00;2019-06-14 14:00:00;;;27.5;9.4;167.78671875;17.0;1060.6386352040818
30622;2019-06-14 00:00:00;11:00;2019-06-14 11:00:00;;;19.5;10.6;167.78671875;17.0;1060.6386352040818
30622;2019-06-14 00:00:00;08:00;2019-06-14 08:00:00;;0.0;12.3;7.9;167.78671875;17.0;1060.6386352040818
30622;2019-06-14 00:00:00;05:00;2019-06-14 05:00:00;;;6.3;5.2;167.78671875;17.0;1060.6386352040818
30622;2019-06-14 00:00:00;02:00;2019-06-14 02:00:00;;;10.3;7.6;167.78671875;17.0;1060.6386352040818
30622;2019-06-13 00:00:00;23:00;2019-06-13 23:00:00;;;13.8;9.6;162.54656249999996;16.0;892.8519164540818
30622;2019-06-13 00:00:00;20:00;2019-06-13 20:00:00;;0.0;24.6;7.2;162.54656249999996;16.0;892.8519164540818
30622;2019-06-13 00:00:00;17:00;2019-06-13 17:00:00;;;27.2;4.8;162.54656249999996;16.0;892.8519164540818
30622;2019-06-13 00:00:00;14:00;2019-06-13 14:00:00;;;24.9;6.2;162.54656249999996;16.0;892.8519164540818
30622;2019-06-13 00:00:00;11:00;2019-06-13 11:00:00;;;19.0;8.5;162.54656249999996;16.0;892.8519164540818
30622;2019-06-13 00:00:00;08:00;2019-06-13 08:00:00;;0.0;10.2;5.8;162.54656249999996;16.0;892.8519164540818
30622;2019-06-13 00:00:00;05:00;2019-06-13 05:00:00;;;4.3;3.3;162.54656249999996;16.0;892.8519164540818
30622;2019-06-13 00:00:00;02:00;2019-06-13 02:00:00;;;6.2;4.9;162.54656249999996;16.0;892.8519164540818
30622;2019-12-06 00:00:00;23:00;2019-12-06 23:00:00;;;11.5;6.5;148.84406249999998;15.0;-1033.5660937500002
30622;2019-12-06 00:00:00;20:00;2019-12-06 20:00:00;;0.0;20.7;3.2;148.84406249999998;15.0;-1033.5660937500002
30622;2019-12-06 00:00:00;17:00;2019-12-06 17:00:00;;;21.7;2.7;148.84406249999998;15.0;-1033.5660937500002
30622;2019-12-06 00:00:00;14:00;2019-12-06 14:00:00;;;20.8;3.7;148.84406249999998;15.0;-1033.5660937500002
30622;2019-12-06 00:00:00;11:00;2019-12-06 11:00:00;;;17.6;5.7;148.84406249999998;15.0;-1033.5660937500002
30622;2019-12-06 00:00:00;08:00;2019-12-06 08:00:00;;0.0;14.6;9.3;148.84406249999998;15.0;-1033.5660937500002
30622;2019-12-06 00:00:00;05:00;2019-12-06 05:00:00;;;7.1;6.2;148.84406249999998;15.0;-1033.5660937500002
30622;2019-12-06 00:00:00;02:00;2019-12-06 02:00:00;;;8.6;7.6;148.84406249999998;15.0;-1033.5660937500002
30622;2019-11-06 00:00:00;23:00;2019-11-06 23:00:00;;;12.6;9.7;72.7859375;0.0;72.7859375
30622;2019-11-06 00:00:00;20:00;2019-11-06 20:00:00;;6.0;15.0;11.0;72.7859375;0.0;72.7859375
30622;2019-11-06 00:00:00;17:00;2019-11-06 17:00:00;;;16.5;11.1;72.7859375;0.0;72.7859375
30622;2019-11-06 00:00:00;14:00;2019-11-06 14:00:00;;;12.9;10.4;72.7859375;0.0;72.7859375
30622;2019-11-06 00:00:00;11:00;2019-11-06 11:00:00;;;15.9;10.4;72.7859375;0.0;72.7859375
30622;2019-11-06 00:00:00;08:00;2019-11-06 08:00:00;;0.0;17.6;12.4;72.7859375;0.0;72.7859375
30622;2019-11-06 00:00:00;05:00;2019-11-06 05:00:00;;;16.8;13.3;72.7859375;0.0;72.7859375
30622;2019-11-06 00:00:00;02:00;2019-11-06 02:00:00;;;18.6;10.6;72.7859375;0.0;72.7859375
30622;2019-10-06 00:00:00;23:00;2019-10-06 23:00:00;;;20.5;8.5;261.35375;6.0;4.0201562499999
30622;2019-10-06 00:00:00;20:00;2019-10-06 20:00:00;;0.0;26.9;8.9;261.35375;6.0;4.0201562499999
30622;2019-10-06 00:00:00;17:00;2019-10-06 17:00:00;;;32.5;6.7;261.35375;6.0;4.0201562499999
30622;2019-10-06 00:00:00;14:00;2019-10-06 14:00:00;;;31.5;9.0;261.35375;6.0;4.0201562499999
30622;2019-10-06 00:00:00;11:00;2019-10-06 11:00:00;;;23.7;11.4;261.35375;6.0;4.0201562499999
30622;2019-10-06 00:00:00;08:00;2019-10-06 08:00:00;;0.0;13.6;8.3;261.35375;6.0;4.0201562499999
30622;2019-10-06 00:00:00;05:00;2019-10-06 05:00:00;;;7.2;6.3;261.35375;6.0;4.0201562499999
30622;2019-10-06 00:00:00;02:00;2019-10-06 02:00:00;;;10.7;7.1;261.35375;6.0;4.0201562499999
30622;2019-09-06 00:00:00;23:00;2019-09-06 23:00:00;;;14.2;9.8;233.10031249999997;1.0;274.8715625
30622;2019-09-06 00:00:00;20:00;2019-09-06 20:00:00;;0.0;24.9;9.9;233.10031249999997;1.0;274.8715625
30622;2019-09-06 00:00:00;17:00;2019-09-06 17:00:00;;;28.3;5.4;233.10031249999997;1.0;274.8715625
30622;2019-09-06 00:00:00;14:00;2019-09-06 14:00:00;;;27.8;6.7;233.10031249999997;1.0;274.8715625
30622;2019-09-06 00:00:00;11:00;2019-09-06 11:00:00;;;24.3;8.2;233.10031249999997;1.0;274.8715625
30622;2019-09-06 00:00:00;08:00;2019-09-06 08:00:00;;0.0;16.2;8.5;233.10031249999997;1.0;274.8715625
30622;2019-09-06 00:00:00;05:00;2019-09-06 05:00:00;;;8.3;6.3;233.10031249999997;1.0;274.8715625
30622;2019-09-06 00:00:00;02:00;2019-09-06 02:00:00;;;13.7;8.3;233.10031249999997;1.0;274.8715625
30622;2019-08-06 00:00:00;23:00;2019-08-06 23:00:00;;;19.1;6.7;173.86875;1.0;229.2984375
30622;2019-08-06 00:00:00;20:00;2019-08-06 20:00:00;;0.0;21.5;8.1;173.86875;1.0;229.2984375
30622;2019-08-06 00:00:00;17:00;2019-08-06 17:00:00;;;24.8;8.3;173.86875;1.0;229.2984375
30622;2019-08-06 00:00:00;14:00;2019-08-06 14:00:00;;;26.1;4.7;173.86875;1.0;229.2984375
30622;2019-08-06 00:00:00;11:00;2019-08-06 11:00:00;;;20.1;7.9;173.86875;1.0;229.2984375
30622;2019-08-06 00:00:00;08:00;2019-08-06 08:00:00;;0.0;10.4;5.6;173.86875;1.0;229.2984375
30622;2019-08-06 00:00:00;05:00;2019-08-06 05:00:00;;;3.8;2.3;173.86875;1.0;229.2984375
30622;2019-08-06 00:00:00;02:00;2019-08-06 02:00:00;;;6.2;4.1;173.86875;1.0;229.2984375
30622;2019-07-06 00:00:00;23:00;2019-07-06 23:00:00;;;11.5;5.9;194.90281250000004;10.0;585.1684375
30622;2019-07-06 00:00:00;20:00;2019-07-06 20:00:00;;0.0;23.2;1.3;194.90281250000004;10.0;585.1684375
30622;2019-07-06 00:00:00;17:00;2019-07-06 17:00:00;;;25.1;1.4;194.90281250000004;10.0;585.1684375
30622;2019-07-06 00:00:00;14:00;2019-07-06 14:00:00;;;23.2;3.3;194.90281250000004;10.0;585.1684375
30622;2019-07-06 00:00:00;11:00;2019-07-06 11:00:00;;;21.0;6.2;194.90281250000004;10.0;585.1684375
30622;2019-07-06 00:00:00;08:00;2019-07-06 08:00:00;;0.0;9.5;5.2;194.90281250000004;10.0;585.1684375
30622;2019-07-06 00:00:00;05:00;2019-07-06 05:00:00;;;6.9;4.3;194.90281250000004;10.0;585.1684375
30622;2019-07-06 00:00:00;02:00;2019-07-06 02:00:00;;;9.4;6.1;194.90281250000004;10.0;585.1684375
30622;2019-06-06 00:00:00;23:00;2019-06-06 23:00:00;;;12.5;8.4;95.87828124999999;9.0;377.2698437500001
30622;2019-06-06 00:00:00;20:00;2019-06-06 20:00:00;;0.3;18.9;4.2;95.87828124999999;9.0;377.2698437500001
30622;2019-06-06 00:00:00;17:00;2019-06-06 17:00:00;;;19.8;6.9;95.87828124999999;9.0;377.2698437500001
30622;2019-06-06 00:00:00;14:00;2019-06-06 14:00:00;;;19.2;7.6;95.87828124999999;9.0;377.2698437500001
30622;2019-06-06 00:00:00;11:00;2019-06-06 11:00:00;;;15.8;6.6;95.87828124999999;9.0;377.2698437500001
30622;2019-06-06 00:00:00;08:00;2019-06-06 08:00:00;;0.0;8.8;4.2;95.87828124999999;9.0;377.2698437500001
30622;2019-06-06 00:00:00;05:00;2019-06-06 05:00:00;;;2.6;1.5;95.87828124999999;9.0;377.2698437500001
30622;2019-06-06 00:00:00;02:00;2019-06-06 02:00:00;;;4.5;2.6;95.87828124999999;9.0;377.2698437500001
30622;2019-05-06 00:00:00;23:00;2019-05-06 23:00:00;;;8.6;5.0;113.97500000000001;27.0;309.70843749999983
30622;2019-05-06 00:00:00;20:00;2019-05-06 20:00:00;;0.0;16.6;5.1;113.97500000000001;27.0;309.70843749999983
30622;2019-05-06 00:00:00;17:00;2019-05-06 17:00:00;;;19.2;-0.3;113.97500000000001;27.0;309.70843749999983
30622;2019-05-06 00:00:00;14:00;2019-05-06 14:00:00;;;19.4;1.6;113.97500000000001;27.0;309.70843749999983
30622;2019-05-06 00:00:00;11:00;2019-05-06 11:00:00;;;15.6;3.1;113.97500000000001;27.0;309.70843749999983
30622;2019-05-06 00:00:00;08:00;2019-05-06 08:00:00;;0.0;8.5;3.2;113.97500000000001;27.0;309.70843749999983
30622;2019-05-06 00:00:00;05:00;2019-05-06 05:00:00;;;2.8;1.1;113.97500000000001;27.0;309.70843749999983
30622;2019-05-06 00:00:00;02:00;2019-05-06 02:00:00;;;6.3;3.0;113.97500000000001;27.0;309.70843749999983
30622;2019-04-06 00:00:00;23:00;2019-04-06 23:00:00;;;8.9;3.6;74.1675;0.0;74.1675
30622;2019-04-06 00:00:00;20:00;2019-04-06 20:00:00;;2.0;13.6;3.9;74.1675;0.0;74.1675
30622;2019-04-06 00:00:00;17:00;2019-04-06 17:00:00;;;15.6;2.6;74.1675;0.0;74.1675
30622;2019-04-06 00:00:00;14:00;2019-04-06 14:00:00;;;16.3;1.6;74.1675;0.0;74.1675
30622;2019-04-06 00:00:00;11:00;2019-04-06 11:00:00;;;12.8;6.9;74.1675;0.0;74.1675
30622;2019-04-06 00:00:00;08:00;2019-04-06 08:00:00;;8.0;8.7;6.5;74.1675;0.0;74.1675
30622;2019-04-06 00:00:00;05:00;2019-04-06 05:00:00;;;6.9;6.0;74.1675;0.0;74.1675
30622;2019-04-06 00:00:00;02:00;2019-04-06 02:00:00;;;7.1;6.0;74.1675;0.0;74.1675
30622;2019-03-06 00:00:00;23:00;2019-03-06 23:00:00;;;7.4;6.4;21.781718750000007;0.0;21.781718750000007
30622;2019-03-06 00:00:00;20:00;2019-03-06 20:00:00;;8.0;7.9;6.5;21.781718750000007;0.0;21.781718750000007
30622;2019-03-06 00:00:00;17:00;2019-03-06 17:00:00;;;8.0;6.0;21.781718750000007;0.0;21.781718750000007
30622;2019-03-06 00:00:00;14:00;2019-03-06 14:00:00;;;8.5;4.4;21.781718750000007;0.0;21.781718750000007
30622;2019-03-06 00:00:00;11:00;2019-03-06 11:00:00;;;8.3;3.7;21.781718750000007;0.0;21.781718750000007
30622;2019-03-06 00:00:00;08:00;2019-03-06 08:00:00;;1.0;7.7;6.0;21.781718750000007;0.0;21.781718750000007
30622;2019-03-06 00:00:00;05:00;2019-03-06 05:00:00;;;9.1;4.6;21.781718750000007;0.0;21.781718750000007
30622;2019-03-06 00:00:00;02:00;2019-03-06 02:00:00;;;9.8;8.2;21.781718750000007;0.0;21.781718750000007
30622;2019-02-06 00:00:00;23:00;2019-02-06 23:00:00;;;11.4;8.0;56.39250000000001;31.0;-1204.4118399234694
30622;2019-02-06 00:00:00;20:00;2019-02-06 20:00:00;;0.0;15.4;5.4;56.39250000000001;31.0;-1204.4118399234694
30622;2019-02-06 00:00:00;17:00;2019-02-06 17:00:00;;;17.2;5.1;56.39250000000001;31.0;-1204.4118399234694
30622;2019-02-06 00:00:00;14:00;2019-02-06 14:00:00;;;17.0;4.2;56.39250000000001;31.0;-1204.4118399234694
30622;2019-02-06 00:00:00;11:00;2019-02-06 11:00:00;;;9.7;6.3;56.39250000000001;31.0;-1204.4118399234694
30622;2019-02-06 00:00:00;08:00;2019-02-06 08:00:00;;0.0;4.3;3.7;56.39250000000001;31.0;-1204.4118399234694
30622;2019-02-06 00:00:00;05:00;2019-02-06 05:00:00;;;3.5;2.8;56.39250000000001;31.0;-1204.4118399234694
30622;2019-02-06 00:00:00;02:00;2019-02-06 02:00:00;;;3.9;3.1;56.39250000000001;31.0;-1204.4118399234694
30622;2019-01-06 00:00:00;23:00;2019-01-06 23:00:00;;;4.6;3.6;48.80625;0.0;48.80625
30622;2019-01-06 00:00:00;20:00;2019-01-06 20:00:00;;3.0;9.7;6.4;48.80625;0.0;48.80625
30622;2019-01-06 00:00:00;17:00;2019-01-06 17:00:00;;;9.6;6.5;48.80625;0.0;48.80625
30622;2019-01-06 00:00:00;14:00;2019-01-06 14:00:00;;;9.4;4.2;48.80625;0.0;48.80625
30622;2019-01-06 00:00:00;11:00;2019-01-06 11:00:00;;;11.8;5.1;48.80625;0.0;48.80625
30622;2019-01-06 00:00:00;08:00;2019-01-06 08:00:00;;0.0;14.2;6.9;48.80625;0.0;48.80625
30622;2019-01-06 00:00:00;05:00;2019-01-06 05:00:00;;;10.6;5.5;48.80625;0.0;48.80625
30622;2019-01-06 00:00:00;02:00;2019-01-06 02:00:00;;;12.3;6.0;48.80625;0.0;48.80625
30622;2019-05-31 00:00:00;23:00;2019-05-31 23:00:00;;;19.7;3.0;238.478125;3.0;477.3528125
30622;2019-05-31 00:00:00;20:00;2019-05-31 20:00:00;;0.0;26.1;1.2;238.478125;3.0;477.3528125
30622;2019-05-31 00:00:00;17:00;2019-05-31 17:00:00;;;27.5;0.4;238.478125;3.0;477.3528125
30622;2019-05-31 00:00:00;14:00;2019-05-31 14:00:00;;;26.1;1.5;238.478125;3.0;477.3528125
30622;2019-05-31 00:00:00;11:00;2019-05-31 11:00:00;;;19.3;5.8;238.478125;3.0;477.3528125
30622;2019-05-31 00:00:00;08:00;2019-05-31 08:00:00;;0.0;8.5;4.1;238.478125;3.0;477.3528125
30622;2019-05-31 00:00:00;05:00;2019-05-31 05:00:00;;;2.0;1.0;238.478125;3.0;477.3528125
30622;2019-05-31 00:00:00;02:00;2019-05-31 02:00:00;;;4.8;3.1;238.478125;3.0;477.3528125
30622;2019-05-30 00:00:00;23:00;2019-05-30 23:00:00;;;10.1;5.8;88.59375;2.0;238.8746875
30622;2019-05-30 00:00:00;20:00;2019-05-30 20:00:00;;0.0;18.3;4.6;88.59375;2.0;238.8746875
30622;2019-05-30 00:00:00;17:00;2019-05-30 17:00:00;;;20.0;3.0;88.59375;2.0;238.8746875
30622;2019-05-30 00:00:00;14:00;2019-05-30 14:00:00;;;17.9;3.1;88.59375;2.0;238.8746875
30622;2019-05-30 00:00:00;11:00;2019-05-30 11:00:00;;;8.9;-0.4;88.59375;2.0;238.8746875
30622;2019-05-30 00:00:00;08:00;2019-05-30 08:00:00;;0.0;4.0;-1.7;88.59375;2.0;238.8746875
30622;2019-05-30 00:00:00;05:00;2019-05-30 05:00:00;;;0.4;-1.5;88.59375;2.0;238.8746875
30622;2019-05-30 00:00:00;02:00;2019-05-30 02:00:00;;;1.4;-1.9;88.59375;2.0;238.8746875
30622;2019-05-29 00:00:00;23:00;2019-05-29 23:00:00;;;5.0;-2.0;102.00093749999999;1.0;150.2809375
30622;2019-05-29 00:00:00;20:00;2019-05-29 20:00:00;;0.0;15.8;-4.9;102.00093749999999;1.0;150.2809375
30622;2019-05-29 00:00:00;17:00;2019-05-29 17:00:00;;;17.4;-5.4;102.00093749999999;1.0;150.2809375
30622;2019-05-29 00:00:00;14:00;2019-05-29 14:00:00;;;14.9;-3.7;102.00093749999999;1.0;150.2809375
30622;2019-05-29 00:00:00;11:00;2019-05-29 11:00:00;;;11.8;-1.7;102.00093749999999;1.0;150.2809375
30622;2019-05-29 00:00:00;08:00;2019-05-29 08:00:00;;0.0;2.3;-2.3;102.00093749999999;1.0;150.2809375
30622;2019-05-29 00:00:00;05:00;2019-05-29 05:00:00;;;0.0;-3.0;102.00093749999999;1.0;150.2809375
30622;2019-05-29 00:00:00;02:00;2019-05-29 02:00:00;;;2.1;-1.9;102.00093749999999;1.0;150.2809375
30622;2019-05-28 00:00:00;23:00;2019-05-28 23:00:00;;;3.4;-1.2;48.279999999999994;0.0;48.279999999999994
30622;2019-05-28 00:00:00;20:00;2019-05-28 20:00:00;;0.0;9.5;-0.2;48.279999999999994;0.0;48.279999999999994
30622;2019-05-28 00:00:00;17:00;2019-05-28 17:00:00;;;10.4;-0.9;48.279999999999994;0.0;48.279999999999994
30622;2019-05-28 00:00:00;14:00;2019-05-28 14:00:00;;;9.5;0.4;48.279999999999994;0.0;48.279999999999994
30622;2019-05-28 00:00:00;11:00;2019-05-28 11:00:00;;;6.6;2.7;48.279999999999994;0.0;48.279999999999994
30622;2019-05-28 00:00:00;08:00;2019-05-28 08:00:00;;6.0;3.6;2.0;48.279999999999994;0.0;48.279999999999994
30622;2019-05-28 00:00:00;05:00;2019-05-28 05:00:00;;;3.6;2.0;48.279999999999994;0.0;48.279999999999994
30622;2019-05-28 00:00:00;02:00;2019-05-28 02:00:00;;;10.2;-2.4;48.279999999999994;0.0;48.279999999999994
30622;2019-05-27 00:00:00;23:00;2019-05-27 23:00:00;;;14.9;2.6;245.5390625;4.0;637.8987500000001
30622;2019-05-27 00:00:00;20:00;2019-05-27 20:00:00;;0.0;21.9;1.5;245.5390625;4.0;637.8987500000001
30622;2019-05-27 00:00:00;17:00;2019-05-27 17:00:00;;;24.5;-5.9;245.5390625;4.0;637.8987500000001
30622;2019-05-27 00:00:00;14:00;2019-05-27 14:00:00;;;22.2;-5.1;245.5390625;4.0;637.8987500000001
30622;2019-05-27 00:00:00;11:00;2019-05-27 11:00:00;;;16.6;-3.1;245.5390625;4.0;637.8987500000001
30622;2019-05-27 00:00:00;08:00;2019-05-27 08:00:00;;0.0;7.4;-1.1;245.5390625;4.0;637.8987500000001
30622;2019-05-27 00:00:00;05:00;2019-05-27 05:00:00;;;3.8;-1.4;245.5390625;4.0;637.8987500000001
30622;2019-05-27 00:00:00;02:00;2019-05-27 02:00:00;;;7.3;-1.4;245.5390625;4.0;637.8987500000001
30622;2019-05-26 00:00:00;23:00;2019-05-26 23:00:00;;;13.6;-4.0;171.661875;3.0;392.3596875
30622;2019-05-26 00:00:00;20:00;2019-05-26 20:00:00;;0.0;18.4;-3.5;171.661875;3.0;392.3596875
30622;2019-05-26 00:00:00;17:00;2019-05-26 17:00:00;;;21.1;-5.9;171.661875;3.0;392.3596875
30622;2019-05-26 00:00:00;14:00;2019-05-26 14:00:00;;;19.2;-3.8;171.661875;3.0;392.3596875
30622;2019-05-26 00:00:00;11:00;2019-05-26 11:00:00;;;15.1;-1.7;171.661875;3.0;392.3596875
30622;2019-05-26 00:00:00;08:00;2019-05-26 08:00:00;;0.0;4.4;-1.4;171.661875;3.0;392.3596875
30622;2019-05-26 00:00:00;05:00;2019-05-26 05:00:00;;;-1.6;-3.2;171.661875;3.0;392.3596875
30622;2019-05-26 00:00:00;02:00;2019-05-26 02:00:00;;;2.2;-3.0;171.661875;3.0;392.3596875
30622;2019-05-25 00:00:00;23:00;2019-05-25 23:00:00;;;6.7;-1.8;124.03124999999999;2.0;220.6978125
30622;2019-05-25 00:00:00;20:00;2019-05-25 20:00:00;;0.0;13.4;-5.2;124.03124999999999;2.0;220.6978125
30622;2019-05-25 00:00:00;17:00;2019-05-25 17:00:00;;;15.2;-7.6;124.03124999999999;2.0;220.6978125
30622;2019-05-25 00:00:00;14:00;2019-05-25 14:00:00;;;14.4;-7.1;124.03124999999999;2.0;220.6978125
30622;2019-05-25 00:00:00;11:00;2019-05-25 11:00:00;;;12.8;-4.6;124.03124999999999;2.0;220.6978125
30622;2019-05-25 00:00:00;08:00;2019-05-25 08:00:00;;0.0;6.2;-1.3;124.03124999999999;2.0;220.6978125
30622;2019-05-25 00:00:00;05:00;2019-05-25 05:00:00;;;2.1;-1.7;124.03124999999999;2.0;220.6978125
30622;2019-05-25 00:00:00;02:00;2019-05-25 02:00:00;;;4.8;-0.1;124.03124999999999;2.0;220.6978125
30622;2019-05-24 00:00:00;23:00;2019-05-24 23:00:00;;;7.5;-0.1;72.515625;1.0;96.6665625
30622;2019-05-24 00:00:00;20:00;2019-05-24 20:00:00;;0.0;12.4;-0.4;72.515625;1.0;96.6665625
30622;2019-05-24 00:00:00;17:00;2019-05-24 17:00:00;;;12.7;2.0;72.515625;1.0;96.6665625
30622;2019-05-24 00:00:00;14:00;2019-05-24 14:00:00;;;14.9;-1.7;72.515625;1.0;96.6665625
30622;2019-05-24 00:00:00;11:00;2019-05-24 11:00:00;;;12.6;0.7;72.515625;1.0;96.6665625
30622;2019-05-24 00:00:00;08:00;2019-05-24 08:00:00;;0.0;7.7;2.9;72.515625;1.0;96.6665625
30622;2019-05-24 00:00:00;05:00;2019-05-24 05:00:00;;;0.9;-0.2;72.515625;1.0;96.6665625
30622;2019-05-24 00:00:00;02:00;2019-05-24 02:00:00;;;1.3;0.5;72.515625;1.0;96.6665625
30622;2019-05-23 00:00:00;23:00;2019-05-23 23:00:00;;;3.3;1.8;24.150937499999998;0.0;24.150937499999998
30622;2019-05-23 00:00:00;20:00;2019-05-23 20:00:00;;9.0;7.2;3.4;24.150937499999998;0.0;24.150937499999998
30622;2019-05-23 00:00:00;17:00;2019-05-23 17:00:00;;;7.3;5.0;24.150937499999998;0.0;24.150937499999998
30622;2019-05-23 00:00:00;14:00;2019-05-23 14:00:00;;;8.3;4.6;24.150937499999998;0.0;24.150937499999998
30622;2019-05-23 00:00:00;11:00;2019-05-23 11:00:00;;;8.2;5.0;24.150937499999998;0.0;24.150937499999998
30622;2019-05-23 00:00:00;08:00;2019-05-23 08:00:00;;0.5;6.7;4.3;24.150937499999998;0.0;24.150937499999998
30622;2019-05-23 00:00:00;05:00;2019-05-23 05:00:00;;;6.3;1.9;24.150937499999998;0.0;24.150937499999998
30622;2019-05-23 00:00:00;02:00;2019-05-23 02:00:00;;;8.1;1.5;24.150937499999998;0.0;24.150937499999998
30622;2019-05-22 00:00:00;23:00;2019-05-22 23:00:00;;;14.8;0.9;187.93687499999996;43.0;1960.33109375
30622;2019-05-22 00:00:00;20:00;2019-05-22 20:00:00;;0.0;19.2;1.0;187.93687499999996;43.0;1960.33109375
30622;2019-05-22 00:00:00;17:00;2019-05-22 17:00:00;;;20.9;3.2;187.93687499999996;43.0;1960.33109375
30622;2019-05-22 00:00:00;14:00;2019-05-22 14:00:00;;;18.9;5.1;187.93687499999996;43.0;1960.33109375
30622;2019-05-22 00:00:00;11:00;2019-05-22 11:00:00;;;16.3;6.3;187.93687499999996;43.0;1960.33109375
30622;2019-05-22 00:00:00;08:00;2019-05-22 08:00:00;;0.0;14.6;3.7;187.93687499999996;43.0;1960.33109375
30622;2019-05-22 00:00:00;05:00;2019-05-22 05:00:00;;;9.2;-0.2;187.93687499999996;43.0;1960.33109375
30622;2019-05-22 00:00:00;02:00;2019-05-22 02:00:00;;;6.5;0.5;187.93687499999996;43.0;1960.33109375
30622;2019-05-21 00:00:00;23:00;2019-05-21 23:00:00;;;11.9;-0.1;346.96250000000003;42.0;1772.3942187500002
30622;2019-05-21 00:00:00;20:00;2019-05-21 20:00:00;;0.0;22.3;-0.2;346.96250000000003;42.0;1772.3942187500002
30622;2019-05-21 00:00:00;17:00;2019-05-21 17:00:00;;;26.4;-4.8;346.96250000000003;42.0;1772.3942187500002
30622;2019-05-21 00:00:00;14:00;2019-05-21 14:00:00;;;26.5;-3.2;346.96250000000003;42.0;1772.3942187500002
30622;2019-05-21 00:00:00;11:00;2019-05-21 11:00:00;;;19.8;-5.3;346.96250000000003;42.0;1772.3942187500002
30622;2019-05-21 00:00:00;08:00;2019-05-21 08:00:00;;0.0;10.4;-4.2;346.96250000000003;42.0;1772.3942187500002
30622;2019-05-21 00:00:00;05:00;2019-05-21 05:00:00;;;7.5;-4.5;346.96250000000003;42.0;1772.3942187500002
30622;2019-05-21 00:00:00;02:00;2019-05-21 02:00:00;;;10.6;-6.3;346.96250000000003;42.0;1772.3942187500002
30622;2019-05-20 00:00:00;23:00;2019-05-20 23:00:00;;;13.0;-6.5;190.50250000000003;41.0;1425.43171875
30622;2019-05-20 00:00:00;20:00;2019-05-20 20:00:00;;0.0;19.2;-5.5;190.50250000000003;41.0;1425.43171875
30622;2019-05-20 00:00:00;17:00;2019-05-20 17:00:00;;;21.9;-8.2;190.50250000000003;41.0;1425.43171875
30622;2019-05-20 00:00:00;14:00;2019-05-20 14:00:00;;;19.8;-9.7;190.50250000000003;41.0;1425.43171875
30622;2019-05-20 00:00:00;11:00;2019-05-20 11:00:00;;;13.9;-5.9;190.50250000000003;41.0;1425.43171875
30622;2019-05-20 00:00:00;08:00;2019-05-20 08:00:00;;0.0;3.1;-7.2;190.50250000000003;41.0;1425.43171875
30622;2019-05-20 00:00:00;05:00;2019-05-20 05:00:00;;;-5.0;-10.1;190.50250000000003;41.0;1425.43171875
30622;2019-05-20 00:00:00;02:00;2019-05-20 02:00:00;;;-1.7;-7.5;190.50250000000003;41.0;1425.43171875
30622;2019-05-19 00:00:00;23:00;2019-05-19 23:00:00;;;4.2;-9.6;183.290625;40.0;1234.92921875
30622;2019-05-19 00:00:00;20:00;2019-05-19 20:00:00;;0.0;15.1;-12.9;183.290625;40.0;1234.92921875
30622;2019-05-19 00:00:00;17:00;2019-05-19 17:00:00;;;17.1;-12.2;183.290625;40.0;1234.92921875
30622;2019-05-19 00:00:00;14:00;2019-05-19 14:00:00;;;15.5;-12.6;183.290625;40.0;1234.92921875
30622;2019-05-19 00:00:00;11:00;2019-05-19 11:00:00;;;12.9;-11.0;183.290625;40.0;1234.92921875
30622;2019-05-19 00:00:00;08:00;2019-05-19 08:00:00;;0.0;4.8;-8.6;183.290625;40.0;1234.92921875
30622;2019-05-19 00:00:00;05:00;2019-05-19 05:00:00;;;0.6;-9.4;183.290625;40.0;1234.92921875
30622;2019-05-19 00:00:00;02:00;2019-05-19 02:00:00;;;3.3;-9.8;183.290625;40.0;1234.92921875
30622;2019-05-18 00:00:00;23:00;2019-05-18 23:00:00;;;6.0;-9.4;117.10750000000002;39.0;1051.63859375
30622;2019-05-18 00:00:00;20:00;2019-05-18 20:00:00;;0.0;9.5;-9.4;117.10750000000002;39.0;1051.63859375
30622;2019-05-18 00:00:00;17:00;2019-05-18 17:00:00;;;11.1;-11.1;117.10750000000002;39.0;1051.63859375
30622;2019-05-18 00:00:00;14:00;2019-05-18 14:00:00;;;10.6;-10.5;117.10750000000002;39.0;1051.63859375
30622;2019-05-18 00:00:00;11:00;2019-05-18 11:00:00;;;9.5;-10.1;117.10750000000002;39.0;1051.63859375
30622;2019-05-18 00:00:00;08:00;2019-05-18 08:00:00;;0.0;4.5;-8.3;117.10750000000002;39.0;1051.63859375
30622;2019-05-18 00:00:00;05:00;2019-05-18 05:00:00;;;1.5;-9.5;117.10750000000002;39.0;1051.63859375
30622;2019-05-18 00:00:00;02:00;2019-05-18 02:00:00;;;2.9;-10.9;117.10750000000002;39.0;1051.63859375
30622;2019-05-17 00:00:00;23:00;2019-05-17 23:00:00;;;3.7;-11.7;60.055625;38.0;934.5310937499999
30622;2019-05-17 00:00:00;20:00;2019-05-17 20:00:00;;0.0;7.4;-12.6;60.055625;38.0;934.5310937499999
30622;2019-05-17 00:00:00;17:00;2019-05-17 17:00:00;;;8.6;-13.8;60.055625;38.0;934.5310937499999
30622;2019-05-17 00:00:00;14:00;2019-05-17 14:00:00;;;9.1;-9.9;60.055625;38.0;934.5310937499999
30622;2019-05-17 00:00:00;11:00;2019-05-17 11:00:00;;;7.4;-10.3;60.055625;38.0;934.5310937499999
30622;2019-05-17 00:00:00;08:00;2019-05-17 08:00:00;;0.0;1.4;-3.0;60.055625;38.0;934.5310937499999
30622;2019-05-17 00:00:00;05:00;2019-05-17 05:00:00;;;-1.0;-3.2;60.055625;38.0;934.5310937499999
30622;2019-05-17 00:00:00;02:00;2019-05-17 02:00:00;;;0.5;-2.0;60.055625;38.0;934.5310937499999
30622;2019-05-16 00:00:00;23:00;2019-05-16 23:00:00;;;2.8;-2.1;63.111875000000005;37.0;874.4754687499999
30622;2019-05-16 00:00:00;20:00;2019-05-16 20:00:00;;0.0;6.6;-2.9;63.111875000000005;37.0;874.4754687499999
30622;2019-05-16 00:00:00;17:00;2019-05-16 17:00:00;;;9.8;-8.2;63.111875000000005;37.0;874.4754687499999
30622;2019-05-16 00:00:00;14:00;2019-05-16 14:00:00;;;8.8;-5.0;63.111875000000005;37.0;874.4754687499999
30622;2019-05-16 00:00:00;11:00;2019-05-16 11:00:00;;;9.9;-7.4;63.111875000000005;37.0;874.4754687499999
30622;2019-05-16 00:00:00;08:00;2019-05-16 08:00:00;;0.0;3.7;-8.0;63.111875000000005;37.0;874.4754687499999
30622;2019-05-16 00:00:00;05:00;2019-05-16 05:00:00;;;-1.7;-10.0;63.111875000000005;37.0;874.4754687499999
30622;2019-05-16 00:00:00;02:00;2019-05-16 02:00:00;;;2.0;-10.9;63.111875000000005;37.0;874.4754687499999
30622;2019-05-15 00:00:00;23:00;2019-05-15 23:00:00;;;3.6;-12.0;135.21484375;36.0;811.3635937499998
30622;2019-05-15 00:00:00;20:00;2019-05-15 20:00:00;;0.0;10.4;-13.7;135.21484375;36.0;811.3635937499998
30622;2019-05-15 00:00:00;17:00;2019-05-15 17:00:00;;;13.0;-13.5;135.21484375;36.0;811.3635937499998
30622;2019-05-15 00:00:00;14:00;2019-05-15 14:00:00;;;11.7;-14.3;135.21484375;36.0;811.3635937499998
30622;2019-05-15 00:00:00;11:00;2019-05-15 11:00:00;;;9.6;-11.2;135.21484375;36.0;811.3635937499998
30622;2019-05-15 00:00:00;08:00;2019-05-15 08:00:00;;0.0;5.0;-9.5;135.21484375;36.0;811.3635937499998
30622;2019-05-15 00:00:00;05:00;2019-05-15 05:00:00;;;-0.2;-9.4;135.21484375;36.0;811.3635937499998
30622;2019-05-15 00:00:00;02:00;2019-05-15 02:00:00;;;4.4;-9.4;135.21484375;36.0;811.3635937499998
30622;2019-05-14 00:00:00;23:00;2019-05-14 23:00:00;;;6.4;-5.9;63.185624999999995;35.0;676.1487499999998
30622;2019-05-14 00:00:00;20:00;2019-05-14 20:00:00;;0.0;8.5;-6.3;63.185624999999995;35.0;676.1487499999998
30622;2019-05-14 00:00:00;17:00;2019-05-14 17:00:00;;;9.9;-6.9;63.185624999999995;35.0;676.1487499999998
30622;2019-05-14 00:00:00;14:00;2019-05-14 14:00:00;;;10.0;-6.7;63.185624999999995;35.0;676.1487499999998
30622;2019-05-14 00:00:00;11:00;2019-05-14 11:00:00;;;8.5;-7.2;63.185624999999995;35.0;676.1487499999998
30622;2019-05-14 00:00:00;08:00;2019-05-14 08:00:00;;0.0;1.5;-5.8;63.185624999999995;35.0;676.1487499999998
30622;2019-05-14 00:00:00;05:00;2019-05-14 05:00:00;;;-0.8;-7.0;63.185624999999995;35.0;676.1487499999998
30622;2019-05-14 00:00:00;02:00;2019-05-14 02:00:00;;;-1.7;-7.5;63.185624999999995;35.0;676.1487499999998
30622;2019-05-13 00:00:00;23:00;2019-05-13 23:00:00;;;0.0;-7.3;72.03750000000001;34.0;612.9631249999999
30622;2019-05-13 00:00:00;20:00;2019-05-13 20:00:00;;0.0;8.1;-9.0;72.03750000000001;34.0;612.9631249999999
30622;2019-05-13 00:00:00;17:00;2019-05-13 17:00:00;;;10.2;-8.8;72.03750000000001;34.0;612.9631249999999
30622;2019-05-13 00:00:00;14:00;2019-05-13 14:00:00;;;9.9;-7.6;72.03750000000001;34.0;612.9631249999999
30622;2019-05-13 00:00:00;11:00;2019-05-13 11:00:00;;;6.5;-3.7;72.03750000000001;34.0;612.9631249999999
30622;2019-05-13 00:00:00;08:00;2019-05-13 08:00:00;;0.0;3.9;-0.4;72.03750000000001;34.0;612.9631249999999
30622;2019-05-13 00:00:00;05:00;2019-05-13 05:00:00;;;4.0;-0.3;72.03750000000001;34.0;612.9631249999999
30622;2019-05-13 00:00:00;02:00;2019-05-13 02:00:00;;;8.4;-2.3;72.03750000000001;34.0;612.9631249999999
30622;2019-12-05 00:00:00;23:00;2019-12-05 23:00:00;;;9.8;-8.0;101.77984374999998;14.0;-1182.4101562500002
30622;2019-12-05 00:00:00;20:00;2019-12-05 20:00:00;;0.0;11.9;-7.1;101.77984374999998;14.0;-1182.4101562500002
30622;2019-12-05 00:00:00;17:00;2019-12-05 17:00:00;;;15.5;-8.7;101.77984374999998;14.0;-1182.4101562500002
30622;2019-12-05 00:00:00;14:00;2019-12-05 14:00:00;;;14.3;-8.1;101.77984374999998;14.0;-1182.4101562500002
30622;2019-12-05 00:00:00;11:00;2019-12-05 11:00:00;;;10.2;-8.2;101.77984374999998;14.0;-1182.4101562500002
30622;2019-12-05 00:00:00;08:00;2019-12-05 08:00:00;;0.0;3.6;-5.4;101.77984374999998;14.0;-1182.4101562500002
30622;2019-12-05 00:00:00;05:00;2019-12-05 05:00:00;;;-5.0;-7.1;101.77984374999998;14.0;-1182.4101562500002
30622;2019-12-05 00:00:00;02:00;2019-12-05 02:00:00;;;-4.0;-6.8;101.77984374999998;14.0;-1182.4101562500002
30622;2019-11-05 00:00:00;23:00;2019-11-05 23:00:00;;;0.2;-7.0;38.01875;36.0;-411.65843749999993
30622;2019-11-05 00:00:00;20:00;2019-11-05 20:00:00;;0.0;7.0;-7.6;38.01875;36.0;-411.65843749999993
30622;2019-11-05 00:00:00;17:00;2019-11-05 17:00:00;;;10.1;-8.5;38.01875;36.0;-411.65843749999993
30622;2019-11-05 00:00:00;14:00;2019-11-05 14:00:00;;;7.7;-7.6;38.01875;36.0;-411.65843749999993
30622;2019-11-05 00:00:00;11:00;2019-11-05 11:00:00;;;7.3;-6.1;38.01875;36.0;-411.65843749999993
30622;2019-11-05 00:00:00;08:00;2019-11-05 08:00:00;;0.0;1.7;-2.6;38.01875;36.0;-411.65843749999993
30622;2019-11-05 00:00:00;05:00;2019-11-05 05:00:00;;;-1.5;-3.3;38.01875;36.0;-411.65843749999993
30622;2019-11-05 00:00:00;02:00;2019-11-05 02:00:00;;;-0.9;-2.7;38.01875;36.0;-411.65843749999993
30622;2019-10-05 00:00:00;23:00;2019-10-05 23:00:00;;;0.3;-1.3;5.761875;5.0;-257.3335937500001
30622;2019-10-05 00:00:00;20:00;2019-10-05 20:00:00;;0.8;2.3;-0.7;5.761875;5.0;-257.3335937500001
30622;2019-10-05 00:00:00;17:00;2019-10-05 17:00:00;;;6.2;-2.0;5.761875;5.0;-257.3335937500001
30622;2019-10-05 00:00:00;14:00;2019-10-05 14:00:00;;;2.6;-3.7;5.761875;5.0;-257.3335937500001
30622;2019-10-05 00:00:00;11:00;2019-10-05 11:00:00;;;2.1;-8.2;5.761875;5.0;-257.3335937500001
30622;2019-10-05 00:00:00;08:00;2019-10-05 08:00:00;;0.0;0.3;-7.4;5.761875;5.0;-257.3335937500001
30622;2019-10-05 00:00:00;05:00;2019-10-05 05:00:00;;;-3.7;-6.2;5.761875;5.0;-257.3335937500001
30622;2019-10-05 00:00:00;02:00;2019-10-05 02:00:00;;;-1.7;-6.0;5.761875;5.0;-257.3335937500001
30622;2019-09-05 00:00:00;23:00;2019-09-05 23:00:00;;;0.3;-8.1;41.771249999999995;0.0;41.771249999999995
30622;2019-09-05 00:00:00;20:00;2019-09-05 20:00:00;;0.0;3.8;-9.9;41.771249999999995;0.0;41.771249999999995
30622;2019-09-05 00:00:00;17:00;2019-09-05 17:00:00;;;6.2;-8.3;41.771249999999995;0.0;41.771249999999995
30622;2019-09-05 00:00:00;14:00;2019-09-05 14:00:00;;;6.5;-5.0;41.771249999999995;0.0;41.771249999999995
30622;2019-09-05 00:00:00;11:00;2019-09-05 11:00:00;;;7.0;-4.3;41.771249999999995;0.0;41.771249999999995
30622;2019-09-05 00:00:00;08:00;2019-09-05 08:00:00;;4.0;3.9;-1.4;41.771249999999995;0.0;41.771249999999995
30622;2019-09-05 00:00:00;05:00;2019-09-05 05:00:00;;;3.9;1.0;41.771249999999995;0.0;41.771249999999995
30622;2019-09-05 00:00:00;02:00;2019-09-05 02:00:00;;;6.0;2.5;41.771249999999995;0.0;41.771249999999995
30622;2019-08-05 00:00:00;23:00;2019-08-05 23:00:00;;;7.1;4.1;55.4296875;0.0;55.4296875
30622;2019-08-05 00:00:00;20:00;2019-08-05 20:00:00;;3.0;9.8;6.7;55.4296875;0.0;55.4296875
30622;2019-08-05 00:00:00;17:00;2019-08-05 17:00:00;;;12.1;6.4;55.4296875;0.0;55.4296875
30622;2019-08-05 00:00:00;14:00;2019-08-05 14:00:00;;;17.2;2.4;55.4296875;0.0;55.4296875
30622;2019-08-05 00:00:00;11:00;2019-08-05 11:00:00;;;11.3;7.3;55.4296875;0.0;55.4296875
30622;2019-08-05 00:00:00;08:00;2019-08-05 08:00:00;;6.0;7.2;5.5;55.4296875;0.0;55.4296875
30622;2019-08-05 00:00:00;05:00;2019-08-05 05:00:00;;;6.2;4.1;55.4296875;0.0;55.4296875
30622;2019-08-05 00:00:00;02:00;2019-08-05 02:00:00;;;4.1;-8.8;55.4296875;0.0;55.4296875
30622;2019-07-05 00:00:00;23:00;2019-07-05 23:00:00;;;6.2;-10.7;214.64531250000002;9.0;390.265625
30622;2019-07-05 00:00:00;20:00;2019-07-05 20:00:00;;0.0;13.9;-13.7;214.64531250000002;9.0;390.265625
30622;2019-07-05 00:00:00;17:00;2019-07-05 17:00:00;;;16.6;-14.8;214.64531250000002;9.0;390.265625
30622;2019-07-05 00:00:00;14:00;2019-07-05 14:00:00;;;17.8;-11.5;214.64531250000002;9.0;390.265625
30622;2019-07-05 00:00:00;11:00;2019-07-05 11:00:00;;;15.7;-6.5;214.64531250000002;9.0;390.265625
30622;2019-07-05 00:00:00;08:00;2019-07-05 08:00:00;;0.0;8.4;-3.6;214.64531250000002;9.0;390.265625
30622;2019-07-05 00:00:00;05:00;2019-07-05 05:00:00;;;3.6;-4.2;214.64531250000002;9.0;390.265625
30622;2019-07-05 00:00:00;02:00;2019-07-05 02:00:00;;;4.8;-5.9;214.64531250000002;9.0;390.265625
30622;2019-06-05 00:00:00;23:00;2019-06-05 23:00:00;;;10.7;-7.0;207.4325;8.0;281.39156250000013
30622;2019-06-05 00:00:00;20:00;2019-06-05 20:00:00;;0.0;19.2;-10.3;207.4325;8.0;281.39156250000013
30622;2019-06-05 00:00:00;17:00;2019-06-05 17:00:00;;;21.1;-10.6;207.4325;8.0;281.39156250000013
30622;2019-06-05 00:00:00;14:00;2019-06-05 14:00:00;;;21.4;-10.6;207.4325;8.0;281.39156250000013
30622;2019-06-05 00:00:00;11:00;2019-06-05 11:00:00;;;14.8;-9.0;207.4325;8.0;281.39156250000013
30622;2019-06-05 00:00:00;08:00;2019-06-05 08:00:00;;0.0;2.0;-8.3;207.4325;8.0;281.39156250000013
30622;2019-06-05 00:00:00;05:00;2019-06-05 05:00:00;;;-4.7;-8.9;207.4325;8.0;281.39156250000013
30622;2019-06-05 00:00:00;02:00;2019-06-05 02:00:00;;;-0.9;-10.5;207.4325;8.0;281.39156250000013
30622;2019-05-05 00:00:00;23:00;2019-05-05 23:00:00;;;4.5;-11.5;126.02125000000002;26.0;195.73343749999984
30622;2019-05-05 00:00:00;20:00;2019-05-05 20:00:00;;0.0;16.4;-13.9;126.02125000000002;26.0;195.73343749999984
30622;2019-05-05 00:00:00;17:00;2019-05-05 17:00:00;;;18.7;-12.2;126.02125000000002;26.0;195.73343749999984
30622;2019-05-05 00:00:00;14:00;2019-05-05 14:00:00;;;16.6;-11.8;126.02125000000002;26.0;195.73343749999984
30622;2019-05-05 00:00:00;11:00;2019-05-05 11:00:00;;;10.3;-8.5;126.02125000000002;26.0;195.73343749999984
30622;2019-05-05 00:00:00;08:00;2019-05-05 08:00:00;;0.0;-1.0;-9.5;126.02125000000002;26.0;195.73343749999984
30622;2019-05-05 00:00:00;05:00;2019-05-05 05:00:00;;;-6.2;-11.2;126.02125000000002;26.0;195.73343749999984
30622;2019-05-05 00:00:00;02:00;2019-05-05 02:00:00;;;-3.6;-10.5;126.02125000000002;26.0;195.73343749999984
30622;2019-04-05 00:00:00;23:00;2019-04-05 23:00:00;;;1.4;-11.5;67.02843750000001;25.0;-868.0467187500004
30622;2019-04-05 00:00:00;20:00;2019-04-05 20:00:00;;0.0;8.4;-9.5;67.02843750000001;25.0;-868.0467187500004
30622;2019-04-05 00:00:00;17:00;2019-04-05 17:00:00;;;12.9;-13.6;67.02843750000001;25.0;-868.0467187500004
30622;2019-04-05 00:00:00;14:00;2019-04-05 14:00:00;;;10.2;-13.3;67.02843750000001;25.0;-868.0467187500004
30622;2019-04-05 00:00:00;11:00;2019-04-05 11:00:00;;;7.1;-13.7;67.02843750000001;25.0;-868.0467187500004
30622;2019-04-05 00:00:00;08:00;2019-04-05 08:00:00;;0.0;0.1;-13.1;67.02843750000001;25.0;-868.0467187500004
30622;2019-04-05 00:00:00;05:00;2019-04-05 05:00:00;;;-7.5;-13.8;67.02843750000001;25.0;-868.0467187500004
30622;2019-04-05 00:00:00;02:00;2019-04-05 02:00:00;;;-0.8;-14.6;67.02843750000001;25.0;-868.0467187500004
30622;2019-03-05 00:00:00;23:00;2019-03-05 23:00:00;;;-0.2;-15.1;17.865;58.0;-2350.0602774234703
30622;2019-03-05 00:00:00;20:00;2019-03-05 20:00:00;;0.0;6.2;-17.0;17.865;58.0;-2350.0602774234703
30622;2019-03-05 00:00:00;17:00;2019-03-05 17:00:00;;;7.8;-16.5;17.865;58.0;-2350.0602774234703
30622;2019-03-05 00:00:00;14:00;2019-03-05 14:00:00;;;6.3;-14.1;17.865;58.0;-2350.0602774234703
30622;2019-03-05 00:00:00;11:00;2019-03-05 11:00:00;;;2.7;-13.5;17.865;58.0;-2350.0602774234703
30622;2019-03-05 00:00:00;08:00;2019-03-05 08:00:00;;0.0;-2.8;-9.4;17.865;58.0;-2350.0602774234703
30622;2019-03-05 00:00:00;05:00;2019-03-05 05:00:00;;;-6.0;-11.8;17.865;58.0;-2350.0602774234703
30622;2019-03-05 00:00:00;02:00;2019-03-05 02:00:00;;;-4.4;-12.1;17.865;58.0;-2350.0602774234703
30622;2019-02-05 00:00:00;23:00;2019-02-05 23:00:00;;;-1.0;-12.0;122.81640624999999;30.0;-1260.8043399234693
30622;2019-02-05 00:00:00;20:00;2019-02-05 20:00:00;;0.0;6.0;-12.8;122.81640624999999;30.0;-1260.8043399234693
30622;2019-02-05 00:00:00;17:00;2019-02-05 17:00:00;;;9.7;-11.9;122.81640624999999;30.0;-1260.8043399234693
30622;2019-02-05 00:00:00;14:00;2019-02-05 14:00:00;;;9.5;-11.4;122.81640624999999;30.0;-1260.8043399234693
30622;2019-02-05 00:00:00;11:00;2019-02-05 11:00:00;;;7.2;-13.2;122.81640624999999;30.0;-1260.8043399234693
30622;2019-02-05 00:00:00;08:00;2019-02-05 08:00:00;;0.0;5.6;-8.3;122.81640624999999;30.0;-1260.8043399234693
30622;2019-02-05 00:00:00;05:00;2019-02-05 05:00:00;;;8.0;-8.0;122.81640624999999;30.0;-1260.8043399234693
30622;2019-02-05 00:00:00;02:00;2019-02-05 02:00:00;;;12.5;-1.6;122.81640624999999;30.0;-1260.8043399234693
30622;2019-01-05 00:00:00;23:00;2019-01-05 23:00:00;;;9.4;-6.7;221.274375;27.0;-2195.2834375
30622;2019-01-05 00:00:00;20:00;2019-01-05 20:00:00;;0.0;18.9;-10.1;221.274375;27.0;-2195.2834375
30622;2019-01-05 00:00:00;17:00;2019-01-05 17:00:00;;;25.0;-11.3;221.274375;27.0;-2195.2834375
30622;2019-01-05 00:00:00;14:00;2019-01-05 14:00:00;;;25.5;-8.4;221.274375;27.0;-2195.2834375
30622;2019-01-05 00:00:00;11:00;2019-01-05 11:00:00;;;17.3;-2.7;221.274375;27.0;-2195.2834375
30622;2019-01-05 00:00:00;08:00;2019-01-05 08:00:00;;0.0;3.1;-2.4;221.274375;27.0;-2195.2834375
30622;2019-01-05 00:00:00;05:00;2019-01-05 05:00:00;;;-2.7;-4.9;221.274375;27.0;-2195.2834375
30622;2019-01-05 00:00:00;02:00;2019-01-05 02:00:00;;;0.1;-3.5;221.274375;27.0;-2195.2834375
30622;2019-04-30 00:00:00;23:00;2019-04-30 23:00:00;;;5.0;-2.5;85.203125;21.0;533.44875
30622;2019-04-30 00:00:00;20:00;2019-04-30 20:00:00;;0.0;16.6;-4.0;85.203125;21.0;533.44875
30622;2019-04-30 00:00:00;17:00;2019-04-30 17:00:00;;;19.7;-5.9;85.203125;21.0;533.44875
30622;2019-04-30 00:00:00;14:00;2019-04-30 14:00:00;;;17.2;0.3;85.203125;21.0;533.44875
30622;2019-04-30 00:00:00;11:00;2019-04-30 11:00:00;;;7.6;1.4;85.203125;21.0;533.44875
30622;2019-04-30 00:00:00;08:00;2019-04-30 08:00:00;;1.0;0.8;-1.7;85.203125;21.0;533.44875
30622;2019-04-30 00:00:00;05:00;2019-04-30 05:00:00;;;-1.6;-2.7;85.203125;21.0;533.44875
30622;2019-04-30 00:00:00;02:00;2019-04-30 02:00:00;;;1.2;-0.4;85.203125;21.0;533.44875
30622;2019-04-29 00:00:00;23:00;2019-04-29 23:00:00;;;1.8;0.5;33.794062499999995;20.0;448.245625
30622;2019-04-29 00:00:00;20:00;2019-04-29 20:00:00;;0.9;3.4;1.2;33.794062499999995;20.0;448.245625
30622;2019-04-29 00:00:00;17:00;2019-04-29 17:00:00;;;10.3;-4.1;33.794062499999995;20.0;448.245625
30622;2019-04-29 00:00:00;14:00;2019-04-29 14:00:00;;;10.9;-9.7;33.794062499999995;20.0;448.245625
30622;2019-04-29 00:00:00;11:00;2019-04-29 11:00:00;;;8.6;-5.3;33.794062499999995;20.0;448.245625
30622;2019-04-29 00:00:00;08:00;2019-04-29 08:00:00;;0.0;2.0;-4.5;33.794062499999995;20.0;448.245625
30622;2019-04-29 00:00:00;05:00;2019-04-29 05:00:00;;;-3.8;-5.8;33.794062499999995;20.0;448.245625
30622;2019-04-29 00:00:00;02:00;2019-04-29 02:00:00;;;0.7;-2.2;33.794062499999995;20.0;448.245625
30622;2019-04-28 00:00:00;23:00;2019-04-28 23:00:00;;;2.2;-0.5;51.33374999999999;19.0;414.4515625
30622;2019-04-28 00:00:00;20:00;2019-04-28 20:00:00;;0.0;7.9;-2.2;51.33374999999999;19.0;414.4515625
30622;2019-04-28 00:00:00;17:00;2019-04-28 17:00:00;;;14.1;-0.6;51.33374999999999;19.0;414.4515625
30622;2019-04-28 00:00:00;14:00;2019-04-28 14:00:00;;;15.7;-2.5;51.33374999999999;19.0;414.4515625
30622;2019-04-28 00:00:00;11:00;2019-04-28 11:00:00;;;12.7;-1.7;51.33374999999999;19.0;414.4515625
30622;2019-04-28 00:00:00;08:00;2019-04-28 08:00:00;;0.0;1.6;-2.3;51.33374999999999;19.0;414.4515625
30622;2019-04-28 00:00:00;05:00;2019-04-28 05:00:00;;;-3.0;-4.8;51.33374999999999;19.0;414.4515625
30622;2019-04-28 00:00:00;02:00;2019-04-28 02:00:00;;;-2.6;-4.4;51.33374999999999;19.0;414.4515625
30622;2019-04-27 00:00:00;23:00;2019-04-27 23:00:00;;;1.2;-2.0;45.88390625;18.0;363.1178125
30622;2019-04-27 00:00:00;20:00;2019-04-27 20:00:00;;0.0;11.4;0.6;45.88390625;18.0;363.1178125
30622;2019-04-27 00:00:00;17:00;2019-04-27 17:00:00;;;14.2;0.7;45.88390625;18.0;363.1178125
30622;2019-04-27 00:00:00;14:00;2019-04-27 14:00:00;;;11.9;3.5;45.88390625;18.0;363.1178125
30622;2019-04-27 00:00:00;11:00;2019-04-27 11:00:00;;;10.8;-3.8;45.88390625;18.0;363.1178125
30622;2019-04-27 00:00:00;08:00;2019-04-27 08:00:00;;0.0;1.4;-4.5;45.88390625;18.0;363.1178125
30622;2019-04-27 00:00:00;05:00;2019-04-27 05:00:00;;;-3.1;-6.3;45.88390625;18.0;363.1178125
30622;2019-04-27 00:00:00;02:00;2019-04-27 02:00:00;;;-1.7;-5.8;45.88390625;18.0;363.1178125
30622;2019-04-26 00:00:00;23:00;2019-04-26 23:00:00;;;3.0;-6.0;138.31171874999998;17.0;317.23390625
30622;2019-04-26 00:00:00;20:00;2019-04-26 20:00:00;;0.0;13.7;-6.0;138.31171874999998;17.0;317.23390625
30622;2019-04-26 00:00:00;17:00;2019-04-26 17:00:00;;;17.0;-5.1;138.31171874999998;17.0;317.23390625
30622;2019-04-26 00:00:00;14:00;2019-04-26 14:00:00;;;16.6;-4.0;138.31171874999998;17.0;317.23390625
30622;2019-04-26 00:00:00;11:00;2019-04-26 11:00:00;;;12.5;-8.3;138.31171874999998;17.0;317.23390625
30622;2019-04-26 00:00:00;08:00;2019-04-26 08:00:00;;0.0;4.1;-7.1;138.31171874999998;17.0;317.23390625
30622;2019-04-26 00:00:00;05:00;2019-04-26 05:00:00;;;0.3;-7.8;138.31171874999998;17.0;317.23390625
30622;2019-04-26 00:00:00;02:00;2019-04-26 02:00:00;;;3.9;-9.1;138.31171874999998;17.0;317.23390625
30622;2019-04-25 00:00:00;23:00;2019-04-25 23:00:00;;;6.7;-10.3;93.03281249999999;16.0;178.92218750000006
30622;2019-04-25 00:00:00;20:00;2019-04-25 20:00:00;;0.0;10.2;-10.9;93.03281249999999;16.0;178.92218750000006
30622;2019-04-25 00:00:00;17:00;2019-04-25 17:00:00;;;15.7;-13.2;93.03281249999999;16.0;178.92218750000006
30622;2019-04-25 00:00:00;14:00;2019-04-25 14:00:00;;;14.0;-13.9;93.03281249999999;16.0;178.92218750000006
30622;2019-04-25 00:00:00;11:00;2019-04-25 11:00:00;;;9.1;-10.5;93.03281249999999;16.0;178.92218750000006
30622;2019-04-25 00:00:00;08:00;2019-04-25 08:00:00;;0.0;-0.9;-8.8;93.03281249999999;16.0;178.92218750000006
30622;2019-04-25 00:00:00;05:00;2019-04-25 05:00:00;;;-6.7;-11.0;93.03281249999999;16.0;178.92218750000006
30622;2019-04-25 00:00:00;02:00;2019-04-25 02:00:00;;;-3.5;-10.3;93.03281249999999;16.0;178.92218750000006
30622;2019-04-24 00:00:00;23:00;2019-04-24 23:00:00;;;3.4;-13.0;35.10750000000001;15.0;85.88937500000006
30622;2019-04-24 00:00:00;20:00;2019-04-24 20:00:00;;0.0;7.6;-11.8;35.10750000000001;15.0;85.88937500000006
30622;2019-04-24 00:00:00;17:00;2019-04-24 17:00:00;;;11.6;-13.5;35.10750000000001;15.0;85.88937500000006
30622;2019-04-24 00:00:00;14:00;2019-04-24 14:00:00;;;11.2;-16.0;35.10750000000001;15.0;85.88937500000006
30622;2019-04-24 00:00:00;11:00;2019-04-24 11:00:00;;;6.7;-12.6;35.10750000000001;15.0;85.88937500000006
30622;2019-04-24 00:00:00;08:00;2019-04-24 08:00:00;;0.0;-5.3;-10.8;35.10750000000001;15.0;85.88937500000006
30622;2019-04-24 00:00:00;05:00;2019-04-24 05:00:00;;;-9.2;-12.3;35.10750000000001;15.0;85.88937500000006
30622;2019-04-24 00:00:00;02:00;2019-04-24 02:00:00;;;-7.4;-12.2;35.10750000000001;15.0;85.88937500000006
30622;2019-04-23 00:00:00;23:00;2019-04-23 23:00:00;;;-4.6;-11.6;12.07828125;14.0;50.781875000000056
30622;2019-04-23 00:00:00;20:00;2019-04-23 20:00:00;;0.0;4.8;-17.6;12.07828125;14.0;50.781875000000056
30622;2019-04-23 00:00:00;17:00;2019-04-23 17:00:00;;;7.8;-17.8;12.07828125;14.0;50.781875000000056
30622;2019-04-23 00:00:00;14:00;2019-04-23 14:00:00;;;6.1;-17.0;12.07828125;14.0;50.781875000000056
30622;2019-04-23 00:00:00;11:00;2019-04-23 11:00:00;;;3.6;-13.5;12.07828125;14.0;50.781875000000056
30622;2019-04-23 00:00:00;08:00;2019-04-23 08:00:00;;0.0;-1.0;-12.0;12.07828125;14.0;50.781875000000056
30622;2019-04-23 00:00:00;05:00;2019-04-23 05:00:00;;;-7.2;-12.9;12.07828125;14.0;50.781875000000056
30622;2019-04-23 00:00:00;02:00;2019-04-23 02:00:00;;;-3.2;-14.0;12.07828125;14.0;50.781875000000056
30622;2019-04-22 00:00:00;23:00;2019-04-22 23:00:00;;;-3.5;-15.2;54.9040625;13.0;38.70359375000005
30622;2019-04-22 00:00:00;20:00;2019-04-22 20:00:00;;0.0;2.5;-18.0;54.9040625;13.0;38.70359375000005
30622;2019-04-22 00:00:00;17:00;2019-04-22 17:00:00;;;5.1;-17.6;54.9040625;13.0;38.70359375000005
30622;2019-04-22 00:00:00;14:00;2019-04-22 14:00:00;;;7.3;-13.4;54.9040625;13.0;38.70359375000005
30622;2019-04-22 00:00:00;11:00;2019-04-22 11:00:00;;;5.4;-11.0;54.9040625;13.0;38.70359375000005
30622;2019-04-22 00:00:00;08:00;2019-04-22 08:00:00;;0.0;2.1;-9.6;54.9040625;13.0;38.70359375000005
30622;2019-04-22 00:00:00;05:00;2019-04-22 05:00:00;;;2.9;-10.4;54.9040625;13.0;38.70359375000005
30622;2019-04-22 00:00:00;02:00;2019-04-22 02:00:00;;;4.8;-10.3;54.9040625;13.0;38.70359375000005
30622;2019-04-21 00:00:00;23:00;2019-04-21 23:00:00;;;5.1;-7.0;22.198281249999997;12.0;-16.200468749999953
30622;2019-04-21 00:00:00;20:00;2019-04-21 20:00:00;;0.0;9.5;-7.0;22.198281249999997;12.0;-16.200468749999953
30622;2019-04-21 00:00:00;17:00;2019-04-21 17:00:00;;;13.0;-11.9;22.198281249999997;12.0;-16.200468749999953
30622;2019-04-21 00:00:00;14:00;2019-04-21 14:00:00;;;10.2;-15.6;22.198281249999997;12.0;-16.200468749999953
30622;2019-04-21 00:00:00;11:00;2019-04-21 11:00:00;;;3.4;-11.8;22.198281249999997;12.0;-16.200468749999953
30622;2019-04-21 00:00:00;08:00;2019-04-21 08:00:00;;0.0;-7.7;-11.7;22.198281249999997;12.0;-16.200468749999953
30622;2019-04-21 00:00:00;05:00;2019-04-21 05:00:00;;;-10.8;-12.9;22.198281249999997;12.0;-16.200468749999953
30622;2019-04-21 00:00:00;02:00;2019-04-21 02:00:00;;;-9.0;-12.1;22.198281249999997;12.0;-16.200468749999953
30622;2019-04-20 00:00:00;23:00;2019-04-20 23:00:00;;;-4.9;-13.7;-4.127812499999999;11.0;-38.39874999999995
30622;2019-04-20 00:00:00;20:00;2019-04-20 20:00:00;;0.0;4.0;-18.9;-4.127812499999999;11.0;-38.39874999999995
30622;2019-04-20 00:00:00;17:00;2019-04-20 17:00:00;;;6.3;-18.9;-4.127812499999999;11.0;-38.39874999999995
30622;2019-04-20 00:00:00;14:00;2019-04-20 14:00:00;;;4.4;-19.7;-4.127812499999999;11.0;-38.39874999999995
30622;2019-04-20 00:00:00;11:00;2019-04-20 11:00:00;;;1.3;-16.6;-4.127812499999999;11.0;-38.39874999999995
30622;2019-04-20 00:00:00;08:00;2019-04-20 08:00:00;;0.0;-2.3;-14.2;-4.127812499999999;11.0;-38.39874999999995
30622;2019-04-20 00:00:00;05:00;2019-04-20 05:00:00;;;-7.1;-13.1;-4.127812499999999;11.0;-38.39874999999995
30622;2019-04-20 00:00:00;02:00;2019-04-20 02:00:00;;;-3.8;-12.8;-4.127812499999999;11.0;-38.39874999999995
30622;2019-04-19 00:00:00;23:00;2019-04-19 23:00:00;;;-2.9;-12.9;-0.7987499999999995;10.0;-34.27093749999995
30622;2019-04-19 00:00:00;20:00;2019-04-19 20:00:00;;0.0;-0.9;-12.7;-0.7987499999999995;10.0;-34.27093749999995
30622;2019-04-19 00:00:00;17:00;2019-04-19 17:00:00;;;-1.0;-14.7;-0.7987499999999995;10.0;-34.27093749999995
30622;2019-04-19 00:00:00;14:00;2019-04-19 14:00:00;;;-1.1;-17.2;-0.7987499999999995;10.0;-34.27093749999995
30622;2019-04-19 00:00:00;11:00;2019-04-19 11:00:00;;;-0.5;-9.0;-0.7987499999999995;10.0;-34.27093749999995
30622;2019-04-19 00:00:00;08:00;2019-04-19 08:00:00;;0.0;0.2;-7.6;-0.7987499999999995;10.0;-34.27093749999995
30622;2019-04-19 00:00:00;05:00;2019-04-19 05:00:00;;;2.4;-3.4;-0.7987499999999995;10.0;-34.27093749999995
30622;2019-04-19 00:00:00;02:00;2019-04-19 02:00:00;;;3.2;-8.3;-0.7987499999999995;10.0;-34.27093749999995
30622;2019-04-18 00:00:00;23:00;2019-04-18 23:00:00;;;7.1;-9.3;45.7809375;9.0;-33.472187499999954
30622;2019-04-18 00:00:00;20:00;2019-04-18 20:00:00;;0.0;7.9;-8.5;45.7809375;9.0;-33.472187499999954
30622;2019-04-18 00:00:00;17:00;2019-04-18 17:00:00;;;13.6;-8.7;45.7809375;9.0;-33.472187499999954
30622;2019-04-18 00:00:00;14:00;2019-04-18 14:00:00;;;12.2;-9.2;45.7809375;9.0;-33.472187499999954
30622;2019-04-18 00:00:00;11:00;2019-04-18 11:00:00;;;4.7;-10.5;45.7809375;9.0;-33.472187499999954
30622;2019-04-18 00:00:00;08:00;2019-04-18 08:00:00;;0.0;-3.5;-8.5;45.7809375;9.0;-33.472187499999954
30622;2019-04-18 00:00:00;05:00;2019-04-18 05:00:00;;;-8.5;-11.4;45.7809375;9.0;-33.472187499999954
30622;2019-04-18 00:00:00;02:00;2019-04-18 02:00:00;;;-5.3;-9.6;45.7809375;9.0;-33.472187499999954
30622;2019-04-17 00:00:00;23:00;2019-04-17 23:00:00;;;-4.2;-10.0;-6.002343749999999;8.0;-79.25312499999995
30622;2019-04-17 00:00:00;20:00;2019-04-17 20:00:00;;0.0;3.6;-13.7;-6.002343749999999;8.0;-79.25312499999995
30622;2019-04-17 00:00:00;17:00;2019-04-17 17:00:00;;;5.9;-15.7;-6.002343749999999;8.0;-79.25312499999995
30622;2019-04-17 00:00:00;14:00;2019-04-17 14:00:00;;;5.2;-14.6;-6.002343749999999;8.0;-79.25312499999995
30622;2019-04-17 00:00:00;11:00;2019-04-17 11:00:00;;;2.5;-14.5;-6.002343749999999;8.0;-79.25312499999995
30622;2019-04-17 00:00:00;08:00;2019-04-17 08:00:00;;0.0;-4.5;-11.3;-6.002343749999999;8.0;-79.25312499999995
30622;2019-04-17 00:00:00;05:00;2019-04-17 05:00:00;;;-5.7;-11.8;-6.002343749999999;8.0;-79.25312499999995
30622;2019-04-17 00:00:00;02:00;2019-04-17 02:00:00;;;-6.7;-10.8;-6.002343749999999;8.0;-79.25312499999995
30622;2019-04-16 00:00:00;23:00;2019-04-16 23:00:00;;;-3.9;-11.2;-32.9565625;7.0;-73.25078124999996
30622;2019-04-16 00:00:00;20:00;2019-04-16 20:00:00;;0.0;0.7;-14.3;-32.9565625;7.0;-73.25078124999996
30622;2019-04-16 00:00:00;17:00;2019-04-16 17:00:00;;;1.8;-13.5;-32.9565625;7.0;-73.25078124999996
30622;2019-04-16 00:00:00;14:00;2019-04-16 14:00:00;;;0.6;-13.7;-32.9565625;7.0;-73.25078124999996
30622;2019-04-16 00:00:00;11:00;2019-04-16 11:00:00;;;-2.6;-8.5;-32.9565625;7.0;-73.25078124999996
30622;2019-04-16 00:00:00;08:00;2019-04-16 08:00:00;1.0;0.0;-8.6;-11.6;-32.9565625;7.0;-73.25078124999996
30622;2019-04-16 00:00:00;05:00;2019-04-16 05:00:00;;;-10.8;-13.1;-32.9565625;7.0;-73.25078124999996
30622;2019-04-16 00:00:00;02:00;2019-04-16 02:00:00;;;-9.8;-11.4;-32.9565625;7.0;-73.25078124999996
30622;2019-04-15 00:00:00;23:00;2019-04-15 23:00:00;;;-6.1;-9.5;-4.0665625;6.0;-40.29421874999997
30622;2019-04-15 00:00:00;20:00;2019-04-15 20:00:00;;1.0;-1.1;-6.1;-4.0665625;6.0;-40.29421874999997
30622;2019-04-15 00:00:00;17:00;2019-04-15 17:00:00;;;1.2;-4.1;-4.0665625;6.0;-40.29421874999997
30622;2019-04-15 00:00:00;14:00;2019-04-15 14:00:00;;;-1.6;-3.8;-4.0665625;6.0;-40.29421874999997
30622;2019-04-15 00:00:00;11:00;2019-04-15 11:00:00;;;-1.3;-4.0;-4.0665625;6.0;-40.29421874999997
30622;2019-04-15 00:00:00;08:00;2019-04-15 08:00:00;1.0;0.6;-0.9;-3.7;-4.0665625;6.0;-40.29421874999997
30622;2019-04-15 00:00:00;05:00;2019-04-15 05:00:00;;;-1.3;-2.9;-4.0665625;6.0;-40.29421874999997
30622;2019-04-15 00:00:00;02:00;2019-04-15 02:00:00;;;2.0;-3.6;-4.0665625;6.0;-40.29421874999997
30622;2019-04-14 00:00:00;23:00;2019-04-14 23:00:00;;;2.5;-1.9;59.53125;5.0;-36.22765624999997
30622;2019-04-14 00:00:00;20:00;2019-04-14 20:00:00;;0.1;5.8;-0.6;59.53125;5.0;-36.22765624999997
30622;2019-04-14 00:00:00;17:00;2019-04-14 17:00:00;;;12.5;-3.5;59.53125;5.0;-36.22765624999997
30622;2019-04-14 00:00:00;14:00;2019-04-14 14:00:00;;;14.4;-5.3;59.53125;5.0;-36.22765624999997
30622;2019-04-14 00:00:00;11:00;2019-04-14 11:00:00;;;11.8;-3.5;59.53125;5.0;-36.22765624999997
30622;2019-04-14 00:00:00;08:00;2019-04-14 08:00:00;;0.0;8.0;-3.6;59.53125;5.0;-36.22765624999997
30622;2019-04-14 00:00:00;05:00;2019-04-14 05:00:00;;;-2.2;-3.6;59.53125;5.0;-36.22765624999997
30622;2019-04-14 00:00:00;02:00;2019-04-14 02:00:00;;;-2.8;-4.2;59.53125;5.0;-36.22765624999997
30622;2019-04-13 00:00:00;23:00;2019-04-13 23:00:00;;;0.1;-2.3;-11.083125000000003;4.0;-95.75890624999997
30622;2019-04-13 00:00:00;20:00;2019-04-13 20:00:00;;0.8;1.3;-0.9;-11.083125000000003;4.0;-95.75890624999997
30622;2019-04-13 00:00:00;17:00;2019-04-13 17:00:00;;;0.2;-1.4;-11.083125000000003;4.0;-95.75890624999997
30622;2019-04-13 00:00:00;14:00;2019-04-13 14:00:00;;;-0.3;-6.7;-11.083125000000003;4.0;-95.75890624999997
30622;2019-04-13 00:00:00;11:00;2019-04-13 11:00:00;;;-2.2;-9.3;-11.083125000000003;4.0;-95.75890624999997
30622;2019-04-13 00:00:00;08:00;2019-04-13 08:00:00;2.0;2.0;-10.3;-12.6;-11.083125000000003;4.0;-95.75890624999997
30622;2019-04-13 00:00:00;05:00;2019-04-13 05:00:00;;;-11.1;-12.9;-11.083125000000003;4.0;-95.75890624999997
30622;2019-04-13 00:00:00;02:00;2019-04-13 02:00:00;;;-5.3;-7.2;-11.083125000000003;4.0;-95.75890624999997
30622;2019-12-04 00:00:00;23:00;2019-12-04 23:00:00;;;-3.3;-4.6;-25.712499999999995;13.0;-1284.1900000000003
30622;2019-12-04 00:00:00;20:00;2019-12-04 20:00:00;;0.0;-0.5;-7.9;-25.712499999999995;13.0;-1284.1900000000003
30622;2019-12-04 00:00:00;17:00;2019-12-04 17:00:00;;;1.6;-9.7;-25.712499999999995;13.0;-1284.1900000000003
30622;2019-12-04 00:00:00;14:00;2019-12-04 14:00:00;;;0.6;-10.6;-25.712499999999995;13.0;-1284.1900000000003
30622;2019-12-04 00:00:00;11:00;2019-12-04 11:00:00;;;-0.3;-16.9;-25.712499999999995;13.0;-1284.1900000000003
30622;2019-12-04 00:00:00;08:00;2019-12-04 08:00:00;;0.0;-6.7;-12.7;-25.712499999999995;13.0;-1284.1900000000003
30622;2019-12-04 00:00:00;05:00;2019-12-04 05:00:00;;;-10.4;-13.9;-25.712499999999995;13.0;-1284.1900000000003
30622;2019-12-04 00:00:00;02:00;2019-12-04 02:00:00;;;-8.2;-11.4;-25.712499999999995;13.0;-1284.1900000000003
30622;2019-11-04 00:00:00;23:00;2019-11-04 23:00:00;;;-4.8;-14.1;31.900000000000002;35.0;-449.67718749999995
30622;2019-11-04 00:00:00;20:00;2019-11-04 20:00:00;;0.0;1.2;-18.5;31.900000000000002;35.0;-449.67718749999995
30622;2019-11-04 00:00:00;17:00;2019-11-04 17:00:00;;;4.1;-21.5;31.900000000000002;35.0;-449.67718749999995
30622;2019-11-04 00:00:00;14:00;2019-11-04 14:00:00;;;5.7;-21.1;31.900000000000002;35.0;-449.67718749999995
30622;2019-11-04 00:00:00;11:00;2019-11-04 11:00:00;;;5.5;-13.3;31.900000000000002;35.0;-449.67718749999995
30622;2019-11-04 00:00:00;08:00;2019-11-04 08:00:00;;0.0;4.3;-8.2;31.900000000000002;35.0;-449.67718749999995
30622;2019-11-04 00:00:00;05:00;2019-11-04 05:00:00;;;1.6;-8.3;31.900000000000002;35.0;-449.67718749999995
30622;2019-11-04 00:00:00;02:00;2019-11-04 02:00:00;;;-1.6;-6.6;31.900000000000002;35.0;-449.67718749999995
30622;2019-10-04 00:00:00;23:00;2019-10-04 23:00:00;;;2.5;-9.6;28.7665625;4.0;-263.09546875000007
30622;2019-10-04 00:00:00;20:00;2019-10-04 20:00:00;;0.0;6.3;-8.5;28.7665625;4.0;-263.09546875000007
30622;2019-10-04 00:00:00;17:00;2019-10-04 17:00:00;;;14.9;-11.6;28.7665625;4.0;-263.09546875000007
30622;2019-10-04 00:00:00;14:00;2019-10-04 14:00:00;;;12.4;-8.8;28.7665625;4.0;-263.09546875000007
30622;2019-10-04 00:00:00;11:00;2019-10-04 11:00:00;;;3.6;-8.8;28.7665625;4.0;-263.09546875000007
30622;2019-10-04 00:00:00;08:00;2019-10-04 08:00:00;;0.0;-5.8;-9.0;28.7665625;4.0;-263.09546875000007
30622;2019-10-04 00:00:00;05:00;2019-10-04 05:00:00;;;-7.8;-9.9;28.7665625;4.0;-263.09546875000007
30622;2019-10-04 00:00:00;02:00;2019-10-04 02:00:00;;;-6.7;-9.3;28.7665625;4.0;-263.09546875000007
30622;2019-09-04 00:00:00;23:00;2019-09-04 23:00:00;;;-2.5;-9.2;4.527187499999999;9.0;181.4465625000001
30622;2019-09-04 00:00:00;20:00;2019-09-04 20:00:00;;0.0;2.9;-11.3;4.527187499999999;9.0;181.4465625000001
30622;2019-09-04 00:00:00;17:00;2019-09-04 17:00:00;;;8.0;-13.7;4.527187499999999;9.0;181.4465625000001
30622;2019-09-04 00:00:00;14:00;2019-09-04 14:00:00;;;6.8;-11.8;4.527187499999999;9.0;181.4465625000001
30622;2019-09-04 00:00:00;11:00;2019-09-04 11:00:00;;;3.4;-12.1;4.527187499999999;9.0;181.4465625000001
30622;2019-09-04 00:00:00;08:00;2019-09-04 08:00:00;;0.0;-4.0;-8.9;4.527187499999999;9.0;181.4465625000001
30622;2019-09-04 00:00:00;05:00;2019-09-04 05:00:00;;;-7.4;-9.4;4.527187499999999;9.0;181.4465625000001
30622;2019-09-04 00:00:00;02:00;2019-09-04 02:00:00;;;-3.9;-8.1;4.527187499999999;9.0;181.4465625000001
30622;2019-08-04 00:00:00;23:00;2019-08-04 23:00:00;;;0.6;-8.6;-4.3199999999999985;6.0;-84.09343749999996
30622;2019-08-04 00:00:00;20:00;2019-08-04 20:00:00;;0.0;3.7;-9.2;-4.3199999999999985;6.0;-84.09343749999996
30622;2019-08-04 00:00:00;17:00;2019-08-04 17:00:00;;;8.0;-11.1;-4.3199999999999985;6.0;-84.09343749999996
30622;2019-08-04 00:00:00;14:00;2019-08-04 14:00:00;;;9.0;-11.8;-4.3199999999999985;6.0;-84.09343749999996
30622;2019-08-04 00:00:00;11:00;2019-08-04 11:00:00;;;-0.3;-12.3;-4.3199999999999985;6.0;-84.09343749999996
30622;2019-08-04 00:00:00;08:00;2019-08-04 08:00:00;;0.0;-7.3;-12.6;-4.3199999999999985;6.0;-84.09343749999996
30622;2019-08-04 00:00:00;05:00;2019-08-04 05:00:00;;;-9.5;-12.6;-4.3199999999999985;6.0;-84.09343749999996
30622;2019-08-04 00:00:00;02:00;2019-08-04 02:00:00;;;-7.4;-11.4;-4.3199999999999985;6.0;-84.09343749999996
30622;2019-07-04 00:00:00;23:00;2019-07-04 23:00:00;;;-4.1;-11.4;-26.004375000000007;8.0;175.62031249999998
30622;2019-07-04 00:00:00;20:00;2019-07-04 20:00:00;;0.0;1.2;-14.9;-26.004375000000007;8.0;175.62031249999998
30622;2019-07-04 00:00:00;17:00;2019-07-04 17:00:00;;;5.1;-17.5;-26.004375000000007;8.0;175.62031249999998
30622;2019-07-04 00:00:00;14:00;2019-07-04 14:00:00;;;4.2;-15.6;-26.004375000000007;8.0;175.62031249999998
30622;2019-07-04 00:00:00;11:00;2019-07-04 11:00:00;;;-0.9;-10.3;-26.004375000000007;8.0;175.62031249999998
30622;2019-07-04 00:00:00;08:00;2019-07-04 08:00:00;;0.0;-8.5;-11.6;-26.004375000000007;8.0;175.62031249999998
30622;2019-07-04 00:00:00;05:00;2019-07-04 05:00:00;;;-9.5;-11.6;-26.004375000000007;8.0;175.62031249999998
30622;2019-07-04 00:00:00;02:00;2019-07-04 02:00:00;;;-7.6;-10.0;-26.004375000000007;8.0;175.62031249999998
30622;2019-06-04 00:00:00;23:00;2019-06-04 23:00:00;;;-4.5;-8.6;-25.8190625;7.0;73.95906250000013
30622;2019-06-04 00:00:00;20:00;2019-06-04 20:00:00;;0.0;-1.2;-9.3;-25.8190625;7.0;73.95906250000013
30622;2019-06-04 00:00:00;17:00;2019-06-04 17:00:00;;;3.6;-13.2;-25.8190625;7.0;73.95906250000013
30622;2019-06-04 00:00:00;14:00;2019-06-04 14:00:00;;;2.7;-12.8;-25.8190625;7.0;73.95906250000013
30622;2019-06-04 00:00:00;11:00;2019-06-04 11:00:00;;;-1.8;-11.2;-25.8190625;7.0;73.95906250000013
30622;2019-06-04 00:00:00;08:00;2019-06-04 08:00:00;;0.0;-8.0;-11.9;-25.8190625;7.0;73.95906250000013
30622;2019-06-04 00:00:00;05:00;2019-06-04 05:00:00;;;-9.7;-11.9;-25.8190625;7.0;73.95906250000013
30622;2019-06-04 00:00:00;02:00;2019-06-04 02:00:00;;;-7.0;-10.8;-25.8190625;7.0;73.95906250000013
30622;2019-05-04 00:00:00;23:00;2019-05-04 23:00:00;;;-5.3;-9.3;-27.987187499999994;25.0;69.71218749999981
30622;2019-05-04 00:00:00;20:00;2019-05-04 20:00:00;;0.0;-0.8;-15.0;-27.987187499999994;25.0;69.71218749999981
30622;2019-05-04 00:00:00;17:00;2019-05-04 17:00:00;;;2.2;-16.9;-27.987187499999994;25.0;69.71218749999981
30622;2019-05-04 00:00:00;14:00;2019-05-04 14:00:00;;;0.9;-15.1;-27.987187499999994;25.0;69.71218749999981
30622;2019-05-04 00:00:00;11:00;2019-05-04 11:00:00;;;-0.5;-15.1;-27.987187499999994;25.0;69.71218749999981
30622;2019-05-04 00:00:00;08:00;2019-05-04 08:00:00;;0.0;-6.0;-12.2;-27.987187499999994;25.0;69.71218749999981
30622;2019-05-04 00:00:00;05:00;2019-05-04 05:00:00;;;-6.4;-12.4;-27.987187499999994;25.0;69.71218749999981
30622;2019-05-04 00:00:00;02:00;2019-05-04 02:00:00;;;-5.5;-9.1;-27.987187499999994;25.0;69.71218749999981
30622;2019-04-04 00:00:00;23:00;2019-04-04 23:00:00;;;-5.2;-9.3;-16.7971875;24.0;-935.0751562500004
30622;2019-04-04 00:00:00;20:00;2019-04-04 20:00:00;;0.0;-0.9;-12.0;-16.7971875;24.0;-935.0751562500004
30622;2019-04-04 00:00:00;17:00;2019-04-04 17:00:00;;;1.9;-16.1;-16.7971875;24.0;-935.0751562500004
30622;2019-04-04 00:00:00;14:00;2019-04-04 14:00:00;;;2.7;-14.7;-16.7971875;24.0;-935.0751562500004
30622;2019-04-04 00:00:00;11:00;2019-04-04 11:00:00;;;0.8;-14.5;-16.7971875;24.0;-935.0751562500004
30622;2019-04-04 00:00:00;08:00;2019-04-04 08:00:00;;0.0;-3.2;-12.5;-16.7971875;24.0;-935.0751562500004
30622;2019-04-04 00:00:00;05:00;2019-04-04 05:00:00;;;-4.2;-13.2;-16.7971875;24.0;-935.0751562500004
30622;2019-04-04 00:00:00;02:00;2019-04-04 02:00:00;;;-3.3;-13.4;-16.7971875;24.0;-935.0751562500004
30622;2019-03-04 00:00:00;23:00;2019-03-04 23:00:00;;;1.0;-14.8;10.448437499999999;57.0;-2367.92527742347
30622;2019-03-04 00:00:00;20:00;2019-03-04 20:00:00;;0.6;2.8;-14.0;10.448437499999999;57.0;-2367.92527742347
30622;2019-03-04 00:00:00;17:00;2019-03-04 17:00:00;;;6.9;-14.3;10.448437499999999;57.0;-2367.92527742347
30622;2019-03-04 00:00:00;14:00;2019-03-04 14:00:00;;;5.4;-4.0;10.448437499999999;57.0;-2367.92527742347
30622;2019-03-04 00:00:00;11:00;2019-03-04 11:00:00;;;1.2;0.0;10.448437499999999;57.0;-2367.92527742347
30622;2019-03-04 00:00:00;08:00;2019-03-04 08:00:00;;0.0;-2.2;-5.5;10.448437499999999;57.0;-2367.92527742347
30622;2019-03-04 00:00:00;05:00;2019-03-04 05:00:00;;;-3.3;-6.3;10.448437499999999;57.0;-2367.92527742347
30622;2019-03-04 00:00:00;02:00;2019-03-04 02:00:00;;;-2.8;-6.4;10.448437499999999;57.0;-2367.92527742347
30622;2019-02-04 00:00:00;23:00;2019-02-04 23:00:00;;;-2.4;-5.8;24.7078125;29.0;-1383.6207461734693
30622;2019-02-04 00:00:00;20:00;2019-02-04 20:00:00;;0.0;3.0;-6.1;24.7078125;29.0;-1383.6207461734693
30622;2019-02-04 00:00:00;17:00;2019-02-04 17:00:00;;;9.4;-9.3;24.7078125;29.0;-1383.6207461734693
30622;2019-02-04 00:00:00;14:00;2019-02-04 14:00:00;;;7.9;-10.1;24.7078125;29.0;-1383.6207461734693
30622;2019-02-04 00:00:00;11:00;2019-02-04 11:00:00;;;4.7;-6.9;24.7078125;29.0;-1383.6207461734693
30622;2019-02-04 00:00:00;08:00;2019-02-04 08:00:00;;0.0;-0.4;-4.2;24.7078125;29.0;-1383.6207461734693
30622;2019-02-04 00:00:00;05:00;2019-02-04 05:00:00;;;-2.1;-5.3;24.7078125;29.0;-1383.6207461734693
30622;2019-02-04 00:00:00;02:00;2019-02-04 02:00:00;;;0.9;-6.6;24.7078125;29.0;-1383.6207461734693
30622;2019-01-04 00:00:00;23:00;2019-01-04 23:00:00;;;2.2;-6.4;1.9531250000000018;26.0;-2416.5578125
30622;2019-01-04 00:00:00;20:00;2019-01-04 20:00:00;;0.0;4.3;-4.9;1.9531250000000018;26.0;-2416.5578125
30622;2019-01-04 00:00:00;17:00;2019-01-04 17:00:00;;;9.5;-6.2;1.9531250000000018;26.0;-2416.5578125
30622;2019-01-04 00:00:00;14:00;2019-01-04 14:00:00;;;7.7;-6.0;1.9531250000000018;26.0;-2416.5578125
30622;2019-01-04 00:00:00;11:00;2019-01-04 11:00:00;;;-0.1;-7.9;1.9531250000000018;26.0;-2416.5578125
30622;2019-01-04 00:00:00;08:00;2019-01-04 08:00:00;;0.0;-7.4;-10.4;1.9531250000000018;26.0;-2416.5578125
30622;2019-01-04 00:00:00;05:00;2019-01-04 05:00:00;;;-8.1;-10.4;1.9531250000000018;26.0;-2416.5578125
30622;2019-01-04 00:00:00;02:00;2019-01-04 02:00:00;;;-6.1;-8.3;1.9531250000000018;26.0;-2416.5578125
30622;2019-03-31 00:00:00;23:00;2019-03-31 23:00:00;;;-2.6;-7.1;-17.771875;20.0;-565.7748437500001
30622;2019-03-31 00:00:00;20:00;2019-03-31 20:00:00;;0.0;1.0;-8.3;-17.771875;20.0;-565.7748437500001
30622;2019-03-31 00:00:00;17:00;2019-03-31 17:00:00;;;4.7;-9.0;-17.771875;20.0;-565.7748437500001
30622;2019-03-31 00:00:00;14:00;2019-03-31 14:00:00;;;3.6;-7.8;-17.771875;20.0;-565.7748437500001
30622;2019-03-31 00:00:00;11:00;2019-03-31 11:00:00;;;-2.8;-6.9;-17.771875;20.0;-565.7748437500001
30622;2019-03-31 00:00:00;08:00;2019-03-31 08:00:00;Менее 0.5;0.0;-10.1;-12.0;-17.771875;20.0;-565.7748437500001
30622;2019-03-31 00:00:00;05:00;2019-03-31 05:00:00;;;-10.0;-11.9;-17.771875;20.0;-565.7748437500001
30622;2019-03-31 00:00:00;02:00;2019-03-31 02:00:00;;;-7.3;-8.9;-17.771875;20.0;-565.7748437500001
30622;2019-03-30 00:00:00;23:00;2019-03-30 23:00:00;;;-3.7;-5.9;-8.144375;19.0;-548.00296875
30622;2019-03-30 00:00:00;20:00;2019-03-30 20:00:00;;0.0;0.0;-4.9;-8.144375;19.0;-548.00296875
30622;2019-03-30 00:00:00;17:00;2019-03-30 17:00:00;;;3.3;-5.6;-8.144375;19.0;-548.00296875
30622;2019-03-30 00:00:00;14:00;2019-03-30 14:00:00;;;2.8;-5.0;-8.144375;19.0;-548.00296875
30622;2019-03-30 00:00:00;11:00;2019-03-30 11:00:00;;;-0.6;-4.7;-8.144375;19.0;-548.00296875
30622;2019-03-30 00:00:00;08:00;2019-03-30 08:00:00;1.0;0.3;-6.5;-7.7;-8.144375;19.0;-548.00296875
30622;2019-03-30 00:00:00;05:00;2019-03-30 05:00:00;;;-6.5;-7.6;-8.144375;19.0;-548.00296875
30622;2019-03-30 00:00:00;02:00;2019-03-30 02:00:00;;;-5.4;-6.6;-8.144375;19.0;-548.00296875
30622;2019-03-29 00:00:00;23:00;2019-03-29 23:00:00;;;-5.5;-6.7;-12.06796875;18.0;-539.8585937500001
30622;2019-03-29 00:00:00;20:00;2019-03-29 20:00:00;;0.2;-1.1;-2.4;-12.06796875;18.0;-539.8585937500001
30622;2019-03-29 00:00:00;17:00;2019-03-29 17:00:00;;;0.4;-4.3;-12.06796875;18.0;-539.8585937500001
30622;2019-03-29 00:00:00;14:00;2019-03-29 14:00:00;;;0.9;-5.0;-12.06796875;18.0;-539.8585937500001
30622;2019-03-29 00:00:00;11:00;2019-03-29 11:00:00;;;-1.0;-7.5;-12.06796875;18.0;-539.8585937500001
30622;2019-03-29 00:00:00;08:00;2019-03-29 08:00:00;1.0;0.0;-7.9;-11.1;-12.06796875;18.0;-539.8585937500001
30622;2019-03-29 00:00:00;05:00;2019-03-29 05:00:00;;;-6.2;-9.1;-12.06796875;18.0;-539.8585937500001
30622;2019-03-29 00:00:00;02:00;2019-03-29 02:00:00;;;-6.7;-9.5;-12.06796875;18.0;-539.8585937500001
30622;2019-03-28 00:00:00;23:00;2019-03-28 23:00:00;;;-3.1;-9.6;-35.268750000000004;17.0;-527.7906250000001
30622;2019-03-28 00:00:00;20:00;2019-03-28 20:00:00;;0.0;-0.8;-9.5;-35.268750000000004;17.0;-527.7906250000001
30622;2019-03-28 00:00:00;17:00;2019-03-28 17:00:00;;;1.4;-12.9;-35.268750000000004;17.0;-527.7906250000001
30622;2019-03-28 00:00:00;14:00;2019-03-28 14:00:00;;;-0.2;-11.7;-35.268750000000004;17.0;-527.7906250000001
30622;2019-03-28 00:00:00;11:00;2019-03-28 11:00:00;;;-3.1;-14.1;-35.268750000000004;17.0;-527.7906250000001
30622;2019-03-28 00:00:00;08:00;2019-03-28 08:00:00;3.0;0.0;-9.8;-15.9;-35.268750000000004;17.0;-527.7906250000001
30622;2019-03-28 00:00:00;05:00;2019-03-28 05:00:00;;;-10.4;-14.0;-35.268750000000004;17.0;-527.7906250000001
30622;2019-03-28 00:00:00;02:00;2019-03-28 02:00:00;;;-8.2;-12.5;-35.268750000000004;17.0;-527.7906250000001
30622;2019-03-27 00:00:00;23:00;2019-03-27 23:00:00;;;-3.4;-13.0;-63.18984375000001;16.0;-492.5218750000001
30622;2019-03-27 00:00:00;20:00;2019-03-27 20:00:00;;0.0;-1.4;-13.3;-63.18984375000001;16.0;-492.5218750000001
30622;2019-03-27 00:00:00;17:00;2019-03-27 17:00:00;;;0.9;-16.5;-63.18984375000001;16.0;-492.5218750000001
30622;2019-03-27 00:00:00;14:00;2019-03-27 14:00:00;;;-0.2;-13.8;-63.18984375000001;16.0;-492.5218750000001
30622;2019-03-27 00:00:00;11:00;2019-03-27 11:00:00;;;-8.8;-17.1;-63.18984375000001;16.0;-492.5218750000001
30622;2019-03-27 00:00:00;08:00;2019-03-27 08:00:00;4.0;0.0;-14.5;-20.7;-63.18984375000001;16.0;-492.5218750000001
30622;2019-03-27 00:00:00;05:00;2019-03-27 05:00:00;;;-11.9;-19.7;-63.18984375000001;16.0;-492.5218750000001
30622;2019-03-27 00:00:00;02:00;2019-03-27 02:00:00;;;-8.0;-18.7;-63.18984375000001;16.0;-492.5218750000001
30622;2019-03-26 00:00:00;23:00;2019-03-26 23:00:00;;;-5.3;-17.9;-62.082968749999985;15.0;-429.33203125000006
30622;2019-03-26 00:00:00;20:00;2019-03-26 20:00:00;;0.0;-3.6;-15.0;-62.082968749999985;15.0;-429.33203125000006
30622;2019-03-26 00:00:00;17:00;2019-03-26 17:00:00;;;1.2;-19.6;-62.082968749999985;15.0;-429.33203125000006
30622;2019-03-26 00:00:00;14:00;2019-03-26 14:00:00;;;-1.4;-16.0;-62.082968749999985;15.0;-429.33203125000006
30622;2019-03-26 00:00:00;11:00;2019-03-26 11:00:00;;;-6.7;-13.2;-62.082968749999985;15.0;-429.33203125000006
30622;2019-03-26 00:00:00;08:00;2019-03-26 08:00:00;5.0;0.0;-13.1;-17.8;-62.082968749999985;15.0;-429.33203125000006
30622;2019-03-26 00:00:00;05:00;2019-03-26 05:00:00;;;-11.2;-15.4;-62.082968749999985;15.0;-429.33203125000006
30622;2019-03-26 00:00:00;02:00;2019-03-26 02:00:00;;;-5.0;-18.3;-62.082968749999985;15.0;-429.33203125000006
30622;2019-03-25 00:00:00;23:00;2019-03-25 23:00:00;;;-3.6;-5.5;-27.406875;14.0;-367.2490625000001
30622;2019-03-25 00:00:00;20:00;2019-03-25 20:00:00;;0.3;-3.5;-5.2;-27.406875;14.0;-367.2490625000001
30622;2019-03-25 00:00:00;17:00;2019-03-25 17:00:00;;;-1.5;-7.1;-27.406875;14.0;-367.2490625000001
30622;2019-03-25 00:00:00;14:00;2019-03-25 14:00:00;;;-2.4;-10.6;-27.406875;14.0;-367.2490625000001
30622;2019-03-25 00:00:00;11:00;2019-03-25 11:00:00;;;-7.8;-14.2;-27.406875;14.0;-367.2490625000001
30622;2019-03-25 00:00:00;08:00;2019-03-25 08:00:00;6.0;0.0;-13.2;-15.6;-27.406875;14.0;-367.2490625000001
30622;2019-03-25 00:00:00;05:00;2019-03-25 05:00:00;;;-13.2;-15.4;-27.406875;14.0;-367.2490625000001
30622;2019-03-25 00:00:00;02:00;2019-03-25 02:00:00;;;-11.2;-13.9;-27.406875;14.0;-367.2490625000001
30622;2019-03-24 00:00:00;23:00;2019-03-24 23:00:00;;;-7.7;-11.2;-18.7140625;13.0;-339.8421875000001
30622;2019-03-24 00:00:00;20:00;2019-03-24 20:00:00;;0.0;-1.2;-11.5;-18.7140625;13.0;-339.8421875000001
30622;2019-03-24 00:00:00;17:00;2019-03-24 17:00:00;;;2.1;-12.4;-18.7140625;13.0;-339.8421875000001
30622;2019-03-24 00:00:00;14:00;2019-03-24 14:00:00;;;0.9;-9.5;-18.7140625;13.0;-339.8421875000001
30622;2019-03-24 00:00:00;11:00;2019-03-24 11:00:00;;;0.6;-9.4;-18.7140625;13.0;-339.8421875000001
30622;2019-03-24 00:00:00;08:00;2019-03-24 08:00:00;7.0;0.0;-5.4;-8.4;-18.7140625;13.0;-339.8421875000001
30622;2019-03-24 00:00:00;05:00;2019-03-24 05:00:00;;;-5.2;-8.5;-18.7140625;13.0;-339.8421875000001
30622;2019-03-24 00:00:00;02:00;2019-03-24 02:00:00;;;-4.4;-8.4;-18.7140625;13.0;-339.8421875000001
30622;2019-03-23 00:00:00;23:00;2019-03-23 23:00:00;;;-3.3;-8.4;-34.409062500000005;12.0;-321.12812500000007
30622;2019-03-23 00:00:00;20:00;2019-03-23 20:00:00;;0.0;2.1;-9.4;-34.409062500000005;12.0;-321.12812500000007
30622;2019-03-23 00:00:00;17:00;2019-03-23 17:00:00;;;5.1;-9.9;-34.409062500000005;12.0;-321.12812500000007
30622;2019-03-23 00:00:00;14:00;2019-03-23 14:00:00;;;5.4;-9.8;-34.409062500000005;12.0;-321.12812500000007
30622;2019-03-23 00:00:00;11:00;2019-03-23 11:00:00;;;-6.4;-11.7;-34.409062500000005;12.0;-321.12812500000007
30622;2019-03-23 00:00:00;08:00;2019-03-23 08:00:00;9.0;0.0;-14.3;-16.1;-34.409062500000005;12.0;-321.12812500000007
30622;2019-03-23 00:00:00;05:00;2019-03-23 05:00:00;;;-13.9;-15.7;-34.409062500000005;12.0;-321.12812500000007
30622;2019-03-23 00:00:00;02:00;2019-03-23 02:00:00;;;-12.8;-14.9;-34.409062500000005;12.0;-321.12812500000007
30622;2019-03-22 00:00:00;23:00;2019-03-22 23:00:00;;;-10.7;-13.0;-44.3421875;11.0;-286.71906250000006
30622;2019-03-22 00:00:00;20:00;2019-03-22 20:00:00;;0.0;-6.1;-11.5;-44.3421875;11.0;-286.71906250000006
30622;2019-03-22 00:00:00;17:00;2019-03-22 17:00:00;;;-0.5;-11.5;-44.3421875;11.0;-286.71906250000006
30622;2019-03-22 00:00:00;14:00;2019-03-22 14:00:00;;;-2.7;-11.1;-44.3421875;11.0;-286.71906250000006
30622;2019-03-22 00:00:00;11:00;2019-03-22 11:00:00;;;-11.2;-15.0;-44.3421875;11.0;-286.71906250000006
30622;2019-03-22 00:00:00;08:00;2019-03-22 08:00:00;9.0;0.0;-18.9;-20.9;-44.3421875;11.0;-286.71906250000006
30622;2019-03-22 00:00:00;05:00;2019-03-22 05:00:00;;;-17.8;-19.6;-44.3421875;11.0;-286.71906250000006
30622;2019-03-22 00:00:00;02:00;2019-03-22 02:00:00;;;-8.8;-11.1;-44.3421875;11.0;-286.71906250000006
30622;2019-03-21 00:00:00;23:00;2019-03-21 23:00:00;;;-7.7;-9.7;-21.146874999999998;10.0;-242.37687500000004
30622;2019-03-21 00:00:00;20:00;2019-03-21 20:00:00;;0.7;-5.5;-7.3;-21.146874999999998;10.0;-242.37687500000004
30622;2019-03-21 00:00:00;17:00;2019-03-21 17:00:00;;;-2.8;-8.5;-21.146874999999998;10.0;-242.37687500000004
30622;2019-03-21 00:00:00;14:00;2019-03-21 14:00:00;;;-3.3;-9.4;-21.146874999999998;10.0;-242.37687500000004
30622;2019-03-21 00:00:00;11:00;2019-03-21 11:00:00;;;-4.4;-9.5;-21.146874999999998;10.0;-242.37687500000004
30622;2019-03-21 00:00:00;08:00;2019-03-21 08:00:00;8.0;0.0;-9.4;-11.6;-21.146874999999998;10.0;-242.37687500000004
30622;2019-03-21 00:00:00;05:00;2019-03-21 05:00:00;;;-9.3;-11.3;-21.146874999999998;10.0;-242.37687500000004
30622;2019-03-21 00:00:00;02:00;2019-03-21 02:00:00;;;-8.1;-10.0;-21.146874999999998;10.0;-242.37687500000004
30622;2019-03-20 00:00:00;23:00;2019-03-20 23:00:00;;;-7.7;-10.4;-28.391250000000003;9.0;-221.23000000000005
30622;2019-03-20 00:00:00;20:00;2019-03-20 20:00:00;;0.0;-4.6;-9.8;-28.391250000000003;9.0;-221.23000000000005
30622;2019-03-20 00:00:00;17:00;2019-03-20 17:00:00;;;-1.9;-9.6;-28.391250000000003;9.0;-221.23000000000005
30622;2019-03-20 00:00:00;14:00;2019-03-20 14:00:00;;;-1.1;-11.5;-28.391250000000003;9.0;-221.23000000000005
30622;2019-03-20 00:00:00;11:00;2019-03-20 11:00:00;;;-3.9;-9.5;-28.391250000000003;9.0;-221.23000000000005
30622;2019-03-20 00:00:00;08:00;2019-03-20 08:00:00;8.0;0.0;-9.0;-11.6;-28.391250000000003;9.0;-221.23000000000005
30622;2019-03-20 00:00:00;05:00;2019-03-20 05:00:00;;;-8.4;-11.2;-28.391250000000003;9.0;-221.23000000000005
30622;2019-03-20 00:00:00;02:00;2019-03-20 02:00:00;;;-8.6;-11.8;-28.391250000000003;9.0;-221.23000000000005
30622;2019-03-19 00:00:00;23:00;2019-03-19 23:00:00;;;-8.9;-12.0;-39.3675;8.0;-192.83875000000003
30622;2019-03-19 00:00:00;20:00;2019-03-19 20:00:00;;0.0;-7.4;-13.0;-39.3675;8.0;-192.83875000000003
30622;2019-03-19 00:00:00;17:00;2019-03-19 17:00:00;;;-2.1;-14.0;-39.3675;8.0;-192.83875000000003
30622;2019-03-19 00:00:00;14:00;2019-03-19 14:00:00;;;-1.8;-13.3;-39.3675;8.0;-192.83875000000003
30622;2019-03-19 00:00:00;11:00;2019-03-19 11:00:00;;;-3.8;-13.2;-39.3675;8.0;-192.83875000000003
30622;2019-03-19 00:00:00;08:00;2019-03-19 08:00:00;9.0;0.0;-10.0;-13.8;-39.3675;8.0;-192.83875000000003
30622;2019-03-19 00:00:00;05:00;2019-03-19 05:00:00;;;-5.7;-10.0;-39.3675;8.0;-192.83875000000003
30622;2019-03-19 00:00:00;02:00;2019-03-19 02:00:00;;;-6.7;-11.4;-39.3675;8.0;-192.83875000000003
30622;2019-03-18 00:00:00;23:00;2019-03-18 23:00:00;;;-4.4;-7.4;-5.62875;7.0;-153.47125000000003
30622;2019-03-18 00:00:00;20:00;2019-03-18 20:00:00;;0.0;-2.9;-8.1;-5.62875;7.0;-153.47125000000003
30622;2019-03-18 00:00:00;17:00;2019-03-18 17:00:00;;;-0.1;-7.2;-5.62875;7.0;-153.47125000000003
30622;2019-03-18 00:00:00;14:00;2019-03-18 14:00:00;;;1.2;-9.2;-5.62875;7.0;-153.47125000000003
30622;2019-03-18 00:00:00;11:00;2019-03-18 11:00:00;;;-0.1;-6.9;-5.62875;7.0;-153.47125000000003
30622;2019-03-18 00:00:00;08:00;2019-03-18 08:00:00;9.0;0.0;-0.3;-5.7;-5.62875;7.0;-153.47125000000003
30622;2019-03-18 00:00:00;05:00;2019-03-18 05:00:00;;;-0.5;-4.5;-5.62875;7.0;-153.47125000000003
30622;2019-03-18 00:00:00;02:00;2019-03-18 02:00:00;;;-0.8;-4.5;-5.62875;7.0;-153.47125000000003
30622;2019-03-17 00:00:00;23:00;2019-03-17 23:00:00;;;1.8;-3.7;-10.47375;6.0;-147.84250000000003
30622;2019-03-17 00:00:00;20:00;2019-03-17 20:00:00;;0.0;3.1;-2.1;-10.47375;6.0;-147.84250000000003
30622;2019-03-17 00:00:00;17:00;2019-03-17 17:00:00;;;4.4;-3.0;-10.47375;6.0;-147.84250000000003
30622;2019-03-17 00:00:00;14:00;2019-03-17 14:00:00;;;1.7;-5.1;-10.47375;6.0;-147.84250000000003
30622;2019-03-17 00:00:00;11:00;2019-03-17 11:00:00;;;-5.6;-6.6;-10.47375;6.0;-147.84250000000003
30622;2019-03-17 00:00:00;08:00;2019-03-17 08:00:00;11.0;0.0;-10.4;-11.7;-10.47375;6.0;-147.84250000000003
30622;2019-03-17 00:00:00;05:00;2019-03-17 05:00:00;;;-11.0;-12.3;-10.47375;6.0;-147.84250000000003
30622;2019-03-17 00:00:00;02:00;2019-03-17 02:00:00;;;-6.8;-7.7;-10.47375;6.0;-147.84250000000003
30622;2019-03-16 00:00:00;23:00;2019-03-16 23:00:00;;;-4.4;-5.7;4.024218749999998;5.0;-137.36875000000003
30622;2019-03-16 00:00:00;20:00;2019-03-16 20:00:00;;0.0;0.7;-2.8;4.024218749999998;5.0;-137.36875000000003
30622;2019-03-16 00:00:00;17:00;2019-03-16 17:00:00;;;8.7;-0.6;4.024218749999998;5.0;-137.36875000000003
30622;2019-03-16 00:00:00;14:00;2019-03-16 14:00:00;;;6.6;-1.0;4.024218749999998;5.0;-137.36875000000003
30622;2019-03-16 00:00:00;11:00;2019-03-16 11:00:00;;;2.3;-1.9;4.024218749999998;5.0;-137.36875000000003
30622;2019-03-16 00:00:00;08:00;2019-03-16 08:00:00;14.0;0.0;-1.7;-3.2;4.024218749999998;5.0;-137.36875000000003
30622;2019-03-16 00:00:00;05:00;2019-03-16 05:00:00;;;-2.1;-3.5;4.024218749999998;5.0;-137.36875000000003
30622;2019-03-16 00:00:00;02:00;2019-03-16 02:00:00;;;-1.6;-3.1;4.024218749999998;5.0;-137.36875000000003
30622;2019-03-15 00:00:00;23:00;2019-03-15 23:00:00;;;-0.9;-2.9;0.54375;4.0;-141.39296875000002
30622;2019-03-15 00:00:00;20:00;2019-03-15 20:00:00;;0.0;0.0;-2.6;0.54375;4.0;-141.39296875000002
30622;2019-03-15 00:00:00;17:00;2019-03-15 17:00:00;;;2.0;-2.8;0.54375;4.0;-141.39296875000002
30622;2019-03-15 00:00:00;14:00;2019-03-15 14:00:00;;;2.4;-3.1;0.54375;4.0;-141.39296875000002
30622;2019-03-15 00:00:00;11:00;2019-03-15 11:00:00;;;1.6;-2.2;0.54375;4.0;-141.39296875000002
30622;2019-03-15 00:00:00;08:00;2019-03-15 08:00:00;17.0;2.0;-0.9;-2.9;0.54375;4.0;-141.39296875000002
30622;2019-03-15 00:00:00;05:00;2019-03-15 05:00:00;;;-0.4;-2.0;0.54375;4.0;-141.39296875000002
30622;2019-03-15 00:00:00;02:00;2019-03-15 02:00:00;;;-2.3;-3.2;0.54375;4.0;-141.39296875000002
30622;2019-03-14 00:00:00;23:00;2019-03-14 23:00:00;;;-2.6;-3.4;-11.967343750000001;3.0;-141.93671875
30622;2019-03-14 00:00:00;20:00;2019-03-14 20:00:00;;1.0;-1.6;-2.7;-11.967343750000001;3.0;-141.93671875
30622;2019-03-14 00:00:00;17:00;2019-03-14 17:00:00;;;-1.7;-3.0;-11.967343750000001;3.0;-141.93671875
30622;2019-03-14 00:00:00;14:00;2019-03-14 14:00:00;;;-1.4;-7.6;-11.967343750000001;3.0;-141.93671875
30622;2019-03-14 00:00:00;11:00;2019-03-14 11:00:00;;;-9.0;-12.5;-11.967343750000001;3.0;-141.93671875
30622;2019-03-14 00:00:00;08:00;2019-03-14 08:00:00;15.0;0.5;-13.1;-14.7;-11.967343750000001;3.0;-141.93671875
30622;2019-03-14 00:00:00;05:00;2019-03-14 05:00:00;;;-7.2;-10.3;-11.967343750000001;3.0;-141.93671875
30622;2019-03-14 00:00:00;02:00;2019-03-14 02:00:00;;;-3.5;-5.0;-11.967343750000001;3.0;-141.93671875
30622;2019-03-13 00:00:00;23:00;2019-03-13 23:00:00;;;-4.5;-5.6;-15.12109375;2.0;-129.969375
30622;2019-03-13 00:00:00;20:00;2019-03-13 20:00:00;;0.6;-3.4;-4.6;-15.12109375;2.0;-129.969375
30622;2019-03-13 00:00:00;17:00;2019-03-13 17:00:00;;;-0.7;-3.8;-15.12109375;2.0;-129.969375
30622;2019-03-13 00:00:00;14:00;2019-03-13 14:00:00;;;-0.2;-7.0;-15.12109375;2.0;-129.969375
30622;2019-03-13 00:00:00;11:00;2019-03-13 11:00:00;;;-6.0;-10.0;-15.12109375;2.0;-129.969375
30622;2019-03-13 00:00:00;08:00;2019-03-13 08:00:00;15.0;1.0;-11.0;-13.5;-15.12109375;2.0;-129.969375
30622;2019-03-13 00:00:00;05:00;2019-03-13 05:00:00;;;-10.0;-12.2;-15.12109375;2.0;-129.969375
30622;2019-03-13 00:00:00;02:00;2019-03-13 02:00:00;;;-3.7;-7.3;-15.12109375;2.0;-129.969375
30622;2019-12-03 00:00:00;23:00;2019-12-03 23:00:00;;;-2.7;-3.9;-29.062343750000004;12.0;-1258.4775000000002
30622;2019-12-03 00:00:00;20:00;2019-12-03 20:00:00;;0.0;-1.5;-8.0;-29.062343750000004;12.0;-1258.4775000000002
30622;2019-12-03 00:00:00;17:00;2019-12-03 17:00:00;;;2.1;-8.8;-29.062343750000004;12.0;-1258.4775000000002
30622;2019-12-03 00:00:00;14:00;2019-12-03 14:00:00;;;-1.2;-9.5;-29.062343750000004;12.0;-1258.4775000000002
30622;2019-12-03 00:00:00;11:00;2019-12-03 11:00:00;;;-5.7;-12.4;-29.062343750000004;12.0;-1258.4775000000002
30622;2019-12-03 00:00:00;08:00;2019-12-03 08:00:00;12.0;0.0;-11.9;-14.1;-29.062343750000004;12.0;-1258.4775000000002
30622;2019-12-03 00:00:00;05:00;2019-12-03 05:00:00;;;-11.7;-14.4;-29.062343750000004;12.0;-1258.4775000000002
30622;2019-12-03 00:00:00;02:00;2019-12-03 02:00:00;;;-13.1;-15.3;-29.062343750000004;12.0;-1258.4775000000002
30622;2019-11-03 00:00:00;23:00;2019-11-03 23:00:00;;;-14.3;-16.1;-54.69624999999999;34.0;-481.5771874999999
30622;2019-11-03 00:00:00;20:00;2019-11-03 20:00:00;;0.0;-8.6;-13.5;-54.69624999999999;34.0;-481.5771874999999
30622;2019-11-03 00:00:00;17:00;2019-11-03 17:00:00;;;-3.4;-12.5;-54.69624999999999;34.0;-481.5771874999999
30622;2019-11-03 00:00:00;14:00;2019-11-03 14:00:00;;;-4.6;-14.0;-54.69624999999999;34.0;-481.5771874999999
30622;2019-11-03 00:00:00;11:00;2019-11-03 11:00:00;;;-11.9;-17.4;-54.69624999999999;34.0;-481.5771874999999
30622;2019-11-03 00:00:00;08:00;2019-11-03 08:00:00;12.0;0.0;-14.4;-17.6;-54.69624999999999;34.0;-481.5771874999999
30622;2019-11-03 00:00:00;05:00;2019-11-03 05:00:00;;;-17.6;-20.2;-54.69624999999999;34.0;-481.5771874999999
30622;2019-11-03 00:00:00;02:00;2019-11-03 02:00:00;;;-14.5;-17.2;-54.69624999999999;34.0;-481.5771874999999
30622;2019-10-03 00:00:00;23:00;2019-10-03 23:00:00;;;-11.5;-14.5;-45.87875;3.0;-291.8620312500001
30622;2019-10-03 00:00:00;20:00;2019-10-03 20:00:00;;0.0;-7.3;-12.7;-45.87875;3.0;-291.8620312500001
30622;2019-10-03 00:00:00;17:00;2019-10-03 17:00:00;;;-4.6;-14.4;-45.87875;3.0;-291.8620312500001
30622;2019-10-03 00:00:00;14:00;2019-10-03 14:00:00;;;-3.6;-15.2;-45.87875;3.0;-291.8620312500001
30622;2019-10-03 00:00:00;11:00;2019-10-03 11:00:00;;;-4.4;-13.9;-45.87875;3.0;-291.8620312500001
30622;2019-10-03 00:00:00;08:00;2019-10-03 08:00:00;13.0;0.0;-9.2;-14.8;-45.87875;3.0;-291.8620312500001
30622;2019-10-03 00:00:00;05:00;2019-10-03 05:00:00;;;-5.6;-14.9;-45.87875;3.0;-291.8620312500001
30622;2019-10-03 00:00:00;02:00;2019-10-03 02:00:00;;;-4.6;-8.2;-45.87875;3.0;-291.8620312500001
30622;2019-09-03 00:00:00;23:00;2019-09-03 23:00:00;;;-9.0;-11.6;-50.174062500000005;8.0;176.91937500000012
30622;2019-09-03 00:00:00;20:00;2019-09-03 20:00:00;;0.0;-7.1;-11.3;-50.174062500000005;8.0;176.91937500000012
30622;2019-09-03 00:00:00;17:00;2019-09-03 17:00:00;;;-2.7;-12.1;-50.174062500000005;8.0;176.91937500000012
30622;2019-09-03 00:00:00;14:00;2019-09-03 14:00:00;;;-8.3;-14.4;-50.174062500000005;8.0;176.91937500000012
30622;2019-09-03 00:00:00;11:00;2019-09-03 11:00:00;;;-14.4;-18.3;-50.174062500000005;8.0;176.91937500000012
30622;2019-09-03 00:00:00;08:00;2019-09-03 08:00:00;13.0;0.0;-21.1;-23.5;-50.174062500000005;8.0;176.91937500000012
30622;2019-09-03 00:00:00;05:00;2019-09-03 05:00:00;;;-19.3;-21.1;-50.174062500000005;8.0;176.91937500000012
30622;2019-09-03 00:00:00;02:00;2019-09-03 02:00:00;;;-16.3;-18.6;-50.174062500000005;8.0;176.91937500000012
30622;2019-08-03 00:00:00;23:00;2019-08-03 23:00:00;;;-11.3;-14.7;-48.504999999999995;5.0;-79.77343749999997
30622;2019-08-03 00:00:00;20:00;2019-08-03 20:00:00;;0.0;-4.6;-12.6;-48.504999999999995;5.0;-79.77343749999997
30622;2019-08-03 00:00:00;17:00;2019-08-03 17:00:00;;;-0.5;-12.3;-48.504999999999995;5.0;-79.77343749999997
30622;2019-08-03 00:00:00;14:00;2019-08-03 14:00:00;;;-4.4;-10.8;-48.504999999999995;5.0;-79.77343749999997
30622;2019-08-03 00:00:00;11:00;2019-08-03 11:00:00;;;-11.6;-15.8;-48.504999999999995;5.0;-79.77343749999997
30622;2019-08-03 00:00:00;08:00;2019-08-03 08:00:00;13.0;0.0;-18.2;-19.9;-48.504999999999995;5.0;-79.77343749999997
30622;2019-08-03 00:00:00;05:00;2019-08-03 05:00:00;;;-13.2;-15.9;-48.504999999999995;5.0;-79.77343749999997
30622;2019-08-03 00:00:00;02:00;2019-08-03 02:00:00;;;-7.4;-12.8;-48.504999999999995;5.0;-79.77343749999997
30622;2019-07-03 00:00:00;23:00;2019-07-03 23:00:00;;;-1.7;-10.9;-27.905624999999997;7.0;201.6246875
30622;2019-07-03 00:00:00;20:00;2019-07-03 20:00:00;;0.0;-0.6;-6.4;-27.905624999999997;7.0;201.6246875
30622;2019-07-03 00:00:00;17:00;2019-07-03 17:00:00;;;1.4;-7.1;-27.905624999999997;7.0;201.6246875
30622;2019-07-03 00:00:00;14:00;2019-07-03 14:00:00;;;1.3;-3.1;-27.905624999999997;7.0;201.6246875
30622;2019-07-03 00:00:00;11:00;2019-07-03 11:00:00;;;-8.1;-11.8;-27.905624999999997;7.0;201.6246875
30622;2019-07-03 00:00:00;08:00;2019-07-03 08:00:00;14.0;0.0;-13.6;-15.5;-27.905624999999997;7.0;201.6246875
30622;2019-07-03 00:00:00;05:00;2019-07-03 05:00:00;;;-13.6;-15.4;-27.905624999999997;7.0;201.6246875
30622;2019-07-03 00:00:00;02:00;2019-07-03 02:00:00;;;-13.5;-15.1;-27.905624999999997;7.0;201.6246875
30622;2019-06-03 00:00:00;23:00;2019-06-03 23:00:00;;;-11.2;-13.3;-45.35999999999999;6.0;99.77812500000013
30622;2019-06-03 00:00:00;20:00;2019-06-03 20:00:00;;0.0;-7.1;-10.7;-45.35999999999999;6.0;99.77812500000013
30622;2019-06-03 00:00:00;17:00;2019-06-03 17:00:00;;;-0.8;-11.6;-45.35999999999999;6.0;99.77812500000013
30622;2019-06-03 00:00:00;14:00;2019-06-03 14:00:00;;;-5.1;-12.0;-45.35999999999999;6.0;99.77812500000013
30622;2019-06-03 00:00:00;11:00;2019-06-03 11:00:00;;;-12.5;-16.4;-45.35999999999999;6.0;99.77812500000013
30622;2019-06-03 00:00:00;08:00;2019-06-03 08:00:00;14.0;0.0;-18.6;-20.4;-45.35999999999999;6.0;99.77812500000013
30622;2019-06-03 00:00:00;05:00;2019-06-03 05:00:00;;;-16.3;-18.5;-45.35999999999999;6.0;99.77812500000013
30622;2019-06-03 00:00:00;02:00;2019-06-03 02:00:00;;;-14.8;-17.1;-45.35999999999999;6.0;99.77812500000013
30622;2019-05-03 00:00:00;23:00;2019-05-03 23:00:00;;;-11.3;-14.6;-55.379687500000024;24.0;97.6993749999998
30622;2019-05-03 00:00:00;20:00;2019-05-03 20:00:00;;0.0;-7.9;-12.1;-55.379687500000024;24.0;97.6993749999998
30622;2019-05-03 00:00:00;17:00;2019-05-03 17:00:00;;;-1.7;-11.9;-55.379687500000024;24.0;97.6993749999998
30622;2019-05-03 00:00:00;14:00;2019-05-03 14:00:00;;;-7.9;-14.5;-55.379687500000024;24.0;97.6993749999998
30622;2019-05-03 00:00:00;11:00;2019-05-03 11:00:00;;;-16.7;-19.2;-55.379687500000024;24.0;97.6993749999998
30622;2019-05-03 00:00:00;08:00;2019-05-03 08:00:00;14.0;0.0;-22.6;-25.1;-55.379687500000024;24.0;97.6993749999998
30622;2019-05-03 00:00:00;05:00;2019-05-03 05:00:00;;;-20.3;-22.4;-55.379687500000024;24.0;97.6993749999998
30622;2019-05-03 00:00:00;02:00;2019-05-03 02:00:00;;;-17.4;-19.5;-55.379687500000024;24.0;97.6993749999998
30622;2019-04-03 00:00:00;23:00;2019-04-03 23:00:00;;;-13.9;-15.7;-27.399531249999995;23.0;-918.2779687500005
30622;2019-04-03 00:00:00;20:00;2019-04-03 20:00:00;;0.0;-8.5;-11.0;-27.399531249999995;23.0;-918.2779687500005
30622;2019-04-03 00:00:00;17:00;2019-04-03 17:00:00;;;-0.2;-8.8;-27.399531249999995;23.0;-918.2779687500005
30622;2019-04-03 00:00:00;14:00;2019-04-03 14:00:00;;;-1.6;-8.3;-27.399531249999995;23.0;-918.2779687500005
30622;2019-04-03 00:00:00;11:00;2019-04-03 11:00:00;;;-8.9;-12.2;-27.399531249999995;23.0;-918.2779687500005
30622;2019-04-03 00:00:00;08:00;2019-04-03 08:00:00;15.0;0.0;-12.7;-14.2;-27.399531249999995;23.0;-918.2779687500005
30622;2019-04-03 00:00:00;05:00;2019-04-03 05:00:00;;;-6.5;-9.1;-27.399531249999995;23.0;-918.2779687500005
30622;2019-04-03 00:00:00;02:00;2019-04-03 02:00:00;;;-8.8;-10.5;-27.399531249999995;23.0;-918.2779687500005
30622;2019-03-03 00:00:00;23:00;2019-03-03 23:00:00;;;-9.6;-11.5;-31.036406249999988;56.0;-2378.3737149234703
30622;2019-03-03 00:00:00;20:00;2019-03-03 20:00:00;;0.0;-5.8;-8.8;-31.036406249999988;56.0;-2378.3737149234703
30622;2019-03-03 00:00:00;17:00;2019-03-03 17:00:00;;;-3.6;-8.8;-31.036406249999988;56.0;-2378.3737149234703
30622;2019-03-03 00:00:00;14:00;2019-03-03 14:00:00;;;-6.7;-10.9;-31.036406249999988;56.0;-2378.3737149234703
30622;2019-03-03 00:00:00;11:00;2019-03-03 11:00:00;;;-13.9;-15.7;-31.036406249999988;56.0;-2378.3737149234703
30622;2019-03-03 00:00:00;08:00;2019-03-03 08:00:00;15.0;0.0;-18.6;-20.7;-31.036406249999988;56.0;-2378.3737149234703
30622;2019-03-03 00:00:00;05:00;2019-03-03 05:00:00;;;-16.9;-18.9;-31.036406249999988;56.0;-2378.3737149234703
30622;2019-03-03 00:00:00;02:00;2019-03-03 02:00:00;;;-15.6;-17.3;-31.036406249999988;56.0;-2378.3737149234703
30622;2019-02-03 00:00:00;23:00;2019-02-03 23:00:00;;;-12.4;-14.1;-44.04624999999999;28.0;-1408.3285586734694
30622;2019-02-03 00:00:00;20:00;2019-02-03 20:00:00;;0.0;-7.5;-11.2;-44.04624999999999;28.0;-1408.3285586734694
30622;2019-02-03 00:00:00;17:00;2019-02-03 17:00:00;;;4.0;-7.4;-44.04624999999999;28.0;-1408.3285586734694
30622;2019-02-03 00:00:00;14:00;2019-02-03 14:00:00;;;-3.7;-10.3;-44.04624999999999;28.0;-1408.3285586734694
30622;2019-02-03 00:00:00;11:00;2019-02-03 11:00:00;;;-11.7;-15.5;-44.04624999999999;28.0;-1408.3285586734694
30622;2019-02-03 00:00:00;08:00;2019-02-03 08:00:00;15.0;0.0;-19.0;-21.3;-44.04624999999999;28.0;-1408.3285586734694
30622;2019-02-03 00:00:00;05:00;2019-02-03 05:00:00;;;-18.2;-20.2;-44.04624999999999;28.0;-1408.3285586734694
30622;2019-02-03 00:00:00;02:00;2019-02-03 02:00:00;;;-15.9;-17.8;-44.04624999999999;28.0;-1408.3285586734694
30622;2019-01-03 00:00:00;23:00;2019-01-03 23:00:00;;;-13.5;-16.2;-51.638124999999995;25.0;-2418.5109375
30622;2019-01-03 00:00:00;20:00;2019-01-03 20:00:00;;0.0;-10.0;-13.4;-51.638124999999995;25.0;-2418.5109375
30622;2019-01-03 00:00:00;17:00;2019-01-03 17:00:00;;;-4.1;-12.8;-51.638124999999995;25.0;-2418.5109375
30622;2019-01-03 00:00:00;14:00;2019-01-03 14:00:00;;;-6.3;-13.0;-51.638124999999995;25.0;-2418.5109375
30622;2019-01-03 00:00:00;11:00;2019-01-03 11:00:00;;;-15.1;-17.5;-51.638124999999995;25.0;-2418.5109375
30622;2019-01-03 00:00:00;08:00;2019-01-03 08:00:00;15.0;0.0;-19.9;-22.3;-51.638124999999995;25.0;-2418.5109375
30622;2019-01-03 00:00:00;05:00;2019-01-03 05:00:00;;;-20.3;-22.8;-51.638124999999995;25.0;-2418.5109375
30622;2019-01-03 00:00:00;02:00;2019-01-03 02:00:00;;;-18.1;-20.1;-51.638124999999995;25.0;-2418.5109375
30622;2019-02-28 00:00:00;23:00;2019-02-28 23:00:00;;;-15.0;-17.3;-46.962500000000006;53.0;-2034.1504336734702
30622;2019-02-28 00:00:00;20:00;2019-02-28 20:00:00;;0.0;-10.7;-14.9;-46.962500000000006;53.0;-2034.1504336734702
30622;2019-02-28 00:00:00;17:00;2019-02-28 17:00:00;;;-2.8;-12.5;-46.962500000000006;53.0;-2034.1504336734702
30622;2019-02-28 00:00:00;14:00;2019-02-28 14:00:00;;;-4.4;-12.3;-46.962500000000006;53.0;-2034.1504336734702
30622;2019-02-28 00:00:00;11:00;2019-02-28 11:00:00;;;-11.6;-15.2;-46.962500000000006;53.0;-2034.1504336734702
30622;2019-02-28 00:00:00;08:00;2019-02-28 08:00:00;15.0;0.0;-15.7;-17.7;-46.962500000000006;53.0;-2034.1504336734702
30622;2019-02-28 00:00:00;05:00;2019-02-28 05:00:00;;;-13.4;-15.7;-46.962500000000006;53.0;-2034.1504336734702
30622;2019-02-28 00:00:00;02:00;2019-02-28 02:00:00;;;-14.8;-16.8;-46.962500000000006;53.0;-2034.1504336734702
30622;2019-02-27 00:00:00;23:00;2019-02-27 23:00:00;;;-16.2;-18.7;-52.552499999999995;52.0;-1987.18793367347
30622;2019-02-27 00:00:00;20:00;2019-02-27 20:00:00;;0.0;-12.7;-16.1;-52.552499999999995;52.0;-1987.18793367347
30622;2019-02-27 00:00:00;17:00;2019-02-27 17:00:00;;;-7.1;-13.4;-52.552499999999995;52.0;-1987.18793367347
30622;2019-02-27 00:00:00;14:00;2019-02-27 14:00:00;;;-9.8;-15.4;-52.552499999999995;52.0;-1987.18793367347
30622;2019-02-27 00:00:00;11:00;2019-02-27 11:00:00;;;-16.3;-18.5;-52.552499999999995;52.0;-1987.18793367347
30622;2019-02-27 00:00:00;08:00;2019-02-27 08:00:00;15.0;0.0;-21.5;-24.1;-52.552499999999995;52.0;-1987.18793367347
30622;2019-02-27 00:00:00;05:00;2019-02-27 05:00:00;;;-20.2;-22.7;-52.552499999999995;52.0;-1987.18793367347
30622;2019-02-27 00:00:00;02:00;2019-02-27 02:00:00;;;-19.4;-21.6;-52.552499999999995;52.0;-1987.18793367347
30622;2019-02-26 00:00:00;23:00;2019-02-26 23:00:00;;;-16.1;-18.3;-47.528437499999974;51.0;-1934.63543367347
30622;2019-02-26 00:00:00;20:00;2019-02-26 20:00:00;;0.0;-11.3;-14.6;-47.528437499999974;51.0;-1934.63543367347
30622;2019-02-26 00:00:00;17:00;2019-02-26 17:00:00;;;-5.2;-11.0;-47.528437499999974;51.0;-1934.63543367347
30622;2019-02-26 00:00:00;14:00;2019-02-26 14:00:00;;;-8.5;-13.8;-47.528437499999974;51.0;-1934.63543367347
30622;2019-02-26 00:00:00;11:00;2019-02-26 11:00:00;;;-17.5;-19.8;-47.528437499999974;51.0;-1934.63543367347
30622;2019-02-26 00:00:00;08:00;2019-02-26 08:00:00;15.0;0.0;-21.0;-23.5;-47.528437499999974;51.0;-1934.63543367347
30622;2019-02-26 00:00:00;05:00;2019-02-26 05:00:00;;;-20.2;-22.5;-47.528437499999974;51.0;-1934.63543367347
30622;2019-02-26 00:00:00;02:00;2019-02-26 02:00:00;;;-18.1;-20.2;-47.528437499999974;51.0;-1934.63543367347
30622;2019-02-25 00:00:00;23:00;2019-02-25 23:00:00;;;-14.5;-16.3;-42.78750000000002;50.0;-1887.1069961734702
30622;2019-02-25 00:00:00;20:00;2019-02-25 20:00:00;;0.0;-11.1;-14.4;-42.78750000000002;50.0;-1887.1069961734702
30622;2019-02-25 00:00:00;17:00;2019-02-25 17:00:00;;;-4.1;-11.1;-42.78750000000002;50.0;-1887.1069961734702
30622;2019-02-25 00:00:00;14:00;2019-02-25 14:00:00;;;-5.6;-12.3;-42.78750000000002;50.0;-1887.1069961734702
30622;2019-02-25 00:00:00;11:00;2019-02-25 11:00:00;;;-14.0;-16.8;-42.78750000000002;50.0;-1887.1069961734702
30622;2019-02-25 00:00:00;08:00;2019-02-25 08:00:00;15.0;0.0;-19.9;-22.0;-42.78750000000002;50.0;-1887.1069961734702
30622;2019-02-25 00:00:00;05:00;2019-02-25 05:00:00;;;-16.2;-18.1;-42.78750000000002;50.0;-1887.1069961734702
30622;2019-02-25 00:00:00;02:00;2019-02-25 02:00:00;;;-12.4;-14.8;-42.78750000000002;50.0;-1887.1069961734702
30622;2019-02-24 00:00:00;23:00;2019-02-24 23:00:00;;;-9.4;-12.3;-34.86062499999999;49.0;-1844.31949617347
30622;2019-02-24 00:00:00;20:00;2019-02-24 20:00:00;;0.2;-7.9;-11.2;-34.86062499999999;49.0;-1844.31949617347
30622;2019-02-24 00:00:00;17:00;2019-02-24 17:00:00;;;-0.5;-9.0;-34.86062499999999;49.0;-1844.31949617347
30622;2019-02-24 00:00:00;14:00;2019-02-24 14:00:00;;;-4.3;-9.6;-34.86062499999999;49.0;-1844.31949617347
30622;2019-02-24 00:00:00;11:00;2019-02-24 11:00:00;;;-11.3;-14.6;-34.86062499999999;49.0;-1844.31949617347
30622;2019-02-24 00:00:00;08:00;2019-02-24 08:00:00;15.0;0.3;-17.4;-19.2;-34.86062499999999;49.0;-1844.31949617347
30622;2019-02-24 00:00:00;05:00;2019-02-24 05:00:00;;;-13.3;-15.2;-34.86062499999999;49.0;-1844.31949617347
30622;2019-02-24 00:00:00;02:00;2019-02-24 02:00:00;;;-13.1;-15.0;-34.86062499999999;49.0;-1844.31949617347
30622;2019-02-23 00:00:00;23:00;2019-02-23 23:00:00;;;-13.8;-15.6;-39.73921875;48.0;-1809.45887117347
30622;2019-02-23 00:00:00;20:00;2019-02-23 20:00:00;;0.0;-10.8;-13.9;-39.73921875;48.0;-1809.45887117347
30622;2019-02-23 00:00:00;17:00;2019-02-23 17:00:00;;;-4.1;-13.1;-39.73921875;48.0;-1809.45887117347
30622;2019-02-23 00:00:00;14:00;2019-02-23 14:00:00;;;-4.1;-12.2;-39.73921875;48.0;-1809.45887117347
30622;2019-02-23 00:00:00;11:00;2019-02-23 11:00:00;;;-7.0;-13.0;-39.73921875;48.0;-1809.45887117347
30622;2019-02-23 00:00:00;08:00;2019-02-23 08:00:00;16.0;0.0;-13.9;-15.8;-39.73921875;48.0;-1809.45887117347
30622;2019-02-23 00:00:00;05:00;2019-02-23 05:00:00;;;-8.7;-12.0;-39.73921875;48.0;-1809.45887117347
30622;2019-02-23 00:00:00;02:00;2019-02-23 02:00:00;;;-6.9;-10.4;-39.73921875;48.0;-1809.45887117347
30622;2019-02-22 00:00:00;23:00;2019-02-22 23:00:00;;;-7.4;-10.5;-47.775000000000006;47.0;-1769.71965242347
30622;2019-02-22 00:00:00;20:00;2019-02-22 20:00:00;;0.0;-2.2;-6.5;-47.775000000000006;47.0;-1769.71965242347
30622;2019-02-22 00:00:00;17:00;2019-02-22 17:00:00;;;-0.6;-6.3;-47.775000000000006;47.0;-1769.71965242347
30622;2019-02-22 00:00:00;14:00;2019-02-22 14:00:00;;;-10.3;-15.2;-47.775000000000006;47.0;-1769.71965242347
30622;2019-02-22 00:00:00;11:00;2019-02-22 11:00:00;;;-17.1;-20.6;-47.775000000000006;47.0;-1769.71965242347
30622;2019-02-22 00:00:00;08:00;2019-02-22 08:00:00;16.0;0.0;-23.8;-26.4;-47.775000000000006;47.0;-1769.71965242347
30622;2019-02-22 00:00:00;05:00;2019-02-22 05:00:00;;;-21.9;-24.5;-47.775000000000006;47.0;-1769.71965242347
30622;2019-02-22 00:00:00;02:00;2019-02-22 02:00:00;;;-20.7;-23.4;-47.775000000000006;47.0;-1769.71965242347
30622;2019-02-21 00:00:00;23:00;2019-02-21 23:00:00;;;-18.6;-21.1;-71.59968750000002;46.0;-1721.94465242347
30622;2019-02-21 00:00:00;20:00;2019-02-21 20:00:00;;0.0;-15.5;-19.0;-71.59968750000002;46.0;-1721.94465242347
30622;2019-02-21 00:00:00;17:00;2019-02-21 17:00:00;;;-6.5;-15.1;-71.59968750000002;46.0;-1721.94465242347
30622;2019-02-21 00:00:00;14:00;2019-02-21 14:00:00;;;-11.8;-17.7;-71.59968750000002;46.0;-1721.94465242347
30622;2019-02-21 00:00:00;11:00;2019-02-21 11:00:00;;;-20.0;-23.2;-71.59968750000002;46.0;-1721.94465242347
30622;2019-02-21 00:00:00;08:00;2019-02-21 08:00:00;16.0;0.0;-25.4;-28.2;-71.59968750000002;46.0;-1721.94465242347
30622;2019-02-21 00:00:00;05:00;2019-02-21 05:00:00;;;-23.7;-26.5;-71.59968750000002;46.0;-1721.94465242347
30622;2019-02-21 00:00:00;02:00;2019-02-21 02:00:00;;;-22.6;-25.1;-71.59968750000002;46.0;-1721.94465242347
30622;2019-02-20 00:00:00;23:00;2019-02-20 23:00:00;;;-19.7;-22.3;-72.10124999999998;45.0;-1650.34496492347
30622;2019-02-20 00:00:00;20:00;2019-02-20 20:00:00;;0.0;-16.2;-20.0;-72.10124999999998;45.0;-1650.34496492347
30622;2019-02-20 00:00:00;17:00;2019-02-20 17:00:00;;;-9.1;-16.6;-72.10124999999998;45.0;-1650.34496492347
30622;2019-02-20 00:00:00;14:00;2019-02-20 14:00:00;;;-13.4;-18.9;-72.10124999999998;45.0;-1650.34496492347
30622;2019-02-20 00:00:00;11:00;2019-02-20 11:00:00;;;-19.5;-23.2;-72.10124999999998;45.0;-1650.34496492347
30622;2019-02-20 00:00:00;08:00;2019-02-20 08:00:00;16.0;0.0;-24.0;-26.7;-72.10124999999998;45.0;-1650.34496492347
30622;2019-02-20 00:00:00;05:00;2019-02-20 05:00:00;;;-22.7;-25.6;-72.10124999999998;45.0;-1650.34496492347
30622;2019-02-20 00:00:00;02:00;2019-02-20 02:00:00;;;-23.3;-25.8;-72.10124999999998;45.0;-1650.34496492347
30622;2019-02-19 00:00:00;23:00;2019-02-19 23:00:00;;;-22.0;-24.7;-79.79562499999994;44.0;-1578.24371492347
30622;2019-02-19 00:00:00;20:00;2019-02-19 20:00:00;;0.0;-17.9;-21.5;-79.79562499999994;44.0;-1578.24371492347
30622;2019-02-19 00:00:00;17:00;2019-02-19 17:00:00;;;-12.5;-18.2;-79.79562499999994;44.0;-1578.24371492347
30622;2019-02-19 00:00:00;14:00;2019-02-19 14:00:00;;;-14.9;-20.4;-79.79562499999994;44.0;-1578.24371492347
30622;2019-02-19 00:00:00;11:00;2019-02-19 11:00:00;;;-23.0;-26.3;-79.79562499999994;44.0;-1578.24371492347
30622;2019-02-19 00:00:00;08:00;2019-02-19 08:00:00;16.0;0.0;-28.1;-31.3;-79.79562499999994;44.0;-1578.24371492347
30622;2019-02-19 00:00:00;05:00;2019-02-19 05:00:00;;;-26.7;-29.8;-79.79562499999994;44.0;-1578.24371492347
30622;2019-02-19 00:00:00;02:00;2019-02-19 02:00:00;;;-25.7;-28.5;-79.79562499999994;44.0;-1578.24371492347
30622;2019-02-18 00:00:00;23:00;2019-02-18 23:00:00;;;-22.6;-25.1;-89.88000000000005;43.0;-1498.44808992347
30622;2019-02-18 00:00:00;20:00;2019-02-18 20:00:00;;0.0;-18.9;-22.7;-89.88000000000005;43.0;-1498.44808992347
30622;2019-02-18 00:00:00;17:00;2019-02-18 17:00:00;;;-12.8;-19.6;-89.88000000000005;43.0;-1498.44808992347
30622;2019-02-18 00:00:00;14:00;2019-02-18 14:00:00;;;-17.1;-22.9;-89.88000000000005;43.0;-1498.44808992347
30622;2019-02-18 00:00:00;11:00;2019-02-18 11:00:00;;;-22.7;-26.4;-89.88000000000005;43.0;-1498.44808992347
30622;2019-02-18 00:00:00;08:00;2019-02-18 08:00:00;16.0;0.0;-30.1;-33.4;-89.88000000000005;43.0;-1498.44808992347
30622;2019-02-18 00:00:00;05:00;2019-02-18 05:00:00;;;-28.0;-31.1;-89.88000000000005;43.0;-1498.44808992347
30622;2019-02-18 00:00:00;02:00;2019-02-18 02:00:00;;;-27.0;-30.1;-89.88000000000005;43.0;-1498.44808992347
30622;2019-02-17 00:00:00;23:00;2019-02-17 23:00:00;;;-24.3;-27.3;-97.98250000000003;42.0;-1408.5680899234699
30622;2019-02-17 00:00:00;20:00;2019-02-17 20:00:00;;0.0;-22.3;-25.9;-97.98250000000003;42.0;-1408.5680899234699
30622;2019-02-17 00:00:00;17:00;2019-02-17 17:00:00;;;-16.9;-22.2;-97.98250000000003;42.0;-1408.5680899234699
30622;2019-02-17 00:00:00;14:00;2019-02-17 14:00:00;;;-20.7;-25.4;-97.98250000000003;42.0;-1408.5680899234699
30622;2019-02-17 00:00:00;11:00;2019-02-17 11:00:00;;;-27.2;-30.8;-97.98250000000003;42.0;-1408.5680899234699
30622;2019-02-17 00:00:00;08:00;2019-02-17 08:00:00;16.0;0.0;-31.5;-35.2;-97.98250000000003;42.0;-1408.5680899234699
30622;2019-02-17 00:00:00;05:00;2019-02-17 05:00:00;;;-31.4;-35.1;-97.98250000000003;42.0;-1408.5680899234699
30622;2019-02-17 00:00:00;02:00;2019-02-17 02:00:00;;;-29.3;-32.5;-97.98250000000003;42.0;-1408.5680899234699
30622;2019-02-16 00:00:00;23:00;2019-02-16 23:00:00;;;-27.2;-30.3;-105.70656250000005;41.0;-1310.5855899234698
30622;2019-02-16 00:00:00;20:00;2019-02-16 20:00:00;;0.0;-23.2;-26.7;-105.70656250000005;41.0;-1310.5855899234698
30622;2019-02-16 00:00:00;17:00;2019-02-16 17:00:00;;;-17.3;-22.6;-105.70656250000005;41.0;-1310.5855899234698
30622;2019-02-16 00:00:00;14:00;2019-02-16 14:00:00;;;-21.1;-26.6;-105.70656250000005;41.0;-1310.5855899234698
30622;2019-02-16 00:00:00;11:00;2019-02-16 11:00:00;;;-27.7;-31.6;-105.70656250000005;41.0;-1310.5855899234698
30622;2019-02-16 00:00:00;08:00;2019-02-16 08:00:00;16.0;0.0;-32.4;-36.2;-105.70656250000005;41.0;-1310.5855899234698
30622;2019-02-16 00:00:00;05:00;2019-02-16 05:00:00;;;-31.3;-34.9;-105.70656250000005;41.0;-1310.5855899234698
30622;2019-02-16 00:00:00;02:00;2019-02-16 02:00:00;;;-29.9;-33.4;-105.70656250000005;41.0;-1310.5855899234698
30622;2019-02-15 00:00:00;23:00;2019-02-15 23:00:00;;;-28.0;-30.9;-111.31109374999997;40.0;-1204.8790274234698
30622;2019-02-15 00:00:00;20:00;2019-02-15 20:00:00;;0.0;-24.5;-28.6;-111.31109374999997;40.0;-1204.8790274234698
30622;2019-02-15 00:00:00;17:00;2019-02-15 17:00:00;;;-18.0;-24.7;-111.31109374999997;40.0;-1204.8790274234698
30622;2019-02-15 00:00:00;14:00;2019-02-15 14:00:00;;;-21.3;-27.4;-111.31109374999997;40.0;-1204.8790274234698
30622;2019-02-15 00:00:00;11:00;2019-02-15 11:00:00;;;-25.8;-30.0;-111.31109374999997;40.0;-1204.8790274234698
30622;2019-02-15 00:00:00;08:00;2019-02-15 08:00:00;16.0;0.0;-28.5;-32.0;-111.31109374999997;40.0;-1204.8790274234698
30622;2019-02-15 00:00:00;05:00;2019-02-15 05:00:00;;;-28.7;-32.2;-111.31109374999997;40.0;-1204.8790274234698
30622;2019-02-15 00:00:00;02:00;2019-02-15 02:00:00;;;-30.5;-34.2;-111.31109374999997;40.0;-1204.8790274234698
30622;2019-02-14 00:00:00;23:00;2019-02-14 23:00:00;;;-30.3;-34.1;-141.66421875000003;39.0;-1093.5679336734697
30622;2019-02-14 00:00:00;20:00;2019-02-14 20:00:00;;0.0;-27.4;-32.0;-141.66421875000003;39.0;-1093.5679336734697
30622;2019-02-14 00:00:00;17:00;2019-02-14 17:00:00;;;-21.3;-28.3;-141.66421875000003;39.0;-1093.5679336734697
30622;2019-02-14 00:00:00;14:00;2019-02-14 14:00:00;;;-23.9;-30.8;-141.66421875000003;39.0;-1093.5679336734697
30622;2019-02-14 00:00:00;11:00;2019-02-14 11:00:00;;;-29.2;-34.1;-141.66421875000003;39.0;-1093.5679336734697
30622;2019-02-14 00:00:00;08:00;2019-02-14 08:00:00;16.0;0.2;-31.8;-35.8;-141.66421875000003;39.0;-1093.5679336734697
30622;2019-02-14 00:00:00;05:00;2019-02-14 05:00:00;;;-32.8;-36.8;-141.66421875000003;39.0;-1093.5679336734697
30622;2019-02-14 00:00:00;02:00;2019-02-14 02:00:00;;;-34.0;-38.1;-141.66421875000003;39.0;-1093.5679336734697
30622;2019-02-13 00:00:00;23:00;2019-02-13 23:00:00;;;-34.0;-37.4;-167.11406250000002;38.0;-951.9037149234696
30622;2019-02-13 00:00:00;20:00;2019-02-13 20:00:00;;0.0;-32.7;-37.1;-167.11406250000002;38.0;-951.9037149234696
30622;2019-02-13 00:00:00;17:00;2019-02-13 17:00:00;;;-26.4;-32.4;-167.11406250000002;38.0;-951.9037149234696
30622;2019-02-13 00:00:00;14:00;2019-02-13 14:00:00;;;-29.9;-35.5;-167.11406250000002;38.0;-951.9037149234696
30622;2019-02-13 00:00:00;11:00;2019-02-13 11:00:00;;;-36.4;-41.0;-167.11406250000002;38.0;-951.9037149234696
30622;2019-02-13 00:00:00;08:00;2019-02-13 08:00:00;16.0;0.0;-40.6;-45.5;-167.11406250000002;38.0;-951.9037149234696
30622;2019-02-13 00:00:00;05:00;2019-02-13 05:00:00;;;-39.4;-44.2;-167.11406250000002;38.0;-951.9037149234696
30622;2019-02-13 00:00:00;02:00;2019-02-13 02:00:00;;;-38.4;-43.2;-167.11406250000002;38.0;-951.9037149234696
30622;2019-12-02 00:00:00;23:00;2019-12-02 23:00:00;;;-37.2;-41.8;-182.45250000000004;11.0;-1229.41515625
30622;2019-12-02 00:00:00;20:00;2019-12-02 20:00:00;;0.0;-33.4;-37.9;-182.45250000000004;11.0;-1229.41515625
30622;2019-12-02 00:00:00;17:00;2019-12-02 17:00:00;;;-27.1;-33.4;-182.45250000000004;11.0;-1229.41515625
30622;2019-12-02 00:00:00;14:00;2019-12-02 14:00:00;;;-30.7;-36.9;-182.45250000000004;11.0;-1229.41515625
30622;2019-12-02 00:00:00;11:00;2019-12-02 11:00:00;;;-37.4;-42.1;-182.45250000000004;11.0;-1229.41515625
30622;2019-12-02 00:00:00;08:00;2019-12-02 08:00:00;16.0;0.0;-41.2;-46.1;-182.45250000000004;11.0;-1229.41515625
30622;2019-12-02 00:00:00;05:00;2019-12-02 05:00:00;;;-40.5;-45.4;-182.45250000000004;11.0;-1229.41515625
30622;2019-12-02 00:00:00;02:00;2019-12-02 02:00:00;;;-38.7;-43.4;-182.45250000000004;11.0;-1229.41515625
30622;2019-11-02 00:00:00;23:00;2019-11-02 23:00:00;;;-36.8;-41.2;-186.06218749999985;33.0;-426.8809374999999
30622;2019-11-02 00:00:00;20:00;2019-11-02 20:00:00;;0.0;-34.3;-38.7;-186.06218749999985;33.0;-426.8809374999999
30622;2019-11-02 00:00:00;17:00;2019-11-02 17:00:00;;;-28.6;-34.8;-186.06218749999985;33.0;-426.8809374999999
30622;2019-11-02 00:00:00;14:00;2019-11-02 14:00:00;;;-31.8;-37.5;-186.06218749999985;33.0;-426.8809374999999
30622;2019-11-02 00:00:00;11:00;2019-11-02 11:00:00;;;-38.8;-43.8;-186.06218749999985;33.0;-426.8809374999999
30622;2019-11-02 00:00:00;08:00;2019-11-02 08:00:00;16.0;0.0;-41.7;-46.7;-186.06218749999985;33.0;-426.8809374999999
30622;2019-11-02 00:00:00;05:00;2019-11-02 05:00:00;;;-41.6;-46.7;-186.06218749999985;33.0;-426.8809374999999
30622;2019-11-02 00:00:00;02:00;2019-11-02 02:00:00;;;-39.7;-44.5;-186.06218749999985;33.0;-426.8809374999999
30622;2019-10-02 00:00:00;23:00;2019-10-02 23:00:00;;;-36.7;-41.0;-175.02437500000005;2.0;-245.98328125000006
30622;2019-10-02 00:00:00;20:00;2019-10-02 20:00:00;;0.3;-34.4;-38.5;-175.02437500000005;2.0;-245.98328125000006
30622;2019-10-02 00:00:00;17:00;2019-10-02 17:00:00;;;-29.6;-35.2;-175.02437500000005;2.0;-245.98328125000006
30622;2019-10-02 00:00:00;14:00;2019-10-02 14:00:00;;;-31.9;-37.6;-175.02437500000005;2.0;-245.98328125000006
30622;2019-10-02 00:00:00;11:00;2019-10-02 11:00:00;;;-38.8;-43.8;-175.02437500000005;2.0;-245.98328125000006
30622;2019-10-02 00:00:00;08:00;2019-10-02 08:00:00;;0.0;-41.1;-46.1;-175.02437500000005;2.0;-245.98328125000006
30622;2019-10-02 00:00:00;05:00;2019-10-02 05:00:00;;;-38.7;-43.3;-175.02437500000005;2.0;-245.98328125000006
30622;2019-10-02 00:00:00;02:00;2019-10-02 02:00:00;;;-37.5;-42.0;-175.02437500000005;2.0;-245.98328125000006
30622;2019-09-02 00:00:00;23:00;2019-09-02 23:00:00;;;-37.0;-41.4;-181.26828125000003;7.0;227.0934375000001
30622;2019-09-02 00:00:00;20:00;2019-09-02 20:00:00;;0.0;-33.9;-38.3;-181.26828125000003;7.0;227.0934375000001
30622;2019-09-02 00:00:00;17:00;2019-09-02 17:00:00;;;-29.1;-35.8;-181.26828125000003;7.0;227.0934375000001
30622;2019-09-02 00:00:00;14:00;2019-09-02 14:00:00;;;-31.0;-37.8;-181.26828125000003;7.0;227.0934375000001
30622;2019-09-02 00:00:00;11:00;2019-09-02 11:00:00;;;-35.7;-41.0;-181.26828125000003;7.0;227.0934375000001
30622;2019-09-02 00:00:00;08:00;2019-09-02 08:00:00;16.0;0.2;-38.0;-42.6;-181.26828125000003;7.0;227.0934375000001
30622;2019-09-02 00:00:00;05:00;2019-09-02 05:00:00;;;-37.8;-42.4;-181.26828125000003;7.0;227.0934375000001
30622;2019-09-02 00:00:00;02:00;2019-09-02 02:00:00;;;-38.4;-42.9;-181.26828125000003;7.0;227.0934375000001
30622;2019-08-02 00:00:00;23:00;2019-08-02 23:00:00;;;-37.4;-41.7;-186.60312499999995;4.0;-31.268437499999976
30622;2019-08-02 00:00:00;20:00;2019-08-02 20:00:00;;0.0;-34.8;-39.8;-186.60312499999995;4.0;-31.268437499999976
30622;2019-08-02 00:00:00;17:00;2019-08-02 17:00:00;;;-29.0;-36.4;-186.60312499999995;4.0;-31.268437499999976
30622;2019-08-02 00:00:00;14:00;2019-08-02 14:00:00;;;-31.3;-37.9;-186.60312499999995;4.0;-31.268437499999976
30622;2019-08-02 00:00:00;11:00;2019-08-02 11:00:00;;;-34.2;-39.0;-186.60312499999995;4.0;-31.268437499999976
30622;2019-08-02 00:00:00;08:00;2019-08-02 08:00:00;16.0;0.0;-38.0;-42.7;-186.60312499999995;4.0;-31.268437499999976
30622;2019-08-02 00:00:00;05:00;2019-08-02 05:00:00;;;-39.0;-43.7;-186.60312499999995;4.0;-31.268437499999976
30622;2019-08-02 00:00:00;02:00;2019-08-02 02:00:00;;;-39.3;-44.0;-186.60312499999995;4.0;-31.268437499999976
30622;2019-07-02 00:00:00;23:00;2019-07-02 23:00:00;;;-38.2;-42.7;-207.2756250000001;6.0;229.53031249999998
30622;2019-07-02 00:00:00;20:00;2019-07-02 20:00:00;;0.0;-36.5;-40.9;-207.2756250000001;6.0;229.53031249999998
30622;2019-07-02 00:00:00;17:00;2019-07-02 17:00:00;;;-33.8;-40.6;-207.2756250000001;6.0;229.53031249999998
30622;2019-07-02 00:00:00;14:00;2019-07-02 14:00:00;;;-35.4;-42.1;-207.2756250000001;6.0;229.53031249999998
30622;2019-07-02 00:00:00;11:00;2019-07-02 11:00:00;;;-39.9;-44.8;-207.2756250000001;6.0;229.53031249999998
30622;2019-07-02 00:00:00;08:00;2019-07-02 08:00:00;16.0;0.0;-43.6;-48.8;-207.2756250000001;6.0;229.53031249999998
30622;2019-07-02 00:00:00;05:00;2019-07-02 05:00:00;;;-42.7;-47.8;-207.2756250000001;6.0;229.53031249999998
30622;2019-07-02 00:00:00;02:00;2019-07-02 02:00:00;;;-41.3;-46.3;-207.2756250000001;6.0;229.53031249999998
30622;2019-06-02 00:00:00;23:00;2019-06-02 23:00:00;;;-40.1;-44.9;-206.05468749999994;5.0;145.13812500000012
30622;2019-06-02 00:00:00;20:00;2019-06-02 20:00:00;;0.0;-37.3;-42.0;-206.05468749999994;5.0;145.13812500000012
30622;2019-06-02 00:00:00;17:00;2019-06-02 17:00:00;;;-33.4;-39.7;-206.05468749999994;5.0;145.13812500000012
30622;2019-06-02 00:00:00;14:00;2019-06-02 14:00:00;;;-35.4;-42.0;-206.05468749999994;5.0;145.13812500000012
30622;2019-06-02 00:00:00;11:00;2019-06-02 11:00:00;;;-41.1;-46.1;-206.05468749999994;5.0;145.13812500000012
30622;2019-06-02 00:00:00;08:00;2019-06-02 08:00:00;;0.0;-43.6;-48.7;-206.05468749999994;5.0;145.13812500000012
30622;2019-06-02 00:00:00;05:00;2019-06-02 05:00:00;;;-42.0;-47.0;-206.05468749999994;5.0;145.13812500000012
30622;2019-06-02 00:00:00;02:00;2019-06-02 02:00:00;;;-39.6;-44.3;-206.05468749999994;5.0;145.13812500000012
30622;2019-05-02 00:00:00;23:00;2019-05-02 23:00:00;;;-39.7;-44.5;-214.01734375000015;23.0;153.07906249999982
30622;2019-05-02 00:00:00;20:00;2019-05-02 20:00:00;;0.0;-39.6;-44.3;-214.01734375000015;23.0;153.07906249999982
30622;2019-05-02 00:00:00;17:00;2019-05-02 17:00:00;;;-35.3;-41.9;-214.01734375000015;23.0;153.07906249999982
30622;2019-05-02 00:00:00;14:00;2019-05-02 14:00:00;;;-37.6;-42.9;-214.01734375000015;23.0;153.07906249999982
30622;2019-05-02 00:00:00;11:00;2019-05-02 11:00:00;;;-43.7;-49.0;-214.01734375000015;23.0;153.07906249999982
30622;2019-05-02 00:00:00;08:00;2019-05-02 08:00:00;16.0;0.0;-46.3;-51.6;-214.01734375000015;23.0;153.07906249999982
30622;2019-05-02 00:00:00;05:00;2019-05-02 05:00:00;;;-42.1;-46.9;-214.01734375000015;23.0;153.07906249999982
30622;2019-05-02 00:00:00;02:00;2019-05-02 02:00:00;;;-42.6;-47.7;-214.01734375000015;23.0;153.07906249999982
30622;2019-04-02 00:00:00;23:00;2019-04-02 23:00:00;;;-40.4;-45.2;-174.0090625000002;22.0;-890.8784375000005
30622;2019-04-02 00:00:00;20:00;2019-04-02 20:00:00;;0.0;-35.4;-39.6;-174.0090625000002;22.0;-890.8784375000005
30622;2019-04-02 00:00:00;17:00;2019-04-02 17:00:00;;;-32.7;-37.5;-174.0090625000002;22.0;-890.8784375000005
30622;2019-04-02 00:00:00;14:00;2019-04-02 14:00:00;;;-33.6;-39.0;-174.0090625000002;22.0;-890.8784375000005
30622;2019-04-02 00:00:00;11:00;2019-04-02 11:00:00;;;-36.5;-41.0;-174.0090625000002;22.0;-890.8784375000005
30622;2019-04-02 00:00:00;08:00;2019-04-02 08:00:00;16.0;0.0;-39.5;-44.2;-174.0090625000002;22.0;-890.8784375000005
30622;2019-04-02 00:00:00;05:00;2019-04-02 05:00:00;;;-38.9;-43.6;-174.0090625000002;22.0;-890.8784375000005
30622;2019-04-02 00:00:00;02:00;2019-04-02 02:00:00;;;-38.4;-43.0;-174.0090625000002;22.0;-890.8784375000005
30622;2019-03-02 00:00:00;23:00;2019-03-02 23:00:00;;;-37.8;-42.2;-182.4637500000002;55.0;-2347.3373086734705
30622;2019-03-02 00:00:00;20:00;2019-03-02 20:00:00;;0.0;-36.9;-41.2;-182.4637500000002;55.0;-2347.3373086734705
30622;2019-03-02 00:00:00;17:00;2019-03-02 17:00:00;;;-33.1;-38.7;-182.4637500000002;55.0;-2347.3373086734705
30622;2019-03-02 00:00:00;14:00;2019-03-02 14:00:00;;;-34.7;-40.9;-182.4637500000002;55.0;-2347.3373086734705
30622;2019-03-02 00:00:00;11:00;2019-03-02 11:00:00;;;-38.3;-43.1;-182.4637500000002;55.0;-2347.3373086734705
30622;2019-03-02 00:00:00;08:00;2019-03-02 08:00:00;16.0;0.0;-39.4;-44.1;-182.4637500000002;55.0;-2347.3373086734705
30622;2019-03-02 00:00:00;05:00;2019-03-02 05:00:00;;;-39.1;-43.7;-182.4637500000002;55.0;-2347.3373086734705
30622;2019-03-02 00:00:00;02:00;2019-03-02 02:00:00;;;-38.6;-43.2;-182.4637500000002;55.0;-2347.3373086734705
30622;2019-02-02 00:00:00;23:00;2019-02-02 23:00:00;;;-37.2;-41.5;-170.72984375000001;27.0;-1364.2823086734693
30622;2019-02-02 00:00:00;20:00;2019-02-02 20:00:00;;0.0;-35.2;-39.2;-170.72984375000001;27.0;-1364.2823086734693
30622;2019-02-02 00:00:00;17:00;2019-02-02 17:00:00;;;-28.0;-36.0;-170.72984375000001;27.0;-1364.2823086734693
30622;2019-02-02 00:00:00;14:00;2019-02-02 14:00:00;;;-28.3;-36.9;-170.72984375000001;27.0;-1364.2823086734693
30622;2019-02-02 00:00:00;11:00;2019-02-02 11:00:00;;;-30.8;-36.5;-170.72984375000001;27.0;-1364.2823086734693
30622;2019-02-02 00:00:00;08:00;2019-02-02 08:00:00;16.0;0.0;-31.0;-35.3;-170.72984375000001;27.0;-1364.2823086734693
30622;2019-02-02 00:00:00;05:00;2019-02-02 05:00:00;;;-29.7;-34.0;-170.72984375000001;27.0;-1364.2823086734693
30622;2019-02-02 00:00:00;02:00;2019-02-02 02:00:00;;;-28.7;-33.4;-170.72984375000001;27.0;-1364.2823086734693
30622;2019-01-02 00:00:00;23:00;2019-01-02 23:00:00;;;-26.7;-31.2;-106.46531249999997;24.0;-2366.8728125000002
30622;2019-01-02 00:00:00;20:00;2019-01-02 20:00:00;;0.0;-25.6;-30.0;-106.46531249999997;24.0;-2366.8728125000002
30622;2019-01-02 00:00:00;17:00;2019-01-02 17:00:00;;;-20.2;-29.6;-106.46531249999997;24.0;-2366.8728125000002
30622;2019-01-02 00:00:00;14:00;2019-01-02 14:00:00;;;-18.3;-25.8;-106.46531249999997;24.0;-2366.8728125000002
30622;2019-01-02 00:00:00;11:00;2019-01-02 11:00:00;;;-21.8;-25.7;-106.46531249999997;24.0;-2366.8728125000002
30622;2019-01-02 00:00:00;08:00;2019-01-02 08:00:00;;;-21.8;-25.7;-106.46531249999997;24.0;-2366.8728125000002
30622;2019-01-02 00:00:00;05:00;2019-01-02 05:00:00;;;-17.6;-21.5;-106.46531249999997;24.0;-2366.8728125000002
30622;2019-01-02 00:00:00;02:00;2019-01-02 02:00:00;;;-11.4;-15.6;-106.46531249999997;24.0;-2366.8728125000002
30622;2019-01-31 00:00:00;23:00;2019-01-31 23:00:00;;;-11.9;-13.6;-44.119375000000005;25.0;-1046.4573086734692
30622;2019-01-31 00:00:00;20:00;2019-01-31 20:00:00;;0.2;-12.0;-13.8;-44.119375000000005;25.0;-1046.4573086734692
30622;2019-01-31 00:00:00;17:00;2019-01-31 17:00:00;;;-9.2;-13.1;-44.119375000000005;25.0;-1046.4573086734692
30622;2019-01-31 00:00:00;14:00;2019-01-31 14:00:00;;;-8.5;-15.9;-44.119375000000005;25.0;-1046.4573086734692
30622;2019-01-31 00:00:00;11:00;2019-01-31 11:00:00;;;-12.9;-18.0;-44.119375000000005;25.0;-1046.4573086734692
30622;2019-01-31 00:00:00;08:00;2019-01-31 08:00:00;15.0;0.0;-14.1;-17.9;-44.119375000000005;25.0;-1046.4573086734692
30622;2019-01-31 00:00:00;05:00;2019-01-31 05:00:00;;;-14.8;-17.3;-44.119375000000005;25.0;-1046.4573086734692
30622;2019-01-31 00:00:00;02:00;2019-01-31 02:00:00;;;-13.3;-16.3;-44.119375000000005;25.0;-1046.4573086734692
30622;2019-01-30 00:00:00;23:00;2019-01-30 23:00:00;;;-12.6;-17.1;-62.13168367346938;24.0;-1002.3379336734691
30622;2019-01-30 00:00:00;20:00;2019-01-30 20:00:00;;0.3;-10.5;-16.3;-62.13168367346938;24.0;-1002.3379336734691
30622;2019-01-30 00:00:00;17:00;2019-01-30 17:00:00;;;-9.7;-16.7;-62.13168367346938;24.0;-1002.3379336734691
30622;2019-01-30 00:00:00;14:00;2019-01-30 14:00:00;;;-10.1;-16.5;-62.13168367346938;24.0;-1002.3379336734691
30622;2019-01-30 00:00:00;11:00;2019-01-30 11:00:00;;;;-16.6;-62.13168367346938;24.0;-1002.3379336734691
30622;2019-01-30 00:00:00;08:00;2019-01-30 08:00:00;14.0;0.3;-17.1;-19.7;-62.13168367346938;24.0;-1002.3379336734691
30622;2019-01-30 00:00:00;05:00;2019-01-30 05:00:00;;;-19.3;-22.1;-62.13168367346938;24.0;-1002.3379336734691
30622;2019-01-30 00:00:00;02:00;2019-01-30 02:00:00;;;-20.6;-24.0;-62.13168367346938;24.0;-1002.3379336734691
30622;2019-01-29 00:00:00;23:00;2019-01-29 23:00:00;;;-21.9;-25.4;-106.196875;23.0;-940.2062499999997
30622;2019-01-29 00:00:00;20:00;2019-01-29 20:00:00;;0.0;-23.2;-26.8;-106.196875;23.0;-940.2062499999997
30622;2019-01-29 00:00:00;17:00;2019-01-29 17:00:00;;;-21.9;-27.5;-106.196875;23.0;-940.2062499999997
30622;2019-01-29 00:00:00;14:00;2019-01-29 14:00:00;;;-20.9;-28.9;-106.196875;23.0;-940.2062499999997
30622;2019-01-29 00:00:00;11:00;2019-01-29 11:00:00;;;-23.8;-27.0;-106.196875;23.0;-940.2062499999997
30622;2019-01-29 00:00:00;08:00;2019-01-29 08:00:00;14.0;0.0;-30.5;-33.9;-106.196875;23.0;-940.2062499999997
30622;2019-01-29 00:00:00;05:00;2019-01-29 05:00:00;;;-30.6;-33.8;-106.196875;23.0;-940.2062499999997
30622;2019-01-29 00:00:00;02:00;2019-01-29 02:00:00;;;-27.1;-30.6;-106.196875;23.0;-940.2062499999997
30622;2019-01-28 00:00:00;23:00;2019-01-28 23:00:00;;;-19.6;-25.8;-93.68500000000003;22.0;-834.0093749999997
30622;2019-01-28 00:00:00;20:00;2019-01-28 20:00:00;;0.3;-16.7;-24.8;-93.68500000000003;22.0;-834.0093749999997
30622;2019-01-28 00:00:00;17:00;2019-01-28 17:00:00;;;-14.5;-24.8;-93.68500000000003;22.0;-834.0093749999997
30622;2019-01-28 00:00:00;14:00;2019-01-28 14:00:00;;;-11.8;-21.2;-93.68500000000003;22.0;-834.0093749999997
30622;2019-01-28 00:00:00;11:00;2019-01-28 11:00:00;;;-13.2;-16.4;-93.68500000000003;22.0;-834.0093749999997
30622;2019-01-28 00:00:00;08:00;2019-01-28 08:00:00;14.0;0.0;-15.9;-18.5;-93.68500000000003;22.0;-834.0093749999997
30622;2019-01-28 00:00:00;05:00;2019-01-28 05:00:00;;;-19.3;-22.2;-93.68500000000003;22.0;-834.0093749999997
30622;2019-01-28 00:00:00;02:00;2019-01-28 02:00:00;;;-20.2;-23.2;-93.68500000000003;22.0;-834.0093749999997
30622;2019-01-27 00:00:00;23:00;2019-01-27 23:00:00;;;-21.3;-24.0;-71.99390625000002;21.0;-740.3243749999997
30622;2019-01-27 00:00:00;20:00;2019-01-27 20:00:00;;0.0;-22.8;-25.5;-71.99390625000002;21.0;-740.3243749999997
30622;2019-01-27 00:00:00;17:00;2019-01-27 17:00:00;;;-21.5;-25.2;-71.99390625000002;21.0;-740.3243749999997
30622;2019-01-27 00:00:00;14:00;2019-01-27 14:00:00;;;-21.4;-25.0;-71.99390625000002;21.0;-740.3243749999997
30622;2019-01-27 00:00:00;11:00;2019-01-27 11:00:00;;;-25.8;-29.0;-71.99390625000002;21.0;-740.3243749999997
30622;2019-01-27 00:00:00;08:00;2019-01-27 08:00:00;14.0;0.0;-28.2;-31.4;-71.99390625000002;21.0;-740.3243749999997
30622;2019-01-27 00:00:00;05:00;2019-01-27 05:00:00;;;-22.9;-25.2;-71.99390625000002;21.0;-740.3243749999997
30622;2019-01-27 00:00:00;02:00;2019-01-27 02:00:00;;;-14.0;-18.5;-71.99390625000002;21.0;-740.3243749999997
30622;2019-01-26 00:00:00;23:00;2019-01-26 23:00:00;;;-12.4;-15.7;-59.63125;20.0;-668.3304687499997
30622;2019-01-26 00:00:00;20:00;2019-01-26 20:00:00;;0.8;-12.9;-14.9;-59.63125;20.0;-668.3304687499997
30622;2019-01-26 00:00:00;17:00;2019-01-26 17:00:00;;;-16.6;-19.1;-59.63125;20.0;-668.3304687499997
30622;2019-01-26 00:00:00;14:00;2019-01-26 14:00:00;;;-18.8;-22.4;-59.63125;20.0;-668.3304687499997
30622;2019-01-26 00:00:00;11:00;2019-01-26 11:00:00;;;-23.1;-26.0;-59.63125;20.0;-668.3304687499997
30622;2019-01-26 00:00:00;08:00;2019-01-26 08:00:00;13.0;0.0;-24.9;-27.9;-59.63125;20.0;-668.3304687499997
30622;2019-01-26 00:00:00;05:00;2019-01-26 05:00:00;;;-26.3;-29.4;-59.63125;20.0;-668.3304687499997
30622;2019-01-26 00:00:00;02:00;2019-01-26 02:00:00;;;-27.4;-30.5;-59.63125;20.0;-668.3304687499997
30622;2019-01-25 00:00:00;23:00;2019-01-25 23:00:00;;;-27.1;-30.2;-92.30812499999995;19.0;-608.6992187499997
30622;2019-01-25 00:00:00;20:00;2019-01-25 20:00:00;;0.0;-25.7;-28.9;-92.30812499999995;19.0;-608.6992187499997
30622;2019-01-25 00:00:00;17:00;2019-01-25 17:00:00;;;-21.7;-25.6;-92.30812499999995;19.0;-608.6992187499997
30622;2019-01-25 00:00:00;14:00;2019-01-25 14:00:00;;;-23.0;-26.8;-92.30812499999995;19.0;-608.6992187499997
30622;2019-01-25 00:00:00;11:00;2019-01-25 11:00:00;;;-28.2;-31.7;-92.30812499999995;19.0;-608.6992187499997
30622;2019-01-25 00:00:00;08:00;2019-01-25 08:00:00;13.0;0.0;-31.0;-34.4;-92.30812499999995;19.0;-608.6992187499997
30622;2019-01-25 00:00:00;05:00;2019-01-25 05:00:00;;;-31.0;-34.4;-92.30812499999995;19.0;-608.6992187499997
30622;2019-01-25 00:00:00;02:00;2019-01-25 02:00:00;;;-28.7;-31.7;-92.30812499999995;19.0;-608.6992187499997
30622;2019-01-24 00:00:00;23:00;2019-01-24 23:00:00;;;-27.8;-30.7;-65.93640624999996;18.0;-516.3910937499998
30622;2019-01-24 00:00:00;20:00;2019-01-24 20:00:00;;0.2;-24.5;-27.0;-65.93640624999996;18.0;-516.3910937499998
30622;2019-01-24 00:00:00;17:00;2019-01-24 17:00:00;;;-18.4;-21.7;-65.93640624999996;18.0;-516.3910937499998
30622;2019-01-24 00:00:00;14:00;2019-01-24 14:00:00;;;-19.6;-22.4;-65.93640624999996;18.0;-516.3910937499998
30622;2019-01-24 00:00:00;11:00;2019-01-24 11:00:00;;;-21.7;-24.3;-65.93640624999996;18.0;-516.3910937499998
30622;2019-01-24 00:00:00;08:00;2019-01-24 08:00:00;13.0;0.0;-23.6;-26.4;-65.93640624999996;18.0;-516.3910937499998
30622;2019-01-24 00:00:00;05:00;2019-01-24 05:00:00;;;-25.9;-28.9;-65.93640624999996;18.0;-516.3910937499998
30622;2019-01-24 00:00:00;02:00;2019-01-24 02:00:00;;;-24.4;-27.2;-65.93640624999996;18.0;-516.3910937499998
30622;2019-01-23 00:00:00;23:00;2019-01-23 23:00:00;;;-20.7;-22.9;-42.34375;17.0;-450.4546874999998
30622;2019-01-23 00:00:00;20:00;2019-01-23 20:00:00;;0.0;-15.9;-18.0;-42.34375;17.0;-450.4546874999998
30622;2019-01-23 00:00:00;17:00;2019-01-23 17:00:00;;;-6.7;-12.3;-42.34375;17.0;-450.4546874999998
30622;2019-01-23 00:00:00;14:00;2019-01-23 14:00:00;;;-5.4;-11.9;-42.34375;17.0;-450.4546874999998
30622;2019-01-23 00:00:00;11:00;2019-01-23 11:00:00;;;-14.6;-17.2;-42.34375;17.0;-450.4546874999998
30622;2019-01-23 00:00:00;08:00;2019-01-23 08:00:00;13.0;0.9;-15.9;-17.9;-42.34375;17.0;-450.4546874999998
30622;2019-01-23 00:00:00;05:00;2019-01-23 05:00:00;;;-14.0;-16.0;-42.34375;17.0;-450.4546874999998
30622;2019-01-23 00:00:00;02:00;2019-01-23 02:00:00;;;-15.2;-17.2;-42.34375;17.0;-450.4546874999998
30622;2019-01-22 00:00:00;23:00;2019-01-22 23:00:00;;;-16.6;-18.5;-40.13984374999999;16.0;-408.1109374999998
30622;2019-01-22 00:00:00;20:00;2019-01-22 20:00:00;;0.2;-17.9;-20.1;-40.13984374999999;16.0;-408.1109374999998
30622;2019-01-22 00:00:00;17:00;2019-01-22 17:00:00;;;-13.8;-17.1;-40.13984374999999;16.0;-408.1109374999998
30622;2019-01-22 00:00:00;14:00;2019-01-22 14:00:00;;;-13.5;-16.4;-40.13984374999999;16.0;-408.1109374999998
30622;2019-01-22 00:00:00;11:00;2019-01-22 11:00:00;;;-16.3;-18.4;-40.13984374999999;16.0;-408.1109374999998
30622;2019-01-22 00:00:00;08:00;2019-01-22 08:00:00;11.0;0.2;-18.6;-20.8;-40.13984374999999;16.0;-408.1109374999998
30622;2019-01-22 00:00:00;05:00;2019-01-22 05:00:00;;;-20.0;-22.4;-40.13984374999999;16.0;-408.1109374999998
30622;2019-01-22 00:00:00;02:00;2019-01-22 02:00:00;;;-17.8;-19.9;-40.13984374999999;16.0;-408.1109374999998
30622;2019-01-21 00:00:00;23:00;2019-01-21 23:00:00;;;-13.7;-15.3;-44.78109375000001;15.0;-367.9710937499998
30622;2019-01-21 00:00:00;20:00;2019-01-21 20:00:00;;0.0;-9.5;-11.9;-44.78109375000001;15.0;-367.9710937499998
30622;2019-01-21 00:00:00;17:00;2019-01-21 17:00:00;;;-8.8;-12.6;-44.78109375000001;15.0;-367.9710937499998
30622;2019-01-21 00:00:00;14:00;2019-01-21 14:00:00;;;-12.4;-17.0;-44.78109375000001;15.0;-367.9710937499998
30622;2019-01-21 00:00:00;11:00;2019-01-21 11:00:00;;;-14.6;-19.0;-44.78109375000001;15.0;-367.9710937499998
30622;2019-01-21 00:00:00;08:00;2019-01-21 08:00:00;11.0;0.0;-16.3;-19.1;-44.78109375000001;15.0;-367.9710937499998
30622;2019-01-21 00:00:00;05:00;2019-01-21 05:00:00;;;-18.1;-20.8;-44.78109375000001;15.0;-367.9710937499998
30622;2019-01-21 00:00:00;02:00;2019-01-21 02:00:00;;;-21.7;-24.3;-44.78109375000001;15.0;-367.9710937499998
30622;2019-01-20 00:00:00;23:00;2019-01-20 23:00:00;;;-22.9;-25.3;-68.47656249999993;14.0;-323.18999999999977
30622;2019-01-20 00:00:00;20:00;2019-01-20 20:00:00;;0.0;-19.9;-22.8;-68.47656249999993;14.0;-323.18999999999977
30622;2019-01-20 00:00:00;17:00;2019-01-20 17:00:00;;;-16.7;-20.4;-68.47656249999993;14.0;-323.18999999999977
30622;2019-01-20 00:00:00;14:00;2019-01-20 14:00:00;;;-18.3;-22.2;-68.47656249999993;14.0;-323.18999999999977
30622;2019-01-20 00:00:00;11:00;2019-01-20 11:00:00;;;-22.3;-25.4;-68.47656249999993;14.0;-323.18999999999977
30622;2019-01-20 00:00:00;08:00;2019-01-20 08:00:00;11.0;0.0;-24.4;-27.4;-68.47656249999993;14.0;-323.18999999999977
30622;2019-01-20 00:00:00;05:00;2019-01-20 05:00:00;;;-25.8;-28.9;-68.47656249999993;14.0;-323.18999999999977
30622;2019-01-20 00:00:00;02:00;2019-01-20 02:00:00;;;-25.0;-27.9;-68.47656249999993;14.0;-323.18999999999977
30622;2019-01-19 00:00:00;23:00;2019-01-19 23:00:00;;;-25.0;-27.9;-85.05750000000002;13.0;-254.71343749999983
30622;2019-01-19 00:00:00;20:00;2019-01-19 20:00:00;;0.0;-23.8;-26.8;-85.05750000000002;13.0;-254.71343749999983
30622;2019-01-19 00:00:00;17:00;2019-01-19 17:00:00;;;-21.8;-25.5;-85.05750000000002;13.0;-254.71343749999983
30622;2019-01-19 00:00:00;14:00;2019-01-19 14:00:00;;;-23.0;-26.6;-85.05750000000002;13.0;-254.71343749999983
30622;2019-01-19 00:00:00;11:00;2019-01-19 11:00:00;;;-27.4;-30.7;-85.05750000000002;13.0;-254.71343749999983
30622;2019-01-19 00:00:00;08:00;2019-01-19 08:00:00;11.0;0.0;-29.7;-33.2;-85.05750000000002;13.0;-254.71343749999983
30622;2019-01-19 00:00:00;05:00;2019-01-19 05:00:00;;;-29.3;-32.7;-85.05750000000002;13.0;-254.71343749999983
30622;2019-01-19 00:00:00;02:00;2019-01-19 02:00:00;;;-26.2;-29.2;-85.05750000000002;13.0;-254.71343749999983
30622;2019-01-18 00:00:00;23:00;2019-01-18 23:00:00;;;-23.7;-26.1;-72.63234375000005;12.0;-169.65593749999982
30622;2019-01-18 00:00:00;20:00;2019-01-18 20:00:00;;0.2;-19.8;-22.2;-72.63234375000005;12.0;-169.65593749999982
30622;2019-01-18 00:00:00;17:00;2019-01-18 17:00:00;;;-16.8;-20.4;-72.63234375000005;12.0;-169.65593749999982
30622;2019-01-18 00:00:00;14:00;2019-01-18 14:00:00;;;-17.2;-22.9;-72.63234375000005;12.0;-169.65593749999982
30622;2019-01-18 00:00:00;11:00;2019-01-18 11:00:00;;;-22.1;-25.5;-72.63234375000005;12.0;-169.65593749999982
30622;2019-01-18 00:00:00;08:00;2019-01-18 08:00:00;11.0;0.0;-23.8;-26.8;-72.63234375000005;12.0;-169.65593749999982
30622;2019-01-18 00:00:00;05:00;2019-01-18 05:00:00;;;-24.8;-27.8;-72.63234375000005;12.0;-169.65593749999982
30622;2019-01-18 00:00:00;02:00;2019-01-18 02:00:00;;;-25.9;-29.1;-72.63234375000005;12.0;-169.65593749999982
30622;2019-01-17 00:00:00;23:00;2019-01-17 23:00:00;;;-26.3;-29.2;-87.4984375;11.0;-97.02359374999978
30622;2019-01-17 00:00:00;20:00;2019-01-17 20:00:00;;0.4;-23.4;-26.5;-87.4984375;11.0;-97.02359374999978
30622;2019-01-17 00:00:00;17:00;2019-01-17 17:00:00;;;-19.9;-24.5;-87.4984375;11.0;-97.02359374999978
30622;2019-01-17 00:00:00;14:00;2019-01-17 14:00:00;;;-20.0;-25.1;-87.4984375;11.0;-97.02359374999978
30622;2019-01-17 00:00:00;11:00;2019-01-17 11:00:00;;;-23.7;-27.1;-87.4984375;11.0;-97.02359374999978
30622;2019-01-17 00:00:00;08:00;2019-01-17 08:00:00;11.0;0.0;-25.3;-28.5;-87.4984375;11.0;-97.02359374999978
30622;2019-01-17 00:00:00;05:00;2019-01-17 05:00:00;;;-26.2;-29.5;-87.4984375;11.0;-97.02359374999978
30622;2019-01-17 00:00:00;02:00;2019-01-17 02:00:00;;;-28.3;-31.7;-87.4984375;11.0;-97.02359374999978
30622;2019-01-16 00:00:00;23:00;2019-01-16 23:00:00;;;-29.3;-32.4;-97.55999999999995;10.0;-9.525156249999782
30622;2019-01-16 00:00:00;20:00;2019-01-16 20:00:00;;0.0;-26.8;-29.9;-97.55999999999995;10.0;-9.525156249999782
30622;2019-01-16 00:00:00;17:00;2019-01-16 17:00:00;;;-21.8;-26.4;-97.55999999999995;10.0;-9.525156249999782
30622;2019-01-16 00:00:00;14:00;2019-01-16 14:00:00;;;-22.6;-27.7;-97.55999999999995;10.0;-9.525156249999782
30622;2019-01-16 00:00:00;11:00;2019-01-16 11:00:00;;;-28.2;-31.7;-97.55999999999995;10.0;-9.525156249999782
30622;2019-01-16 00:00:00;08:00;2019-01-16 08:00:00;11.0;0.0;-30.5;-33.8;-97.55999999999995;10.0;-9.525156249999782
30622;2019-01-16 00:00:00;05:00;2019-01-16 05:00:00;;;-29.5;-32.7;-97.55999999999995;10.0;-9.525156249999782
30622;2019-01-16 00:00:00;02:00;2019-01-16 02:00:00;;;-28.1;-31.0;-97.55999999999995;10.0;-9.525156249999782
30622;2019-01-15 00:00:00;23:00;2019-01-15 23:00:00;;;-26.5;-29.6;-95.9765625;9.0;88.03484375000016
30622;2019-01-15 00:00:00;20:00;2019-01-15 20:00:00;;0.0;-24.5;-27.9;-95.9765625;9.0;88.03484375000016
30622;2019-01-15 00:00:00;17:00;2019-01-15 17:00:00;;;-21.2;-25.9;-95.9765625;9.0;88.03484375000016
30622;2019-01-15 00:00:00;14:00;2019-01-15 14:00:00;;;-21.1;-25.9;-95.9765625;9.0;88.03484375000016
30622;2019-01-15 00:00:00;11:00;2019-01-15 11:00:00;;;-23.3;-27.3;-95.9765625;9.0;88.03484375000016
30622;2019-01-15 00:00:00;08:00;2019-01-15 08:00:00;11.0;0.0;-25.1;-28.6;-95.9765625;9.0;88.03484375000016
30622;2019-01-15 00:00:00;05:00;2019-01-15 05:00:00;;;-25.9;-29.8;-95.9765625;9.0;88.03484375000016
30622;2019-01-15 00:00:00;02:00;2019-01-15 02:00:00;;;-27.4;-31.5;-95.9765625;9.0;88.03484375000016
30622;2019-01-14 00:00:00;23:00;2019-01-14 23:00:00;;;-28.8;-32.8;-128.66984374999993;8.0;184.01140625000016
30622;2019-01-14 00:00:00;20:00;2019-01-14 20:00:00;;0.0;-30.4;-34.5;-128.66984374999993;8.0;184.01140625000016
30622;2019-01-14 00:00:00;17:00;2019-01-14 17:00:00;;;-29.5;-34.0;-128.66984374999993;8.0;184.01140625000016
30622;2019-01-14 00:00:00;14:00;2019-01-14 14:00:00;;;-28.3;-33.8;-128.66984374999993;8.0;184.01140625000016
30622;2019-01-14 00:00:00;11:00;2019-01-14 11:00:00;;;-33.9;-38.0;-128.66984374999993;8.0;184.01140625000016
30622;2019-01-14 00:00:00;08:00;2019-01-14 08:00:00;11.0;0.0;-36.3;-40.4;-128.66984374999993;8.0;184.01140625000016
30622;2019-01-14 00:00:00;05:00;2019-01-14 05:00:00;;;-33.0;-36.4;-128.66984374999993;8.0;184.01140625000016
30622;2019-01-14 00:00:00;02:00;2019-01-14 02:00:00;;;-30.1;-33.3;-128.66984374999993;8.0;184.01140625000016
30622;2019-01-13 00:00:00;23:00;2019-01-13 23:00:00;;;-23.8;-27.1;-88.13562499999998;7.0;312.6812500000001
30622;2019-01-13 00:00:00;20:00;2019-01-13 20:00:00;;0.0;-24.5;-28.3;-88.13562499999998;7.0;312.6812500000001
30622;2019-01-13 00:00:00;17:00;2019-01-13 17:00:00;;;-18.6;-25.9;-88.13562499999998;7.0;312.6812500000001
30622;2019-01-13 00:00:00;14:00;2019-01-13 14:00:00;;;-16.4;-22.6;-88.13562499999998;7.0;312.6812500000001
30622;2019-01-13 00:00:00;11:00;2019-01-13 11:00:00;;;-21.3;-24.4;-88.13562499999998;7.0;312.6812500000001
30622;2019-01-13 00:00:00;08:00;2019-01-13 08:00:00;10.0;0.0;-19.7;-22.7;-88.13562499999998;7.0;312.6812500000001
30622;2019-01-13 00:00:00;05:00;2019-01-13 05:00:00;;;-22.1;-25.3;-88.13562499999998;7.0;312.6812500000001
30622;2019-01-13 00:00:00;02:00;2019-01-13 02:00:00;;;-23.5;-26.8;-88.13562499999998;7.0;312.6812500000001
30622;2019-12-01 00:00:00;23:00;2019-12-01 23:00:00;;;-24.6;-27.8;-80.01656249999996;10.0;-1046.96265625
30622;2019-12-01 00:00:00;20:00;2019-12-01 20:00:00;;0.0;-24.7;-27.8;-80.01656249999996;10.0;-1046.96265625
30622;2019-12-01 00:00:00;17:00;2019-12-01 17:00:00;;;-24.6;-28.1;-80.01656249999996;10.0;-1046.96265625
30622;2019-12-01 00:00:00;14:00;2019-12-01 14:00:00;;;-25.4;-29.8;-80.01656249999996;10.0;-1046.96265625
30622;2019-12-01 00:00:00;11:00;2019-12-01 11:00:00;;;-27.4;-31.0;-80.01656249999996;10.0;-1046.96265625
30622;2019-12-01 00:00:00;08:00;2019-12-01 08:00:00;10.0;0.3;-28.2;-31.2;-80.01656249999996;10.0;-1046.96265625
30622;2019-12-01 00:00:00;05:00;2019-12-01 05:00:00;;;-20.0;-22.8;-80.01656249999996;10.0;-1046.96265625
30622;2019-12-01 00:00:00;02:00;2019-12-01 02:00:00;;;-16.9;-20.0;-80.01656249999996;10.0;-1046.96265625
30622;2019-11-01 00:00:00;23:00;2019-11-01 23:00:00;;;-12.9;-16.4;-65.94140625;32.0;-240.81875000000005
30622;2019-11-01 00:00:00;20:00;2019-11-01 20:00:00;;0.7;-11.1;-13.4;-65.94140625;32.0;-240.81875000000005
30622;2019-11-01 00:00:00;17:00;2019-11-01 17:00:00;;;-15.5;-18.8;-65.94140625;32.0;-240.81875000000005
30622;2019-11-01 00:00:00;14:00;2019-11-01 14:00:00;;;-21.1;-24.9;-65.94140625;32.0;-240.81875000000005
30622;2019-11-01 00:00:00;11:00;2019-11-01 11:00:00;;;-23.7;-26.7;-65.94140625;32.0;-240.81875000000005
30622;2019-11-01 00:00:00;08:00;2019-11-01 08:00:00;9.0;0.0;-26.1;-29.3;-65.94140625;32.0;-240.81875000000005
30622;2019-11-01 00:00:00;05:00;2019-11-01 05:00:00;;;-27.5;-30.7;-65.94140625;32.0;-240.81875000000005
30622;2019-11-01 00:00:00;02:00;2019-11-01 02:00:00;;;-27.6;-30.8;-65.94140625;32.0;-240.81875000000005
30622;2019-10-01 00:00:00;23:00;2019-10-01 23:00:00;;;-26.6;-29.6;-75.67656250000003;1.0;-70.95890625000003
30622;2019-10-01 00:00:00;20:00;2019-10-01 20:00:00;;0.0;-25.9;-28.4;-75.67656250000003;1.0;-70.95890625000003
30622;2019-10-01 00:00:00;17:00;2019-10-01 17:00:00;;;-21.7;-24.6;-75.67656250000003;1.0;-70.95890625000003
30622;2019-10-01 00:00:00;14:00;2019-10-01 14:00:00;;;-21.0;-23.9;-75.67656250000003;1.0;-70.95890625000003
30622;2019-10-01 00:00:00;11:00;2019-10-01 11:00:00;;;-24.9;-28.0;-75.67656250000003;1.0;-70.95890625000003
30622;2019-10-01 00:00:00;08:00;2019-10-01 08:00:00;9.0;0.0;-28.9;-32.2;-75.67656250000003;1.0;-70.95890625000003
30622;2019-10-01 00:00:00;05:00;2019-10-01 05:00:00;;;-28.2;-31.3;-75.67656250000003;1.0;-70.95890625000003
30622;2019-10-01 00:00:00;02:00;2019-10-01 02:00:00;;;-26.3;-29.3;-75.67656250000003;1.0;-70.95890625000003
30622;2019-09-01 00:00:00;23:00;2019-09-01 23:00:00;;;-24.2;-26.9;-72.40781249999999;6.0;408.36171875000014
30622;2019-09-01 00:00:00;20:00;2019-09-01 20:00:00;;0.0;-22.8;-25.3;-72.40781249999999;6.0;408.36171875000014
30622;2019-09-01 00:00:00;17:00;2019-09-01 17:00:00;;;-17.9;-21.8;-72.40781249999999;6.0;408.36171875000014
30622;2019-09-01 00:00:00;14:00;2019-09-01 14:00:00;;;-16.2;-21.2;-72.40781249999999;6.0;408.36171875000014
30622;2019-09-01 00:00:00;11:00;2019-09-01 11:00:00;;;-18.9;-22.6;-72.40781249999999;6.0;408.36171875000014
30622;2019-09-01 00:00:00;08:00;2019-09-01 08:00:00;9.0;0.0;-21.6;-24.9;-72.40781249999999;6.0;408.36171875000014
30622;2019-09-01 00:00:00;05:00;2019-09-01 05:00:00;;;-25.1;-28.1;-72.40781249999999;6.0;408.36171875000014
30622;2019-09-01 00:00:00;02:00;2019-09-01 02:00:00;;;-24.3;-27.3;-72.40781249999999;6.0;408.36171875000014
30622;2019-08-01 00:00:00;23:00;2019-08-01 23:00:00;;;-23.5;-26.8;-98.34000000000003;3.0;155.33468749999997
30622;2019-08-01 00:00:00;20:00;2019-08-01 20:00:00;;0.0;-26.4;-29.8;-98.34000000000003;3.0;155.33468749999997
30622;2019-08-01 00:00:00;17:00;2019-08-01 17:00:00;;;-23.8;-28.1;-98.34000000000003;3.0;155.33468749999997
30622;2019-08-01 00:00:00;14:00;2019-08-01 14:00:00;;;-24.2;-28.8;-98.34000000000003;3.0;155.33468749999997
30622;2019-08-01 00:00:00;11:00;2019-08-01 11:00:00;;;-26.2;-29.7;-98.34000000000003;3.0;155.33468749999997
30622;2019-08-01 00:00:00;08:00;2019-08-01 08:00:00;9.0;0.0;-28.0;-31.5;-98.34000000000003;3.0;155.33468749999997
30622;2019-08-01 00:00:00;05:00;2019-08-01 05:00:00;;;-28.9;-32.5;-98.34000000000003;3.0;155.33468749999997
30622;2019-08-01 00:00:00;02:00;2019-08-01 02:00:00;;;-30.2;-33.8;-98.34000000000003;3.0;155.33468749999997
30622;2019-07-01 00:00:00;23:00;2019-07-01 23:00:00;;;-32.1;-35.9;-130.45;5.0;436.8059375000001
30622;2019-07-01 00:00:00;20:00;2019-07-01 20:00:00;;0.0;-32.3;-36.0;-130.45;5.0;436.8059375000001
30622;2019-07-01 00:00:00;17:00;2019-07-01 17:00:00;;;-30.3;-34.4;-130.45;5.0;436.8059375000001
30622;2019-07-01 00:00:00;14:00;2019-07-01 14:00:00;;;-29.6;-34.4;-130.45;5.0;436.8059375000001
30622;2019-07-01 00:00:00;11:00;2019-07-01 11:00:00;;;-33.6;-37.5;-130.45;5.0;436.8059375000001
30622;2019-07-01 00:00:00;08:00;2019-07-01 08:00:00;9.0;0.2;-36.2;-40.4;-130.45;5.0;436.8059375000001
30622;2019-07-01 00:00:00;05:00;2019-07-01 05:00:00;;;-34.4;-38.2;-130.45;5.0;436.8059375000001
30622;2019-07-01 00:00:00;02:00;2019-07-01 02:00:00;;;-32.4;-36.1;-130.45;5.0;436.8059375000001
30622;2019-06-01 00:00:00;23:00;2019-06-01 23:00:00;;;-29.1;-32.6;-126.15999999999995;4.0;351.19281250000006
30622;2019-06-01 00:00:00;20:00;2019-06-01 20:00:00;;0.0;-27.4;-31.3;-126.15999999999995;4.0;351.19281250000006
30622;2019-06-01 00:00:00;17:00;2019-06-01 17:00:00;;;-27.8;-32.3;-126.15999999999995;4.0;351.19281250000006
30622;2019-06-01 00:00:00;14:00;2019-06-01 14:00:00;;;-28.8;-34.1;-126.15999999999995;4.0;351.19281250000006
30622;2019-06-01 00:00:00;11:00;2019-06-01 11:00:00;;;-31.8;-35.7;-126.15999999999995;4.0;351.19281250000006
30622;2019-06-01 00:00:00;08:00;2019-06-01 08:00:00;9.0;0.2;-33.9;-38.0;-126.15999999999995;4.0;351.19281250000006
30622;2019-06-01 00:00:00;05:00;2019-06-01 05:00:00;;;-30.9;-34.9;-126.15999999999995;4.0;351.19281250000006
30622;2019-06-01 00:00:00;02:00;2019-06-01 02:00:00;;;-33.5;-37.5;-126.15999999999995;4.0;351.19281250000006
30622;2019-05-01 00:00:00;23:00;2019-05-01 23:00:00;;;-36.0;-40.1;-166.35234375000007;22.0;367.09640625
30622;2019-05-01 00:00:00;20:00;2019-05-01 20:00:00;;0.0;-34.4;;-166.35234375000007;22.0;367.09640625
30622;2019-05-01 00:00:00;17:00;2019-05-01 17:00:00;;;-31.5;-36.5;-166.35234375000007;22.0;367.09640625
30622;2019-05-01 00:00:00;14:00;2019-05-01 14:00:00;;;-30.7;-36.4;-166.35234375000007;22.0;367.09640625
30622;2019-05-01 00:00:00;11:00;2019-05-01 11:00:00;;;-35.9;-40.4;-166.35234375000007;22.0;367.09640625
30622;2019-05-01 00:00:00;08:00;2019-05-01 08:00:00;9.0;0.0;-38.3;-42.8;-166.35234375000007;22.0;367.09640625
30622;2019-05-01 00:00:00;05:00;2019-05-01 05:00:00;;;-37.6;-42.0;-166.35234375000007;22.0;367.09640625
30622;2019-05-01 00:00:00;02:00;2019-05-01 02:00:00;;;-36.3;-40.6;-166.35234375000007;22.0;367.09640625
30622;2019-04-01 00:00:00;23:00;2019-04-01 23:00:00;;;-35.7;-39.7;-151.0945312500001;21.0;-716.8693750000002
30622;2019-04-01 00:00:00;20:00;2019-04-01 20:00:00;;0.0;-34.2;-38.3;-151.0945312500001;21.0;-716.8693750000002
30622;2019-04-01 00:00:00;17:00;2019-04-01 17:00:00;;;-31.0;-35.5;-151.0945312500001;21.0;-716.8693750000002
30622;2019-04-01 00:00:00;14:00;2019-04-01 14:00:00;;;-30.2;-35.4;-151.0945312500001;21.0;-716.8693750000002
30622;2019-04-01 00:00:00;11:00;2019-04-01 11:00:00;;;-33.5;-37.7;-151.0945312500001;21.0;-716.8693750000002
30622;2019-04-01 00:00:00;08:00;2019-04-01 08:00:00;9.0;0.0;-37.3;-41.7;-151.0945312500001;21.0;-716.8693750000002
30622;2019-04-01 00:00:00;05:00;2019-04-01 05:00:00;;;-37.2;-41.6;-151.0945312500001;21.0;-716.8693750000002
30622;2019-04-01 00:00:00;02:00;2019-04-01 02:00:00;;;-36.4;-40.7;-151.0945312500001;21.0;-716.8693750000002
30622;2019-03-01 00:00:00;23:00;2019-03-01 23:00:00;;;-35.3;-39.3;-130.72312499999998;54.0;-2164.87355867347
30622;2019-03-01 00:00:00;20:00;2019-03-01 20:00:00;;0.0;-32.9;-36.5;-130.72312499999998;54.0;-2164.87355867347
30622;2019-03-01 00:00:00;17:00;2019-03-01 17:00:00;;;-28.4;-32.9;-130.72312499999998;54.0;-2164.87355867347
30622;2019-03-01 00:00:00;14:00;2019-03-01 14:00:00;;;-26.2;-32.3;-130.72312499999998;54.0;-2164.87355867347
30622;2019-03-01 00:00:00;11:00;2019-03-01 11:00:00;;;-30.8;-35.7;-130.72312499999998;54.0;-2164.87355867347
30622;2019-03-01 00:00:00;08:00;2019-03-01 08:00:00;9.0;0.0;-31.4;-35.3;-130.72312499999998;54.0;-2164.87355867347
30622;2019-03-01 00:00:00;05:00;2019-03-01 05:00:00;;;-27.8;-31.7;-130.72312499999998;54.0;-2164.87355867347
30622;2019-03-01 00:00:00;02:00;2019-03-01 02:00:00;;;-29.0;-32.7;-130.72312499999998;54.0;-2164.87355867347
30622;2019-02-01 00:00:00;23:00;2019-02-01 23:00:00;;;-27.0;-31.0;-147.09515624999995;26.0;-1193.5524649234692
30622;2019-02-01 00:00:00;20:00;2019-02-01 20:00:00;;0.0;-28.3;-32.6;-147.09515624999995;26.0;-1193.5524649234692
30622;2019-02-01 00:00:00;17:00;2019-02-01 17:00:00;;;-30.0;-34.6;-147.09515624999995;26.0;-1193.5524649234692
30622;2019-02-01 00:00:00;14:00;2019-02-01 14:00:00;;;-31.9;-37.1;-147.09515624999995;26.0;-1193.5524649234692
30622;2019-02-01 00:00:00;11:00;2019-02-01 11:00:00;;;-35.4;-39.9;-147.09515624999995;26.0;-1193.5524649234692
30622;2019-02-01 00:00:00;08:00;2019-02-01 08:00:00;9.0;0.0;-37.7;-42.2;-147.09515624999995;26.0;-1193.5524649234692
30622;2019-02-01 00:00:00;05:00;2019-02-01 05:00:00;;;-37.2;-41.6;-147.09515624999995;26.0;-1193.5524649234692
30622;2019-02-01 00:00:00;02:00;2019-02-01 02:00:00;;;-36.2;-40.4;-147.09515624999995;26.0;-1193.5524649234692
30622;2019-01-01 00:00:00;23:00;2019-01-01 23:00:00;;;-35.3;-39.5;-160.61984374999997;23.0;-2260.4075000000003
30622;2019-01-01 00:00:00;20:00;2019-01-01 20:00:00;;0.0;-34.1;-38.1;-160.61984374999997;23.0;-2260.4075000000003
30622;2019-01-01 00:00:00;17:00;2019-01-01 17:00:00;;;-31.3;-36.3;-160.61984374999997;23.0;-2260.4075000000003
30622;2019-01-01 00:00:00;14:00;2019-01-01 14:00:00;;;-31.0;-36.9;-160.61984374999997;23.0;-2260.4075000000003
30622;2019-01-01 00:00:00;11:00;2019-01-01 11:00:00;;;-35.3;-39.7;-160.61984374999997;23.0;-2260.4075000000003
30622;2019-01-01 00:00:00;08:00;2019-01-01 08:00:00;9.0;0.0;-38.2;-42.7;-160.61984374999997;23.0;-2260.4075000000003
30622;2019-01-01 00:00:00;05:00;2019-01-01 05:00:00;;;-37.8;-42.2;-160.61984374999997;23.0;-2260.4075000000003
30622;2019-01-01 00:00:00;02:00;2019-01-01 02:00:00;;;-37.1;-41.4;-160.61984374999997;23.0;-2260.4075000000003
30622;2018-12-31 00:00:00;23:00;2018-12-31 23:00:00;;;-35.6;-39.7;-147.97234374999982;22.0;-2099.78765625
30622;2018-12-31 00:00:00;20:00;2018-12-31 20:00:00;;0.0;-34.6;-38.5;-147.97234374999982;22.0;-2099.78765625
30622;2018-12-31 00:00:00;17:00;2018-12-31 17:00:00;;;-31.6;-35.9;-147.97234374999982;22.0;-2099.78765625
30622;2018-12-31 00:00:00;14:00;2018-12-31 14:00:00;;;-31.2;-36.5;-147.97234374999982;22.0;-2099.78765625
30622;2018-12-31 00:00:00;11:00;2018-12-31 11:00:00;;;-34.2;-38.2;-147.97234374999982;22.0;-2099.78765625
30622;2018-12-31 00:00:00;08:00;2018-12-31 08:00:00;9.0;0.0;-37.4;-41.8;-147.97234374999982;22.0;-2099.78765625
30622;2018-12-31 00:00:00;05:00;2018-12-31 05:00:00;;;-36.2;-40.4;-147.97234374999982;22.0;-2099.78765625
30622;2018-12-31 00:00:00;02:00;2018-12-31 02:00:00;;;-35.3;-39.4;-147.97234374999982;22.0;-2099.78765625
30622;2018-12-30 00:00:00;23:00;2018-12-30 23:00:00;;;-33.6;-37.4;-127.55312500000011;21.0;-1951.8153125000001
30622;2018-12-30 00:00:00;20:00;2018-12-30 20:00:00;;0.0;-31.7;-35.2;-127.55312500000011;21.0;-1951.8153125000001
30622;2018-12-30 00:00:00;17:00;2018-12-30 17:00:00;;;-27.7;-32.4;-127.55312500000011;21.0;-1951.8153125000001
30622;2018-12-30 00:00:00;14:00;2018-12-30 14:00:00;;;-25.8;-32.2;-127.55312500000011;21.0;-1951.8153125000001
30622;2018-12-30 00:00:00;11:00;2018-12-30 11:00:00;;;-29.1;-33.4;-127.55312500000011;21.0;-1951.8153125000001
30622;2018-12-30 00:00:00;08:00;2018-12-30 08:00:00;9.0;0.0;-28.8;-32.6;-127.55312500000011;21.0;-1951.8153125000001
30622;2018-12-30 00:00:00;05:00;2018-12-30 05:00:00;;;-30.9;-34.6;-127.55312500000011;21.0;-1951.8153125000001
30622;2018-12-30 00:00:00;02:00;2018-12-30 02:00:00;;;-32.5;-36.3;-127.55312500000011;21.0;-1951.8153125000001
30622;2018-12-29 00:00:00;23:00;2018-12-29 23:00:00;;;-35.4;-39.6;-143.11968749999997;20.0;-1824.2621875
30622;2018-12-29 00:00:00;20:00;2018-12-29 20:00:00;;0.0;-34.2;-38.2;-143.11968749999997;20.0;-1824.2621875
30622;2018-12-29 00:00:00;17:00;2018-12-29 17:00:00;;;-31.6;-35.8;-143.11968749999997;20.0;-1824.2621875
30622;2018-12-29 00:00:00;14:00;2018-12-29 14:00:00;;;-30.8;-35.5;-143.11968749999997;20.0;-1824.2621875
30622;2018-12-29 00:00:00;11:00;2018-12-29 11:00:00;;;-33.3;-37.5;-143.11968749999997;20.0;-1824.2621875
30622;2018-12-29 00:00:00;08:00;2018-12-29 08:00:00;9.0;0.0;-36.5;-40.7;-143.11968749999997;20.0;-1824.2621875
30622;2018-12-29 00:00:00;05:00;2018-12-29 05:00:00;;;-36.0;-40.2;-143.11968749999997;20.0;-1824.2621875
30622;2018-12-29 00:00:00;02:00;2018-12-29 02:00:00;;;-34.0;-38.0;-143.11968749999997;20.0;-1824.2621875
30622;2018-12-28 00:00:00;23:00;2018-12-28 23:00:00;;;-32.3;-36.0;-138.31203125000008;19.0;-1681.1425
30622;2018-12-28 00:00:00;20:00;2018-12-28 20:00:00;;0.0;-31.6;-35.4;-138.31203125000008;19.0;-1681.1425
30622;2018-12-28 00:00:00;17:00;2018-12-28 17:00:00;;;-30.9;-35.4;-138.31203125000008;19.0;-1681.1425
30622;2018-12-28 00:00:00;14:00;2018-12-28 14:00:00;;;-29.9;-35.9;-138.31203125000008;19.0;-1681.1425
30622;2018-12-28 00:00:00;11:00;2018-12-28 11:00:00;;;-33.3;-37.6;-138.31203125000008;19.0;-1681.1425
30622;2018-12-28 00:00:00;08:00;2018-12-28 08:00:00;9.0;0.2;-35.0;-39.0;-138.31203125000008;19.0;-1681.1425
30622;2018-12-28 00:00:00;05:00;2018-12-28 05:00:00;;;-31.1;-35.2;-138.31203125000008;19.0;-1681.1425
30622;2018-12-28 00:00:00;02:00;2018-12-28 02:00:00;;;-31.0;-35.3;-138.31203125000008;19.0;-1681.1425
30622;2018-12-27 00:00:00;23:00;2018-12-27 23:00:00;;;-33.1;-37.5;-189.1815624999999;18.0;-1542.83046875
30622;2018-12-27 00:00:00;20:00;2018-12-27 20:00:00;;0.0;-34.5;-39.3;-189.1815624999999;18.0;-1542.83046875
30622;2018-12-27 00:00:00;17:00;2018-12-27 17:00:00;;;-35.4;-40.2;-189.1815624999999;18.0;-1542.83046875
30622;2018-12-27 00:00:00;14:00;2018-12-27 14:00:00;;;-36.8;-42.1;-189.1815624999999;18.0;-1542.83046875
30622;2018-12-27 00:00:00;11:00;2018-12-27 11:00:00;;;-39.8;-44.7;-189.1815624999999;18.0;-1542.83046875
30622;2018-12-27 00:00:00;08:00;2018-12-27 08:00:00;9.0;0.0;-42.0;-47.0;-189.1815624999999;18.0;-1542.83046875
30622;2018-12-27 00:00:00;05:00;2018-12-27 05:00:00;;;-42.7;-47.8;-189.1815624999999;18.0;-1542.83046875
30622;2018-12-27 00:00:00;02:00;2018-12-27 02:00:00;;;-43.0;-48.1;-189.1815624999999;18.0;-1542.83046875
30622;2018-12-26 00:00:00;23:00;2018-12-26 23:00:00;;;-42.3;-47.3;-214.21375000000018;17.0;-1353.64890625
30622;2018-12-26 00:00:00;20:00;2018-12-26 20:00:00;;0.0;-40.9;-45.7;-214.21375000000018;17.0;-1353.64890625
30622;2018-12-26 00:00:00;17:00;2018-12-26 17:00:00;;;-39.8;-45.2;-214.21375000000018;17.0;-1353.64890625
30622;2018-12-26 00:00:00;14:00;2018-12-26 14:00:00;;;-39.5;-45.1;-214.21375000000018;17.0;-1353.64890625
30622;2018-12-26 00:00:00;11:00;2018-12-26 11:00:00;;;-43.0;-48.0;-214.21375000000018;17.0;-1353.64890625
30622;2018-12-26 00:00:00;08:00;2018-12-26 08:00:00;9.0;0.0;-44.1;-49.2;-214.21375000000018;17.0;-1353.64890625
30622;2018-12-26 00:00:00;05:00;2018-12-26 05:00:00;;;-43.1;-48.1;-214.21375000000018;17.0;-1353.64890625
30622;2018-12-26 00:00:00;02:00;2018-12-26 02:00:00;;;-42.5;-47.5;-214.21375000000018;17.0;-1353.64890625
30622;2018-12-25 00:00:00;23:00;2018-12-25 23:00:00;;;-42.3;-47.2;-198.18984374999994;16.0;-1139.4351562499999
30622;2018-12-25 00:00:00;20:00;2018-12-25 20:00:00;;0.0;-41.3;-46.1;-198.18984374999994;16.0;-1139.4351562499999
30622;2018-12-25 00:00:00;17:00;2018-12-25 17:00:00;;;-37.9;-42.8;-198.18984374999994;16.0;-1139.4351562499999
30622;2018-12-25 00:00:00;14:00;2018-12-25 14:00:00;;;-36.6;-42.7;-198.18984374999994;16.0;-1139.4351562499999
30622;2018-12-25 00:00:00;11:00;2018-12-25 11:00:00;;;-40.0;-44.7;-198.18984374999994;16.0;-1139.4351562499999
30622;2018-12-25 00:00:00;08:00;2018-12-25 08:00:00;9.0;0.0;-41.4;-46.3;-198.18984374999994;16.0;-1139.4351562499999
30622;2018-12-25 00:00:00;05:00;2018-12-25 05:00:00;;;-40.4;-45.2;-198.18984374999994;16.0;-1139.4351562499999
30622;2018-12-25 00:00:00;02:00;2018-12-25 02:00:00;;;-39.6;-44.2;-198.18984374999994;16.0;-1139.4351562499999
30622;2018-12-24 00:00:00;23:00;2018-12-24 23:00:00;;;-36.8;-41.0;-160.50796874999997;15.0;-941.2453125
30622;2018-12-24 00:00:00;20:00;2018-12-24 20:00:00;;0.0;-30.7;-34.9;-160.50796874999997;15.0;-941.2453125
30622;2018-12-24 00:00:00;17:00;2018-12-24 17:00:00;;;-28.2;-34.5;-160.50796874999997;15.0;-941.2453125
30622;2018-12-24 00:00:00;14:00;2018-12-24 14:00:00;;;-27.9;-34.5;-160.50796874999997;15.0;-941.2453125
30622;2018-12-24 00:00:00;11:00;2018-12-24 11:00:00;;;-28.5;-35.1;-160.50796874999997;15.0;-941.2453125
30622;2018-12-24 00:00:00;08:00;2018-12-24 08:00:00;10.0;0.0;-26.8;-34.0;-160.50796874999997;15.0;-941.2453125
30622;2018-12-24 00:00:00;05:00;2018-12-24 05:00:00;;;-21.7;-28.4;-160.50796874999997;15.0;-941.2453125
30622;2018-12-24 00:00:00;02:00;2018-12-24 02:00:00;;;-17.5;-22.8;-160.50796874999997;15.0;-941.2453125
30622;2018-12-23 00:00:00;23:00;2018-12-23 23:00:00;;;-18.5;-21.9;-78.53250000000003;14.0;-780.73734375
30622;2018-12-23 00:00:00;20:00;2018-12-23 20:00:00;;0.0;-21.8;-25.0;-78.53250000000003;14.0;-780.73734375
30622;2018-12-23 00:00:00;17:00;2018-12-23 17:00:00;;;-19.9;-23.8;-78.53250000000003;14.0;-780.73734375
30622;2018-12-23 00:00:00;14:00;2018-12-23 14:00:00;;;-20.2;-24.7;-78.53250000000003;14.0;-780.73734375
30622;2018-12-23 00:00:00;11:00;2018-12-23 11:00:00;;;-23.7;-26.9;-78.53250000000003;14.0;-780.73734375
30622;2018-12-23 00:00:00;08:00;2018-12-23 08:00:00;10.0;0.0;-24.4;-27.5;-78.53250000000003;14.0;-780.73734375
30622;2018-12-23 00:00:00;05:00;2018-12-23 05:00:00;;;-24.1;-27.5;-78.53250000000003;14.0;-780.73734375
30622;2018-12-23 00:00:00;02:00;2018-12-23 02:00:00;;;-25.0;-28.6;-78.53250000000003;14.0;-780.73734375
30622;2018-12-22 00:00:00;23:00;2018-12-22 23:00:00;;;-25.6;-29.4;-115.378125;13.0;-702.20484375
30622;2018-12-22 00:00:00;20:00;2018-12-22 20:00:00;;0.0;-27.1;-30.6;-115.378125;13.0;-702.20484375
30622;2018-12-22 00:00:00;17:00;2018-12-22 17:00:00;;;-27.5;-31.9;-115.378125;13.0;-702.20484375
30622;2018-12-22 00:00:00;14:00;2018-12-22 14:00:00;;;-28.4;-33.0;-115.378125;13.0;-702.20484375
30622;2018-12-22 00:00:00;11:00;2018-12-22 11:00:00;;;-31.4;-35.2;-115.378125;13.0;-702.20484375
30622;2018-12-22 00:00:00;08:00;2018-12-22 08:00:00;10.0;0.0;-32.8;-36.6;-115.378125;13.0;-702.20484375
30622;2018-12-22 00:00:00;05:00;2018-12-22 05:00:00;;;-33.4;-36.9;-115.378125;13.0;-702.20484375
30622;2018-12-22 00:00:00;02:00;2018-12-22 02:00:00;;;-32.0;-35.6;-115.378125;13.0;-702.20484375
30622;2018-12-21 00:00:00;23:00;2018-12-21 23:00:00;;;-32.3;-36.0;-114.74984375000004;12.0;-586.82671875
30622;2018-12-21 00:00:00;20:00;2018-12-21 20:00:00;;0.0;-28.3;-31.8;-114.74984375000004;12.0;-586.82671875
30622;2018-12-21 00:00:00;17:00;2018-12-21 17:00:00;;;-19.6;-28.6;-114.74984375000004;12.0;-586.82671875
30622;2018-12-21 00:00:00;14:00;2018-12-21 14:00:00;;;-16.5;-27.6;-114.74984375000004;12.0;-586.82671875
30622;2018-12-21 00:00:00;11:00;2018-12-21 11:00:00;;;-15.5;-24.7;-114.74984375000004;12.0;-586.82671875
30622;2018-12-21 00:00:00;08:00;2018-12-21 08:00:00;10.0;0.0;-17.8;-21.6;-114.74984375000004;12.0;-586.82671875
30622;2018-12-21 00:00:00;05:00;2018-12-21 05:00:00;;;-15.5;-18.3;-114.74984375000004;12.0;-586.82671875
30622;2018-12-21 00:00:00;02:00;2018-12-21 02:00:00;;;-15.2;-17.8;-114.74984375000004;12.0;-586.82671875
30622;2018-12-20 00:00:00;23:00;2018-12-20 23:00:00;;;-13.0;-15.8;-37.996875000000024;11.0;-472.07687500000003
30622;2018-12-20 00:00:00;20:00;2018-12-20 20:00:00;;0.0;-13.1;-15.9;-37.996875000000024;11.0;-472.07687500000003
30622;2018-12-20 00:00:00;17:00;2018-12-20 17:00:00;;;-14.3;-16.8;-37.996875000000024;11.0;-472.07687500000003
30622;2018-12-20 00:00:00;14:00;2018-12-20 14:00:00;;;-14.5;-17.5;-37.996875000000024;11.0;-472.07687500000003
30622;2018-12-20 00:00:00;11:00;2018-12-20 11:00:00;;;-16.3;-18.4;-37.996875000000024;11.0;-472.07687500000003
30622;2018-12-20 00:00:00;08:00;2018-12-20 08:00:00;10.0;0.0;-17.6;-19.7;-37.996875000000024;11.0;-472.07687500000003
30622;2018-12-20 00:00:00;05:00;2018-12-20 05:00:00;;;-18.9;-21.1;-37.996875000000024;11.0;-472.07687500000003
30622;2018-12-20 00:00:00;02:00;2018-12-20 02:00:00;;;-18.3;-20.1;-37.996875000000024;11.0;-472.07687500000003
30622;2018-12-19 00:00:00;23:00;2018-12-19 23:00:00;;;-11.6;-14.5;-28.636562500000004;10.0;-434.08
30622;2018-12-19 00:00:00;20:00;2018-12-19 20:00:00;;0.0;-10.3;-13.1;-28.636562500000004;10.0;-434.08
30622;2018-12-19 00:00:00;17:00;2018-12-19 17:00:00;;;-9.5;-13.0;-28.636562500000004;10.0;-434.08
30622;2018-12-19 00:00:00;14:00;2018-12-19 14:00:00;;;-6.0;-10.3;-28.636562500000004;10.0;-434.08
30622;2018-12-19 00:00:00;11:00;2018-12-19 11:00:00;;;-8.3;-11.9;-28.636562500000004;10.0;-434.08
30622;2018-12-19 00:00:00;08:00;2018-12-19 08:00:00;10.0;0.0;-12.6;-14.4;-28.636562500000004;10.0;-434.08
30622;2018-12-19 00:00:00;05:00;2018-12-19 05:00:00;;;-7.8;-10.6;-28.636562500000004;10.0;-434.08
30622;2018-12-19 00:00:00;02:00;2018-12-19 02:00:00;;;-8.1;-11.1;-28.636562500000004;10.0;-434.08
30622;2018-12-18 00:00:00;23:00;2018-12-18 23:00:00;;;-10.6;-13.5;-30.332812500000003;9.0;-405.44343749999996
30622;2018-12-18 00:00:00;20:00;2018-12-18 20:00:00;;0.0;-7.9;-12.0;-30.332812500000003;9.0;-405.44343749999996
30622;2018-12-18 00:00:00;17:00;2018-12-18 17:00:00;;;-6.3;-11.2;-30.332812500000003;9.0;-405.44343749999996
30622;2018-12-18 00:00:00;14:00;2018-12-18 14:00:00;;;-5.5;-10.5;-30.332812500000003;9.0;-405.44343749999996
30622;2018-12-18 00:00:00;11:00;2018-12-18 11:00:00;;;-6.7;-9.8;-30.332812500000003;9.0;-405.44343749999996
30622;2018-12-18 00:00:00;08:00;2018-12-18 08:00:00;10.0;0.0;-10.6;-12.6;-30.332812500000003;9.0;-405.44343749999996
30622;2018-12-18 00:00:00;05:00;2018-12-18 05:00:00;;;-11.2;-14.0;-30.332812500000003;9.0;-405.44343749999996
30622;2018-12-18 00:00:00;02:00;2018-12-18 02:00:00;;;-13.1;-15.3;-30.332812500000003;9.0;-405.44343749999996
30622;2018-12-17 00:00:00;23:00;2018-12-17 23:00:00;;;-14.9;-17.2;-41.91437499999996;8.0;-375.11062499999997
30622;2018-12-17 00:00:00;20:00;2018-12-17 20:00:00;;0.2;-15.3;-17.6;-41.91437499999996;8.0;-375.11062499999997
30622;2018-12-17 00:00:00;17:00;2018-12-17 17:00:00;;;-16.2;-18.7;-41.91437499999996;8.0;-375.11062499999997
30622;2018-12-17 00:00:00;14:00;2018-12-17 14:00:00;;;-16.0;-19.5;-41.91437499999996;8.0;-375.11062499999997
30622;2018-12-17 00:00:00;11:00;2018-12-17 11:00:00;;;-18.2;-20.7;-41.91437499999996;8.0;-375.11062499999997
30622;2018-12-17 00:00:00;08:00;2018-12-17 08:00:00;10.0;0.2;-17.5;-19.7;-41.91437499999996;8.0;-375.11062499999997
30622;2018-12-17 00:00:00;05:00;2018-12-17 05:00:00;;;-17.5;-19.7;-41.91437499999996;8.0;-375.11062499999997
30622;2018-12-17 00:00:00;02:00;2018-12-17 02:00:00;;;-19.2;-21.6;-41.91437499999996;8.0;-375.11062499999997
30622;2018-12-16 00:00:00;23:00;2018-12-16 23:00:00;;;-20.7;-22.8;-39.249843750000004;7.0;-333.19625
30622;2018-12-16 00:00:00;20:00;2018-12-16 20:00:00;;0.2;-18.1;-19.9;-39.249843750000004;7.0;-333.19625
30622;2018-12-16 00:00:00;17:00;2018-12-16 17:00:00;;;-10.3;-14.9;-39.249843750000004;7.0;-333.19625
30622;2018-12-16 00:00:00;14:00;2018-12-16 14:00:00;;;-6.7;-13.3;-39.249843750000004;7.0;-333.19625
30622;2018-12-16 00:00:00;11:00;2018-12-16 11:00:00;;;-6.5;-10.4;-39.249843750000004;7.0;-333.19625
30622;2018-12-16 00:00:00;08:00;2018-12-16 08:00:00;10.0;0.3;-14.9;-16.8;-39.249843750000004;7.0;-333.19625
30622;2018-12-16 00:00:00;05:00;2018-12-16 05:00:00;;;-12.2;-13.8;-39.249843750000004;7.0;-333.19625
30622;2018-12-16 00:00:00;02:00;2018-12-16 02:00:00;;;-12.3;-14.5;-39.249843750000004;7.0;-333.19625
30622;2018-12-15 00:00:00;23:00;2018-12-15 23:00:00;;;-16.9;-19.3;-53.699687499999975;6.0;-293.94640625
30622;2018-12-15 00:00:00;20:00;2018-12-15 20:00:00;;0.0;-16.7;-19.0;-53.699687499999975;6.0;-293.94640625
30622;2018-12-15 00:00:00;17:00;2018-12-15 17:00:00;;;-18.6;-21.3;-53.699687499999975;6.0;-293.94640625
30622;2018-12-15 00:00:00;14:00;2018-12-15 14:00:00;;;-16.1;-20.5;-53.699687499999975;6.0;-293.94640625
30622;2018-12-15 00:00:00;11:00;2018-12-15 11:00:00;;;-20.4;-23.4;-53.699687499999975;6.0;-293.94640625
30622;2018-12-15 00:00:00;08:00;2018-12-15 08:00:00;10.0;0.0;-22.0;-24.7;-53.699687499999975;6.0;-293.94640625
30622;2018-12-15 00:00:00;05:00;2018-12-15 05:00:00;;;-19.9;-22.5;-53.699687499999975;6.0;-293.94640625
30622;2018-12-15 00:00:00;02:00;2018-12-15 02:00:00;;;-20.8;-23.4;-53.699687499999975;6.0;-293.94640625
30622;2018-12-14 00:00:00;23:00;2018-12-14 23:00:00;;;-21.7;-24.4;-74.59546875000002;5.0;-240.24671875
30622;2018-12-14 00:00:00;20:00;2018-12-14 20:00:00;;0.6;-24.0;-26.7;-74.59546875000002;5.0;-240.24671875
30622;2018-12-14 00:00:00;17:00;2018-12-14 17:00:00;;;-19.0;-21.9;-74.59546875000002;5.0;-240.24671875
30622;2018-12-14 00:00:00;14:00;2018-12-14 14:00:00;;;-19.3;-23.2;-74.59546875000002;5.0;-240.24671875
30622;2018-12-14 00:00:00;11:00;2018-12-14 11:00:00;;;-22.2;-25.4;-74.59546875000002;5.0;-240.24671875
30622;2018-12-14 00:00:00;08:00;2018-12-14 08:00:00;9.0;0.0;-25.9;-29.1;-74.59546875000002;5.0;-240.24671875
30622;2018-12-14 00:00:00;05:00;2018-12-14 05:00:00;;;-27.9;-31.3;-74.59546875000002;5.0;-240.24671875
30622;2018-12-14 00:00:00;02:00;2018-12-14 02:00:00;;;-28.7;-32.0;-74.59546875000002;5.0;-240.24671875
30622;2018-12-13 00:00:00;23:00;2018-12-13 23:00:00;;;-28.1;-31.3;-90.6640625;4.0;-165.65124999999998
30622;2018-12-13 00:00:00;20:00;2018-12-13 20:00:00;;0.0;-26.5;-29.5;-90.6640625;4.0;-165.65124999999998
30622;2018-12-13 00:00:00;17:00;2018-12-13 17:00:00;;;-23.8;-27.6;-90.6640625;4.0;-165.65124999999998
30622;2018-12-13 00:00:00;14:00;2018-12-13 14:00:00;;;-22.7;-27.1;-90.6640625;4.0;-165.65124999999998
30622;2018-12-13 00:00:00;11:00;2018-12-13 11:00:00;;;-25.3;-28.5;-90.6640625;4.0;-165.65124999999998
30622;2018-12-13 00:00:00;08:00;2018-12-13 08:00:00;9.0;0.0;-27.6;-30.8;-90.6640625;4.0;-165.65124999999998
30622;2018-12-13 00:00:00;05:00;2018-12-13 05:00:00;;;-28.0;-31.3;-90.6640625;4.0;-165.65124999999998
30622;2018-12-13 00:00:00;02:00;2018-12-13 02:00:00;;;-29.0;-32.4;-90.6640625;4.0;-165.65124999999998
30622;2018-12-12 00:00:00;23:00;2018-12-12 23:00:00;;;-28.7;-32.0;-79.37343749999998;3.0;-74.98718749999998
30622;2018-12-12 00:00:00;20:00;2018-12-12 20:00:00;;0.0;-28.2;-31.4;-79.37343749999998;3.0;-74.98718749999998
30622;2018-12-12 00:00:00;17:00;2018-12-12 17:00:00;;;-25.2;-28.4;-79.37343749999998;3.0;-74.98718749999998
30622;2018-12-12 00:00:00;14:00;2018-12-12 14:00:00;;;-22.2;-25.4;-79.37343749999998;3.0;-74.98718749999998
30622;2018-12-12 00:00:00;11:00;2018-12-12 11:00:00;;;-26.8;-30.0;-79.37343749999998;3.0;-74.98718749999998
30622;2018-12-12 00:00:00;08:00;2018-12-12 08:00:00;9.0;0.0;-27.7;-30.9;-79.37343749999998;3.0;-74.98718749999998
30622;2018-12-12 00:00:00;05:00;2018-12-12 05:00:00;;;-24.8;-27.5;-79.37343749999998;3.0;-74.98718749999998
30622;2018-12-12 00:00:00;02:00;2018-12-12 02:00:00;;;-22.9;-25.5;-79.37343749999998;3.0;-74.98718749999998
30622;2018-11-12 00:00:00;23:00;2018-11-12 23:00:00;;;-21.0;-23.3;-69.18187500000005;3.0;-49.736875000000055
30622;2018-11-12 00:00:00;20:00;2018-11-12 20:00:00;;2.0;-20.1;-22.5;-69.18187500000005;3.0;-49.736875000000055
30622;2018-11-12 00:00:00;17:00;2018-11-12 17:00:00;;;-19.4;-22.2;-69.18187500000005;3.0;-49.736875000000055
30622;2018-11-12 00:00:00;14:00;2018-11-12 14:00:00;;;-20.0;-23.7;-69.18187500000005;3.0;-49.736875000000055
30622;2018-11-12 00:00:00;11:00;2018-11-12 11:00:00;;;-21.9;-25.4;-69.18187500000005;3.0;-49.736875000000055
30622;2018-11-12 00:00:00;08:00;2018-11-12 08:00:00;7.0;0.8;-23.5;-26.8;-69.18187500000005;3.0;-49.736875000000055
30622;2018-11-12 00:00:00;05:00;2018-11-12 05:00:00;;;-24.4;-28.0;-69.18187500000005;3.0;-49.736875000000055
30622;2018-11-12 00:00:00;02:00;2018-11-12 02:00:00;;;-25.4;-29.0;-69.18187500000005;3.0;-49.736875000000055
30622;2018-10-12 00:00:00;23:00;2018-10-12 23:00:00;;;-26.5;-30.4;-128.91531249999994;16.0;-81.22624999999971
30622;2018-10-12 00:00:00;20:00;2018-10-12 20:00:00;;0.0;-27.8;-31.4;-128.91531249999994;16.0;-81.22624999999971
30622;2018-10-12 00:00:00;17:00;2018-10-12 17:00:00;;;-28.3;-32.9;-128.91531249999994;16.0;-81.22624999999971
30622;2018-10-12 00:00:00;14:00;2018-10-12 14:00:00;;;-27.7;-33.6;-128.91531249999994;16.0;-81.22624999999971
30622;2018-10-12 00:00:00;11:00;2018-10-12 11:00:00;;;-31.7;-35.8;-128.91531249999994;16.0;-81.22624999999971
30622;2018-10-12 00:00:00;08:00;2018-10-12 08:00:00;6.0;0.0;-35.0;-39.0;-128.91531249999994;16.0;-81.22624999999971
30622;2018-10-12 00:00:00;05:00;2018-10-12 05:00:00;;;-34.3;-38.2;-128.91531249999994;16.0;-81.22624999999971
30622;2018-10-12 00:00:00;02:00;2018-10-12 02:00:00;;;-32.8;-36.6;-128.91531249999994;16.0;-81.22624999999971
30622;2018-09-12 00:00:00;23:00;2018-09-12 23:00:00;;;-31.3;-34.8;-125.89500000000007;5.0;52.86140624999993
30622;2018-09-12 00:00:00;20:00;2018-09-12 20:00:00;;0.0;-31.0;-34.4;-125.89500000000007;5.0;52.86140624999993
30622;2018-09-12 00:00:00;17:00;2018-09-12 17:00:00;;;-26.6;-31.4;-125.89500000000007;5.0;52.86140624999993
30622;2018-09-12 00:00:00;14:00;2018-09-12 14:00:00;;;-24.7;-31.1;-125.89500000000007;5.0;52.86140624999993
30622;2018-09-12 00:00:00;11:00;2018-09-12 11:00:00;;;-28.6;-32.9;-125.89500000000007;5.0;52.86140624999993
30622;2018-09-12 00:00:00;08:00;2018-09-12 08:00:00;6.0;0.0;-29.2;-33.1;-125.89500000000007;5.0;52.86140624999993
30622;2018-09-12 00:00:00;05:00;2018-09-12 05:00:00;;;-28.6;-33.1;-125.89500000000007;5.0;52.86140624999993
30622;2018-09-12 00:00:00;02:00;2018-09-12 02:00:00;;;-28.9;-33.3;-125.89500000000007;5.0;52.86140624999993
30622;2018-08-12 00:00:00;23:00;2018-08-12 23:00:00;;;-29.7;-33.9;-156.13546875000003;7.0;217.92015625000005
30622;2018-08-12 00:00:00;20:00;2018-08-12 20:00:00;;0.0;-31.5;-35.8;-156.13546875000003;7.0;217.92015625000005
30622;2018-08-12 00:00:00;17:00;2018-08-12 17:00:00;;;-31.7;-36.5;-156.13546875000003;7.0;217.92015625000005
30622;2018-08-12 00:00:00;14:00;2018-08-12 14:00:00;;;-30.6;-37.1;-156.13546875000003;7.0;217.92015625000005
30622;2018-08-12 00:00:00;11:00;2018-08-12 11:00:00;;;-34.0;-38.6;-156.13546875000003;7.0;217.92015625000005
30622;2018-08-12 00:00:00;08:00;2018-08-12 08:00:00;6.0;0.0;-36.9;-41.3;-156.13546875000003;7.0;217.92015625000005
30622;2018-08-12 00:00:00;05:00;2018-08-12 05:00:00;;;-36.6;-40.8;-156.13546875000003;7.0;217.92015625000005
30622;2018-08-12 00:00:00;02:00;2018-08-12 02:00:00;;;-36.9;-41.2;-156.13546875000003;7.0;217.92015625000005
30622;2018-07-12 00:00:00;23:00;2018-07-12 23:00:00;;;-36.6;-40.6;-171.51406250000016;12.0;176.68421874999987
30622;2018-07-12 00:00:00;20:00;2018-07-12 20:00:00;;0.0;-35.2;-39.6;-171.51406250000016;12.0;176.68421874999987
30622;2018-07-12 00:00:00;17:00;2018-07-12 17:00:00;;;-34.2;-39.1;-171.51406250000016;12.0;176.68421874999987
30622;2018-07-12 00:00:00;14:00;2018-07-12 14:00:00;;;-34.5;-40.1;-171.51406250000016;12.0;176.68421874999987
30622;2018-07-12 00:00:00;11:00;2018-07-12 11:00:00;;;-36.5;-41.1;-171.51406250000016;12.0;176.68421874999987
30622;2018-07-12 00:00:00;08:00;2018-07-12 08:00:00;6.0;0.0;-38.4;-43.1;-171.51406250000016;12.0;176.68421874999987
30622;2018-07-12 00:00:00;05:00;2018-07-12 05:00:00;;;-39.0;-43.6;-171.51406250000016;12.0;176.68421874999987
30622;2018-07-12 00:00:00;02:00;2018-07-12 02:00:00;;;-39.1;-43.7;-171.51406250000016;12.0;176.68421874999987
30622;2018-06-12 00:00:00;23:00;2018-06-12 23:00:00;;;-38.1;-42.5;-164.1276562500001;4.0;-42.08640625000007
30622;2018-06-12 00:00:00;20:00;2018-06-12 20:00:00;;0.2;-36.2;-40.3;-164.1276562500001;4.0;-42.08640625000007
30622;2018-06-12 00:00:00;17:00;2018-06-12 17:00:00;;;-32.4;-37.0;-164.1276562500001;4.0;-42.08640625000007
30622;2018-06-12 00:00:00;14:00;2018-06-12 14:00:00;;;-31.4;-37.2;-164.1276562500001;4.0;-42.08640625000007
30622;2018-06-12 00:00:00;11:00;2018-06-12 11:00:00;;;-33.9;-38.9;-164.1276562500001;4.0;-42.08640625000007
30622;2018-06-12 00:00:00;08:00;2018-06-12 08:00:00;6.0;0.3;-34.7;-39.4;-164.1276562500001;4.0;-42.08640625000007
30622;2018-06-12 00:00:00;05:00;2018-06-12 05:00:00;;;-34.7;-39.4;-164.1276562500001;4.0;-42.08640625000007
30622;2018-06-12 00:00:00;02:00;2018-06-12 02:00:00;;;-34.3;-39.1;-164.1276562500001;4.0;-42.08640625000007
30622;2018-05-12 00:00:00;23:00;2018-05-12 23:00:00;;;-32.9;-37.7;-155.11218749999992;3.0;-115.98796874999994
30622;2018-05-12 00:00:00;20:00;2018-05-12 20:00:00;;0.0;-31.6;-35.9;-155.11218749999992;3.0;-115.98796874999994
30622;2018-05-12 00:00:00;17:00;2018-05-12 17:00:00;;;-29.9;-35.3;-155.11218749999992;3.0;-115.98796874999994
30622;2018-05-12 00:00:00;14:00;2018-05-12 14:00:00;;;-28.9;-35.5;-155.11218749999992;3.0;-115.98796874999994
30622;2018-05-12 00:00:00;11:00;2018-05-12 11:00:00;;;-30.7;-35.9;-155.11218749999992;3.0;-115.98796874999994
30622;2018-05-12 00:00:00;08:00;2018-05-12 08:00:00;6.0;0.0;-32.6;-37.2;-155.11218749999992;3.0;-115.98796874999994
30622;2018-05-12 00:00:00;05:00;2018-05-12 05:00:00;;;-33.4;-37.6;-155.11218749999992;3.0;-115.98796874999994
30622;2018-05-12 00:00:00;02:00;2018-05-12 02:00:00;;;-32.6;-36.8;-155.11218749999992;3.0;-115.98796874999994
30622;2018-04-12 00:00:00;23:00;2018-04-12 23:00:00;;;-34.5;-38.3;-141.64312500000005;4.0;-61.54218750000004
30622;2018-04-12 00:00:00;20:00;2018-04-12 20:00:00;;0.2;-33.3;-37.1;-141.64312500000005;4.0;-61.54218750000004
30622;2018-04-12 00:00:00;17:00;2018-04-12 17:00:00;;;-31.4;-35.5;-141.64312500000005;4.0;-61.54218750000004
30622;2018-04-12 00:00:00;14:00;2018-04-12 14:00:00;;;-30.2;-35.8;-141.64312500000005;4.0;-61.54218750000004
30622;2018-04-12 00:00:00;11:00;2018-04-12 11:00:00;;;-33.9;-38.2;-141.64312500000005;4.0;-61.54218750000004
30622;2018-04-12 00:00:00;08:00;2018-04-12 08:00:00;6.0;0.0;-35.2;-39.3;-141.64312500000005;4.0;-61.54218750000004
30622;2018-04-12 00:00:00;05:00;2018-04-12 05:00:00;;;-35.3;-39.4;-141.64312500000005;4.0;-61.54218750000004
30622;2018-04-12 00:00:00;02:00;2018-04-12 02:00:00;;;-34.4;-38.4;-141.64312500000005;4.0;-61.54218750000004
30622;2018-03-12 00:00:00;23:00;2018-03-12 23:00:00;;;-33.1;-36.8;-116.85000000000004;4.0;-44.31093750000004
30622;2018-03-12 00:00:00;20:00;2018-03-12 20:00:00;;0.2;-30.9;-34.4;-116.85000000000004;4.0;-44.31093750000004
30622;2018-03-12 00:00:00;17:00;2018-03-12 17:00:00;;;-26.7;-30.9;-116.85000000000004;4.0;-44.31093750000004
30622;2018-03-12 00:00:00;14:00;2018-03-12 14:00:00;;;-24.4;-30.4;-116.85000000000004;4.0;-44.31093750000004
30622;2018-03-12 00:00:00;11:00;2018-03-12 11:00:00;;;-28.3;-32.1;-116.85000000000004;4.0;-44.31093750000004
30622;2018-03-12 00:00:00;08:00;2018-03-12 08:00:00;6.0;0.0;-30.4;-33.9;-116.85000000000004;4.0;-44.31093750000004
30622;2018-03-12 00:00:00;05:00;2018-03-12 05:00:00;;;-29.2;-32.3;-116.85000000000004;4.0;-44.31093750000004
30622;2018-03-12 00:00:00;02:00;2018-03-12 02:00:00;;;-25.0;-30.0;-116.85000000000004;4.0;-44.31093750000004
30622;2018-02-12 00:00:00;23:00;2018-02-12 23:00:00;;;-22.5;-28.9;-136.85328125;6.0;167.12031249999995
30622;2018-02-12 00:00:00;20:00;2018-02-12 20:00:00;;0.0;-20.8;-28.2;-136.85328125;6.0;167.12031249999995
30622;2018-02-12 00:00:00;17:00;2018-02-12 17:00:00;;;-18.7;-27.5;-136.85328125;6.0;167.12031249999995
30622;2018-02-12 00:00:00;14:00;2018-02-12 14:00:00;;;-17.6;-26.1;-136.85328125;6.0;167.12031249999995
30622;2018-02-12 00:00:00;11:00;2018-02-12 11:00:00;;;-17.4;-24.4;-136.85328125;6.0;167.12031249999995
30622;2018-02-12 00:00:00;08:00;2018-02-12 08:00:00;7.0;0.0;-17.8;-24.8;-136.85328125;6.0;167.12031249999995
30622;2018-02-12 00:00:00;05:00;2018-02-12 05:00:00;;;-17.3;-23.6;-136.85328125;6.0;167.12031249999995
30622;2018-02-12 00:00:00;02:00;2018-02-12 02:00:00;;;-15.6;-23.5;-136.85328125;6.0;167.12031249999995
30622;2018-01-12 00:00:00;23:00;2018-01-12 23:00:00;;;-13.0;-19.6;-49.366874999999986;14.0;-92.36890624999994
30622;2018-01-12 00:00:00;20:00;2018-01-12 20:00:00;;0.7;-10.2;-16.6;-49.366874999999986;14.0;-92.36890624999994
30622;2018-01-12 00:00:00;17:00;2018-01-12 17:00:00;;;-7.3;-15.6;-49.366874999999986;14.0;-92.36890624999994
30622;2018-01-12 00:00:00;14:00;2018-01-12 14:00:00;;;-5.1;-8.7;-49.366874999999986;14.0;-92.36890624999994
30622;2018-01-12 00:00:00;11:00;2018-01-12 11:00:00;;;-11.1;-13.8;-49.366874999999986;14.0;-92.36890624999994
30622;2018-01-12 00:00:00;08:00;2018-01-12 08:00:00;7.0;0.0;-14.8;-16.8;-49.366874999999986;14.0;-92.36890624999994
30622;2018-01-12 00:00:00;05:00;2018-01-12 05:00:00;;;-16.5;-18.5;-49.366874999999986;14.0;-92.36890624999994
30622;2018-01-12 00:00:00;02:00;2018-01-12 02:00:00;;;-15.2;-17.5;-49.366874999999986;14.0;-92.36890624999994
30622;2018-11-30 00:00:00;23:00;2018-11-30 23:00:00;;;-14.3;-16.8;-51.05968749999996;21.0;-1081.47
30622;2018-11-30 00:00:00;20:00;2018-11-30 20:00:00;;0.0;-14.7;-17.2;-51.05968749999996;21.0;-1081.47
30622;2018-11-30 00:00:00;17:00;2018-11-30 17:00:00;;;-16.0;-18.7;-51.05968749999996;21.0;-1081.47
30622;2018-11-30 00:00:00;14:00;2018-11-30 14:00:00;;;-18.8;-21.7;-51.05968749999996;21.0;-1081.47
30622;2018-11-30 00:00:00;11:00;2018-11-30 11:00:00;;;-23.3;-26.1;-51.05968749999996;21.0;-1081.47
30622;2018-11-30 00:00:00;08:00;2018-11-30 08:00:00;7.0;0.2;-26.7;-29.5;-51.05968749999996;21.0;-1081.47
30622;2018-11-30 00:00:00;05:00;2018-11-30 05:00:00;;;-23.4;-26.0;-51.05968749999996;21.0;-1081.47
30622;2018-11-30 00:00:00;02:00;2018-11-30 02:00:00;;;-12.7;-15.7;-51.05968749999996;21.0;-1081.47
30622;2018-11-29 00:00:00;23:00;2018-11-29 23:00:00;;;-12.7;-15.7;-49.5359375;20.0;-1030.4103125000001
30622;2018-11-29 00:00:00;20:00;2018-11-29 20:00:00;;0.8;-12.1;-13.8;-49.5359375;20.0;-1030.4103125000001
30622;2018-11-29 00:00:00;17:00;2018-11-29 17:00:00;;;-13.4;-16.7;-49.5359375;20.0;-1030.4103125000001
30622;2018-11-29 00:00:00;14:00;2018-11-29 14:00:00;;;-13.5;-18.4;-49.5359375;20.0;-1030.4103125000001
30622;2018-11-29 00:00:00;11:00;2018-11-29 11:00:00;;;-17.4;-20.5;-49.5359375;20.0;-1030.4103125000001
30622;2018-11-29 00:00:00;08:00;2018-11-29 08:00:00;5.0;0.0;-18.9;-21.8;-49.5359375;20.0;-1030.4103125000001
30622;2018-11-29 00:00:00;05:00;2018-11-29 05:00:00;;;-20.0;-23.0;-49.5359375;20.0;-1030.4103125000001
30622;2018-11-29 00:00:00;02:00;2018-11-29 02:00:00;;;-21.4;-24.0;-49.5359375;20.0;-1030.4103125000001
30622;2018-11-28 00:00:00;23:00;2018-11-28 23:00:00;;;-24.8;-27.7;-76.1015625;19.0;-980.8743750000001
30622;2018-11-28 00:00:00;20:00;2018-11-28 20:00:00;;0.0;-23.4;-26.0;-76.1015625;19.0;-980.8743750000001
30622;2018-11-28 00:00:00;17:00;2018-11-28 17:00:00;;;-22.5;-25.9;-76.1015625;19.0;-980.8743750000001
30622;2018-11-28 00:00:00;14:00;2018-11-28 14:00:00;;;-20.2;-25.1;-76.1015625;19.0;-980.8743750000001
30622;2018-11-28 00:00:00;11:00;2018-11-28 11:00:00;;;-24.3;-27.3;-76.1015625;19.0;-980.8743750000001
30622;2018-11-28 00:00:00;08:00;2018-11-28 08:00:00;5.0;0.0;-26.8;-29.8;-76.1015625;19.0;-980.8743750000001
30622;2018-11-28 00:00:00;05:00;2018-11-28 05:00:00;;;-24.9;-27.8;-76.1015625;19.0;-980.8743750000001
30622;2018-11-28 00:00:00;02:00;2018-11-28 02:00:00;;;-24.1;-26.9;-76.1015625;19.0;-980.8743750000001
30622;2018-11-27 00:00:00;23:00;2018-11-27 23:00:00;;;-24.4;-27.1;-67.99749999999999;18.0;-904.7728125000001
30622;2018-11-27 00:00:00;20:00;2018-11-27 20:00:00;;0.0;-23.5;-26.2;-67.99749999999999;18.0;-904.7728125000001
30622;2018-11-27 00:00:00;17:00;2018-11-27 17:00:00;;;-21.2;-24.5;-67.99749999999999;18.0;-904.7728125000001
30622;2018-11-27 00:00:00;14:00;2018-11-27 14:00:00;;;-19.2;-23.4;-67.99749999999999;18.0;-904.7728125000001
30622;2018-11-27 00:00:00;11:00;2018-11-27 11:00:00;;;-23.9;-26.8;-67.99749999999999;18.0;-904.7728125000001
30622;2018-11-27 00:00:00;08:00;2018-11-27 08:00:00;5.0;0.0;-26.3;-29.2;-67.99749999999999;18.0;-904.7728125000001
30622;2018-11-27 00:00:00;05:00;2018-11-27 05:00:00;;;-24.1;-26.5;-67.99749999999999;18.0;-904.7728125000001
30622;2018-11-27 00:00:00;02:00;2018-11-27 02:00:00;;;-21.8;-24.3;-67.99749999999999;18.0;-904.7728125000001
30622;2018-11-26 00:00:00;23:00;2018-11-26 23:00:00;;;-17.3;-20.1;-73.33374999999998;17.0;-836.7753125000002
30622;2018-11-26 00:00:00;20:00;2018-11-26 20:00:00;;0.2;-16.5;-20.2;-73.33374999999998;17.0;-836.7753125000002
30622;2018-11-26 00:00:00;17:00;2018-11-26 17:00:00;;;-11.1;-17.7;-73.33374999999998;17.0;-836.7753125000002
30622;2018-11-26 00:00:00;14:00;2018-11-26 14:00:00;;;-10.7;-17.2;-73.33374999999998;17.0;-836.7753125000002
30622;2018-11-26 00:00:00;11:00;2018-11-26 11:00:00;;;-12.0;-17.8;-73.33374999999998;17.0;-836.7753125000002
30622;2018-11-26 00:00:00;08:00;2018-11-26 08:00:00;7.0;0.0;-12.2;-19.8;-73.33374999999998;17.0;-836.7753125000002
30622;2018-11-26 00:00:00;05:00;2018-11-26 05:00:00;;;-9.9;-17.1;-73.33374999999998;17.0;-836.7753125000002
30622;2018-11-26 00:00:00;02:00;2018-11-26 02:00:00;;;-8.9;-16.3;-73.33374999999998;17.0;-836.7753125000002
30622;2018-11-25 00:00:00;23:00;2018-11-25 23:00:00;;;-5.6;-15.6;-32.825625;16.0;-763.4415625000001
30622;2018-11-25 00:00:00;20:00;2018-11-25 20:00:00;;2.0;-5.2;-8.1;-32.825625;16.0;-763.4415625000001
30622;2018-11-25 00:00:00;17:00;2018-11-25 17:00:00;;;-4.4;-6.3;-32.825625;16.0;-763.4415625000001
30622;2018-11-25 00:00:00;14:00;2018-11-25 14:00:00;;;-9.3;-11.4;-32.825625;16.0;-763.4415625000001
30622;2018-11-25 00:00:00;11:00;2018-11-25 11:00:00;;;-12.8;-14.8;-32.825625;16.0;-763.4415625000001
30622;2018-11-25 00:00:00;08:00;2018-11-25 08:00:00;2.0;0.0;-15.3;-17.2;-32.825625;16.0;-763.4415625000001
30622;2018-11-25 00:00:00;05:00;2018-11-25 05:00:00;;;-16.2;-18.1;-32.825625;16.0;-763.4415625000001
30622;2018-11-25 00:00:00;02:00;2018-11-25 02:00:00;;;-17.3;-19.0;-32.825625;16.0;-763.4415625000001
30622;2018-11-24 00:00:00;23:00;2018-11-24 23:00:00;;;-14.9;-16.5;-32.5625;15.0;-730.6159375000002
30622;2018-11-24 00:00:00;20:00;2018-11-24 20:00:00;;0.0;-12.1;-14.5;-32.5625;15.0;-730.6159375000002
30622;2018-11-24 00:00:00;17:00;2018-11-24 17:00:00;;;-8.8;-12.2;-32.5625;15.0;-730.6159375000002
30622;2018-11-24 00:00:00;14:00;2018-11-24 14:00:00;;;-9.0;-12.9;-32.5625;15.0;-730.6159375000002
30622;2018-11-24 00:00:00;11:00;2018-11-24 11:00:00;;;-11.8;-14.5;-32.5625;15.0;-730.6159375000002
30622;2018-11-24 00:00:00;08:00;2018-11-24 08:00:00;2.0;0.0;-14.4;-16.5;-32.5625;15.0;-730.6159375000002
30622;2018-11-24 00:00:00;05:00;2018-11-24 05:00:00;;;-15.9;-17.9;-32.5625;15.0;-730.6159375000002
30622;2018-11-24 00:00:00;02:00;2018-11-24 02:00:00;;;-17.3;-19.2;-32.5625;15.0;-730.6159375000002
30622;2018-11-23 00:00:00;23:00;2018-11-23 23:00:00;;;-15.7;-17.6;-42.97562500000001;14.0;-698.0534375000002
30622;2018-11-23 00:00:00;20:00;2018-11-23 20:00:00;;0.0;-15.1;-17.2;-42.97562500000001;14.0;-698.0534375000002
30622;2018-11-23 00:00:00;17:00;2018-11-23 17:00:00;;;-12.4;-15.8;-42.97562500000001;14.0;-698.0534375000002
30622;2018-11-23 00:00:00;14:00;2018-11-23 14:00:00;;;-11.3;-15.9;-42.97562500000001;14.0;-698.0534375000002
30622;2018-11-23 00:00:00;11:00;2018-11-23 11:00:00;;;-16.5;-18.7;-42.97562500000001;14.0;-698.0534375000002
30622;2018-11-23 00:00:00;08:00;2018-11-23 08:00:00;2.0;0.0;-19.4;-21.6;-42.97562500000001;14.0;-698.0534375000002
30622;2018-11-23 00:00:00;05:00;2018-11-23 05:00:00;;;-20.8;-23.1;-42.97562500000001;14.0;-698.0534375000002
30622;2018-11-23 00:00:00;02:00;2018-11-23 02:00:00;;;-20.4;-22.6;-42.97562500000001;14.0;-698.0534375000002
30622;2018-11-22 00:00:00;23:00;2018-11-22 23:00:00;;;-18.7;-20.8;-43.0684375;13.0;-655.0778125000002
30622;2018-11-22 00:00:00;20:00;2018-11-22 20:00:00;;0.0;-16.9;-18.9;-43.0684375;13.0;-655.0778125000002
30622;2018-11-22 00:00:00;17:00;2018-11-22 17:00:00;;;-12.1;-15.8;-43.0684375;13.0;-655.0778125000002
30622;2018-11-22 00:00:00;14:00;2018-11-22 14:00:00;;;-9.2;-14.5;-43.0684375;13.0;-655.0778125000002
30622;2018-11-22 00:00:00;11:00;2018-11-22 11:00:00;;;-12.8;-16.0;-43.0684375;13.0;-655.0778125000002
30622;2018-11-22 00:00:00;08:00;2018-11-22 08:00:00;2.0;0.2;-14.2;-16.8;-43.0684375;13.0;-655.0778125000002
30622;2018-11-22 00:00:00;05:00;2018-11-22 05:00:00;;;-14.8;-17.5;-43.0684375;13.0;-655.0778125000002
30622;2018-11-22 00:00:00;02:00;2018-11-22 02:00:00;;;-15.2;-17.8;-43.0684375;13.0;-655.0778125000002
30622;2018-11-21 00:00:00;23:00;2018-11-21 23:00:00;;;-15.4;-17.9;-56.50968750000004;12.0;-612.0093750000002
30622;2018-11-21 00:00:00;20:00;2018-11-21 20:00:00;;0.3;-16.0;-18.6;-56.50968750000004;12.0;-612.0093750000002
30622;2018-11-21 00:00:00;17:00;2018-11-21 17:00:00;;;-15.9;-19.4;-56.50968750000004;12.0;-612.0093750000002
30622;2018-11-21 00:00:00;14:00;2018-11-21 14:00:00;;;-16.4;-20.4;-56.50968750000004;12.0;-612.0093750000002
30622;2018-11-21 00:00:00;11:00;2018-11-21 11:00:00;;;-20.8;-24.0;-56.50968750000004;12.0;-612.0093750000002
30622;2018-11-21 00:00:00;08:00;2018-11-21 08:00:00;2.0;0.0;-24.4;-27.1;-56.50968750000004;12.0;-612.0093750000002
30622;2018-11-21 00:00:00;05:00;2018-11-21 05:00:00;;;-23.0;-25.5;-56.50968750000004;12.0;-612.0093750000002
30622;2018-11-21 00:00:00;02:00;2018-11-21 02:00:00;;;-20.7;-23.4;-56.50968750000004;12.0;-612.0093750000002
30622;2018-11-20 00:00:00;23:00;2018-11-20 23:00:00;;;-18.0;-20.8;-64.60468749999998;11.0;-555.4996875000002
30622;2018-11-20 00:00:00;20:00;2018-11-20 20:00:00;;0.2;-19.1;-22.1;-64.60468749999998;11.0;-555.4996875000002
30622;2018-11-20 00:00:00;17:00;2018-11-20 17:00:00;;;-12.7;-20.6;-64.60468749999998;11.0;-555.4996875000002
30622;2018-11-20 00:00:00;14:00;2018-11-20 14:00:00;;;-11.3;-20.1;-64.60468749999998;11.0;-555.4996875000002
30622;2018-11-20 00:00:00;11:00;2018-11-20 11:00:00;;;-12.3;-17.2;-64.60468749999998;11.0;-555.4996875000002
30622;2018-11-20 00:00:00;08:00;2018-11-20 08:00:00;1.0;0.2;-15.4;-17.5;-64.60468749999998;11.0;-555.4996875000002
30622;2018-11-20 00:00:00;05:00;2018-11-20 05:00:00;;;-15.0;-17.0;-64.60468749999998;11.0;-555.4996875000002
30622;2018-11-20 00:00:00;02:00;2018-11-20 02:00:00;;;-15.7;-18.8;-64.60468749999998;11.0;-555.4996875000002
30622;2018-11-19 00:00:00;23:00;2018-11-19 23:00:00;;;-16.3;-19.9;-68.46890625000002;10.0;-490.89500000000015
30622;2018-11-19 00:00:00;20:00;2018-11-19 20:00:00;;0.0;-18.2;-21.0;-68.46890625000002;10.0;-490.89500000000015
30622;2018-11-19 00:00:00;17:00;2018-11-19 17:00:00;;;-16.5;-20.6;-68.46890625000002;10.0;-490.89500000000015
30622;2018-11-19 00:00:00;14:00;2018-11-19 14:00:00;;;-15.5;-20.4;-68.46890625000002;10.0;-490.89500000000015
30622;2018-11-19 00:00:00;11:00;2018-11-19 11:00:00;;;-22.2;-25.1;-68.46890625000002;10.0;-490.89500000000015
30622;2018-11-19 00:00:00;08:00;2018-11-19 08:00:00;1.0;0.0;-25.2;-28.1;-68.46890625000002;10.0;-490.89500000000015
30622;2018-11-19 00:00:00;05:00;2018-11-19 05:00:00;;;-24.2;-27.0;-68.46890625000002;10.0;-490.89500000000015
30622;2018-11-19 00:00:00;02:00;2018-11-19 02:00:00;;;-24.8;-27.7;-68.46890625000002;10.0;-490.89500000000015
30622;2018-11-18 00:00:00;23:00;2018-11-18 23:00:00;;;-24.0;-26.8;-66.26249999999999;9.0;-422.4260937500001
30622;2018-11-18 00:00:00;20:00;2018-11-18 20:00:00;;0.2;-22.6;-25.1;-66.26249999999999;9.0;-422.4260937500001
30622;2018-11-18 00:00:00;17:00;2018-11-18 17:00:00;;;-18.8;-21.7;-66.26249999999999;9.0;-422.4260937500001
30622;2018-11-18 00:00:00;14:00;2018-11-18 14:00:00;;;-16.5;-21.1;-66.26249999999999;9.0;-422.4260937500001
30622;2018-11-18 00:00:00;11:00;2018-11-18 11:00:00;;;-21.1;-24.1;-66.26249999999999;9.0;-422.4260937500001
30622;2018-11-18 00:00:00;08:00;2018-11-18 08:00:00;1.0;0.0;-24.5;-27.4;-66.26249999999999;9.0;-422.4260937500001
30622;2018-11-18 00:00:00;05:00;2018-11-18 05:00:00;;;-25.5;-28.3;-66.26249999999999;9.0;-422.4260937500001
30622;2018-11-18 00:00:00;02:00;2018-11-18 02:00:00;;;-23.7;-26.2;-66.26249999999999;9.0;-422.4260937500001
30622;2018-11-17 00:00:00;23:00;2018-11-17 23:00:00;;;-20.6;-24.6;-91.8946875;8.0;-356.16359375000013
30622;2018-11-17 00:00:00;20:00;2018-11-17 20:00:00;;0.0;-18.1;-24.0;-91.8946875;8.0;-356.16359375000013
30622;2018-11-17 00:00:00;17:00;2018-11-17 17:00:00;;;-16.4;-24.0;-91.8946875;8.0;-356.16359375000013
30622;2018-11-17 00:00:00;14:00;2018-11-17 14:00:00;;;-14.2;-22.8;-91.8946875;8.0;-356.16359375000013
30622;2018-11-17 00:00:00;11:00;2018-11-17 11:00:00;;;-14.8;-23.1;-91.8946875;8.0;-356.16359375000013
30622;2018-11-17 00:00:00;08:00;2018-11-17 08:00:00;1.0;0.2;-13.7;-19.0;-91.8946875;8.0;-356.16359375000013
30622;2018-11-17 00:00:00;05:00;2018-11-17 05:00:00;;;-13.8;-18.5;-91.8946875;8.0;-356.16359375000013
30622;2018-11-17 00:00:00;02:00;2018-11-17 02:00:00;;;-15.7;-17.5;-91.8946875;8.0;-356.16359375000013
30622;2018-11-16 00:00:00;23:00;2018-11-16 23:00:00;;;-9.4;-11.3;-31.0;7.0;-264.2689062500001
30622;2018-11-16 00:00:00;20:00;2018-11-16 20:00:00;;0.3;-7.2;-10.7;-31.0;7.0;-264.2689062500001
30622;2018-11-16 00:00:00;17:00;2018-11-16 17:00:00;;;-5.4;-11.6;-31.0;7.0;-264.2689062500001
30622;2018-11-16 00:00:00;14:00;2018-11-16 14:00:00;;;-4.2;-10.5;-31.0;7.0;-264.2689062500001
30622;2018-11-16 00:00:00;11:00;2018-11-16 11:00:00;;;-6.4;-10.0;-31.0;7.0;-264.2689062500001
30622;2018-11-16 00:00:00;08:00;2018-11-16 08:00:00;1.0;0.2;-9.8;-12.4;-31.0;7.0;-264.2689062500001
30622;2018-11-16 00:00:00;05:00;2018-11-16 05:00:00;;;-11.2;-13.7;-31.0;7.0;-264.2689062500001
30622;2018-11-16 00:00:00;02:00;2018-11-16 02:00:00;;;-8.4;-13.8;-31.0;7.0;-264.2689062500001
30622;2018-11-15 00:00:00;23:00;2018-11-15 23:00:00;;;-8.2;-13.3;-42.97265625;6.0;-233.2689062500001
30622;2018-11-15 00:00:00;20:00;2018-11-15 20:00:00;;0.3;-8.1;-13.8;-42.97265625;6.0;-233.2689062500001
30622;2018-11-15 00:00:00;17:00;2018-11-15 17:00:00;;;-6.9;-10.9;-42.97265625;6.0;-233.2689062500001
30622;2018-11-15 00:00:00;14:00;2018-11-15 14:00:00;;;-7.7;-11.6;-42.97265625;6.0;-233.2689062500001
30622;2018-11-15 00:00:00;11:00;2018-11-15 11:00:00;;;-12.7;-15.6;-42.97265625;6.0;-233.2689062500001
30622;2018-11-15 00:00:00;08:00;2018-11-15 08:00:00;1.0;0.2;-16.4;-18.6;-42.97265625;6.0;-233.2689062500001
30622;2018-11-15 00:00:00;05:00;2018-11-15 05:00:00;;;-17.8;-20.1;-42.97265625;6.0;-233.2689062500001
30622;2018-11-15 00:00:00;02:00;2018-11-15 02:00:00;;;-18.7;-21.1;-42.97265625;6.0;-233.2689062500001
30622;2018-11-14 00:00:00;23:00;2018-11-14 23:00:00;;;-19.3;-21.7;-63.690937500000054;5.0;-190.2962500000001
30622;2018-11-14 00:00:00;20:00;2018-11-14 20:00:00;;0.0;-19.2;-21.7;-63.690937500000054;5.0;-190.2962500000001
30622;2018-11-14 00:00:00;17:00;2018-11-14 17:00:00;;;-16.4;-20.0;-63.690937500000054;5.0;-190.2962500000001
30622;2018-11-14 00:00:00;14:00;2018-11-14 14:00:00;;;-16.0;-20.5;-63.690937500000054;5.0;-190.2962500000001
30622;2018-11-14 00:00:00;11:00;2018-11-14 11:00:00;;;-21.7;-25.0;-63.690937500000054;5.0;-190.2962500000001
30622;2018-11-14 00:00:00;08:00;2018-11-14 08:00:00;1.0;0.0;-24.9;-27.8;-63.690937500000054;5.0;-190.2962500000001
30622;2018-11-14 00:00:00;05:00;2018-11-14 05:00:00;;;-24.5;-27.2;-63.690937500000054;5.0;-190.2962500000001
30622;2018-11-14 00:00:00;02:00;2018-11-14 02:00:00;;;-23.7;-26.4;-63.690937500000054;5.0;-190.2962500000001
30622;2018-11-13 00:00:00;23:00;2018-11-13 23:00:00;;;-22.0;-24.5;-76.86843749999998;4.0;-126.60531250000004
30622;2018-11-13 00:00:00;20:00;2018-11-13 20:00:00;;0.0;-19.9;-23.3;-76.86843749999998;4.0;-126.60531250000004
30622;2018-11-13 00:00:00;17:00;2018-11-13 17:00:00;;;-14.3;-23.9;-76.86843749999998;4.0;-126.60531250000004
30622;2018-11-13 00:00:00;14:00;2018-11-13 14:00:00;;;-13.1;-20.6;-76.86843749999998;4.0;-126.60531250000004
30622;2018-11-13 00:00:00;11:00;2018-11-13 11:00:00;;;-17.1;-21.1;-76.86843749999998;4.0;-126.60531250000004
30622;2018-11-13 00:00:00;08:00;2018-11-13 08:00:00;1.0;0.4;-18.5;-21.5;-76.86843749999998;4.0;-126.60531250000004
30622;2018-11-13 00:00:00;05:00;2018-11-13 05:00:00;;;-16.4;-19.8;-76.86843749999998;4.0;-126.60531250000004
30622;2018-11-13 00:00:00;02:00;2018-11-13 02:00:00;;;-14.6;-17.4;-76.86843749999998;4.0;-126.60531250000004
30622;2018-12-11 00:00:00;23:00;2018-12-11 23:00:00;;;-13.8;-18.0;-46.462500000000006;2.0;4.386250000000004
30622;2018-12-11 00:00:00;20:00;2018-12-11 20:00:00;;0.3;-13.3;-17.8;-46.462500000000006;2.0;4.386250000000004
30622;2018-12-11 00:00:00;17:00;2018-12-11 17:00:00;;;-12.0;-16.0;-46.462500000000006;2.0;4.386250000000004
30622;2018-12-11 00:00:00;14:00;2018-12-11 14:00:00;;;-11.2;-16.5;-46.462500000000006;2.0;4.386250000000004
30622;2018-12-11 00:00:00;11:00;2018-12-11 11:00:00;;;-10.6;-16.6;-46.462500000000006;2.0;4.386250000000004
30622;2018-12-11 00:00:00;08:00;2018-12-11 08:00:00;Менее 0.5;0.2;-10.6;-15.7;-46.462500000000006;2.0;4.386250000000004
30622;2018-12-11 00:00:00;05:00;2018-12-11 05:00:00;;;-7.5;-12.3;-46.462500000000006;2.0;4.386250000000004
30622;2018-12-11 00:00:00;02:00;2018-12-11 02:00:00;;;-5.0;-6.5;-46.462500000000006;2.0;4.386250000000004
30622;2018-11-11 00:00:00;23:00;2018-11-11 23:00:00;;;-6.3;-7.6;-11.0109375;2.0;19.444999999999997
30622;2018-11-11 00:00:00;20:00;2018-11-11 20:00:00;;0.0;-4.5;-6.7;-11.0109375;2.0;19.444999999999997
30622;2018-11-11 00:00:00;17:00;2018-11-11 17:00:00;;;-4.6;-6.8;-11.0109375;2.0;19.444999999999997
30622;2018-11-11 00:00:00;14:00;2018-11-11 14:00:00;;;-5.1;-7.0;-11.0109375;2.0;19.444999999999997
30622;2018-11-11 00:00:00;11:00;2018-11-11 11:00:00;;;-6.8;-8.4;-11.0109375;2.0;19.444999999999997
30622;2018-11-11 00:00:00;08:00;2018-11-11 08:00:00;;0.0;-7.9;-9.2;-11.0109375;2.0;19.444999999999997
30622;2018-11-11 00:00:00;05:00;2018-11-11 05:00:00;;;-9.8;-11.2;-11.0109375;2.0;19.444999999999997
30622;2018-11-11 00:00:00;02:00;2018-11-11 02:00:00;;;-7.2;-8.8;-11.0109375;2.0;19.444999999999997
30622;2018-10-11 00:00:00;23:00;2018-10-11 23:00:00;;;-8.9;-10.2;-22.050000000000004;15.0;47.68906250000024
30622;2018-10-11 00:00:00;20:00;2018-10-11 20:00:00;;0.0;-6.7;-9.0;-22.050000000000004;15.0;47.68906250000024
30622;2018-10-11 00:00:00;17:00;2018-10-11 17:00:00;;;-2.8;-7.6;-22.050000000000004;15.0;47.68906250000024
30622;2018-10-11 00:00:00;14:00;2018-10-11 14:00:00;;;-1.3;-7.5;-22.050000000000004;15.0;47.68906250000024
30622;2018-10-11 00:00:00;11:00;2018-10-11 11:00:00;;;-7.6;-10.3;-22.050000000000004;15.0;47.68906250000024
30622;2018-10-11 00:00:00;08:00;2018-10-11 08:00:00;;0.0;-11.8;-13.4;-22.050000000000004;15.0;47.68906250000024
30622;2018-10-11 00:00:00;05:00;2018-10-11 05:00:00;;;-13.0;-14.9;-22.050000000000004;15.0;47.68906250000024
30622;2018-10-11 00:00:00;02:00;2018-10-11 02:00:00;;;-10.9;-12.5;-22.050000000000004;15.0;47.68906250000024
30622;2018-09-11 00:00:00;23:00;2018-09-11 23:00:00;;;-8.3;-10.6;-32.78;4.0;178.75640625
30622;2018-09-11 00:00:00;20:00;2018-09-11 20:00:00;;0.0;-5.1;-9.0;-32.78;4.0;178.75640625
30622;2018-09-11 00:00:00;17:00;2018-09-11 17:00:00;;;1.5;-7.1;-32.78;4.0;178.75640625
30622;2018-09-11 00:00:00;14:00;2018-09-11 14:00:00;;;-1.2;-7.8;-32.78;4.0;178.75640625
30622;2018-09-11 00:00:00;11:00;2018-09-11 11:00:00;;;-10.9;-13.8;-32.78;4.0;178.75640625
30622;2018-09-11 00:00:00;08:00;2018-09-11 08:00:00;;0.0;-16.5;-18.4;-32.78;4.0;178.75640625
30622;2018-09-11 00:00:00;05:00;2018-09-11 05:00:00;;;-15.6;-17.3;-32.78;4.0;178.75640625
30622;2018-09-11 00:00:00;02:00;2018-09-11 02:00:00;;;-14.3;-16.2;-32.78;4.0;178.75640625
30622;2018-08-11 00:00:00;23:00;2018-08-11 23:00:00;;;-11.5;-13.5;-38.71968750000001;6.0;374.0556250000001
30622;2018-08-11 00:00:00;20:00;2018-08-11 20:00:00;;0.0;-9.7;-12.2;-38.71968750000001;6.0;374.0556250000001
30622;2018-08-11 00:00:00;17:00;2018-08-11 17:00:00;;;-8.3;-12.3;-38.71968750000001;6.0;374.0556250000001
30622;2018-08-11 00:00:00;14:00;2018-08-11 14:00:00;;;-9.0;-13.3;-38.71968750000001;6.0;374.0556250000001
30622;2018-08-11 00:00:00;11:00;2018-08-11 11:00:00;;;-14.3;-17.6;-38.71968750000001;6.0;374.0556250000001
30622;2018-08-11 00:00:00;08:00;2018-08-11 08:00:00;;0.0;-18.7;-21.3;-38.71968750000001;6.0;374.0556250000001
30622;2018-08-11 00:00:00;05:00;2018-08-11 05:00:00;;;-17.9;-20.2;-38.71968750000001;6.0;374.0556250000001
30622;2018-08-11 00:00:00;02:00;2018-08-11 02:00:00;;;-16.5;-18.9;-38.71968750000001;6.0;374.0556250000001
30622;2018-07-11 00:00:00;23:00;2018-07-11 23:00:00;;;-14.3;-16.6;-33.714999999999996;11.0;348.19828125000004
30622;2018-07-11 00:00:00;20:00;2018-07-11 20:00:00;;0.0;-10.4;-13.4;-33.714999999999996;11.0;348.19828125000004
30622;2018-07-11 00:00:00;17:00;2018-07-11 17:00:00;;;-3.9;-11.4;-33.714999999999996;11.0;348.19828125000004
30622;2018-07-11 00:00:00;14:00;2018-07-11 14:00:00;;;-2.1;-11.7;-33.714999999999996;11.0;348.19828125000004
30622;2018-07-11 00:00:00;11:00;2018-07-11 11:00:00;;;-2.2;-9.6;-33.714999999999996;11.0;348.19828125000004
30622;2018-07-11 00:00:00;08:00;2018-07-11 08:00:00;;0.0;-10.0;-11.4;-33.714999999999996;11.0;348.19828125000004
30622;2018-07-11 00:00:00;05:00;2018-07-11 05:00:00;;;-10.0;-11.7;-33.714999999999996;11.0;348.19828125000004
30622;2018-07-11 00:00:00;02:00;2018-07-11 02:00:00;;;-8.4;-10.7;-33.714999999999996;11.0;348.19828125000004
30622;2018-06-11 00:00:00;23:00;2018-06-11 23:00:00;;;-8.5;-10.5;-28.039375;3.0;122.04125000000002
30622;2018-06-11 00:00:00;20:00;2018-06-11 20:00:00;;0.0;-6.1;-9.4;-28.039375;3.0;122.04125000000002
30622;2018-06-11 00:00:00;17:00;2018-06-11 17:00:00;;;-4.2;-9.4;-28.039375;3.0;122.04125000000002
30622;2018-06-11 00:00:00;14:00;2018-06-11 14:00:00;;;-5.0;-10.3;-28.039375;3.0;122.04125000000002
30622;2018-06-11 00:00:00;11:00;2018-06-11 11:00:00;;;-10.9;-13.3;-28.039375;3.0;122.04125000000002
30622;2018-06-11 00:00:00;08:00;2018-06-11 08:00:00;;0.0;-13.7;-15.7;-28.039375;3.0;122.04125000000002
30622;2018-06-11 00:00:00;05:00;2018-06-11 05:00:00;;;-14.3;-16.2;-28.039375;3.0;122.04125000000002
30622;2018-06-11 00:00:00;02:00;2018-06-11 02:00:00;;;-12.7;-14.4;-28.039375;3.0;122.04125000000002
30622;2018-05-11 00:00:00;23:00;2018-05-11 23:00:00;;;-11.8;-13.6;-31.171875;2.0;39.12421874999998
30622;2018-05-11 00:00:00;20:00;2018-05-11 20:00:00;;0.0;-9.1;-11.5;-31.171875;2.0;39.12421874999998
30622;2018-05-11 00:00:00;17:00;2018-05-11 17:00:00;;;-5.1;-11.6;-31.171875;2.0;39.12421874999998
30622;2018-05-11 00:00:00;14:00;2018-05-11 14:00:00;;;-4.0;-12.9;-31.171875;2.0;39.12421874999998
30622;2018-05-11 00:00:00;11:00;2018-05-11 11:00:00;;;-4.3;-12.9;-31.171875;2.0;39.12421874999998
30622;2018-05-11 00:00:00;08:00;2018-05-11 08:00:00;;0.0;-9.2;-10.6;-31.171875;2.0;39.12421874999998
30622;2018-05-11 00:00:00;05:00;2018-05-11 05:00:00;;;-7.3;-9.5;-31.171875;2.0;39.12421874999998
30622;2018-05-11 00:00:00;02:00;2018-05-11 02:00:00;;;-6.2;-9.4;-31.171875;2.0;39.12421874999998
30622;2018-04-11 00:00:00;23:00;2018-04-11 23:00:00;;;-9.6;-11.9;-29.737500000000008;3.0;80.10093750000001
30622;2018-04-11 00:00:00;20:00;2018-04-11 20:00:00;;0.0;-9.7;-11.6;-29.737500000000008;3.0;80.10093750000001
30622;2018-04-11 00:00:00;17:00;2018-04-11 17:00:00;;;-3.7;-9.7;-29.737500000000008;3.0;80.10093750000001
30622;2018-04-11 00:00:00;14:00;2018-04-11 14:00:00;;;-6.6;-10.9;-29.737500000000008;3.0;80.10093750000001
30622;2018-04-11 00:00:00;11:00;2018-04-11 11:00:00;;;-9.8;-12.8;-29.737500000000008;3.0;80.10093750000001
30622;2018-04-11 00:00:00;08:00;2018-04-11 08:00:00;;0.0;-12.0;-14.6;-29.737500000000008;3.0;80.10093750000001
30622;2018-04-11 00:00:00;05:00;2018-04-11 05:00:00;;;-13.8;-15.8;-29.737500000000008;3.0;80.10093750000001
30622;2018-04-11 00:00:00;02:00;2018-04-11 02:00:00;;;-12.8;-15.1;-29.737500000000008;3.0;80.10093750000001
30622;2018-03-11 00:00:00;23:00;2018-03-11 23:00:00;;;-13.2;-15.4;-45.981249999999996;3.0;72.5390625
30622;2018-03-11 00:00:00;20:00;2018-03-11 20:00:00;;0.0;-11.6;-14.5;-45.981249999999996;3.0;72.5390625
30622;2018-03-11 00:00:00;17:00;2018-03-11 17:00:00;;;-5.5;-13.3;-45.981249999999996;3.0;72.5390625
30622;2018-03-11 00:00:00;14:00;2018-03-11 14:00:00;;;-8.1;-14.2;-45.981249999999996;3.0;72.5390625
30622;2018-03-11 00:00:00;11:00;2018-03-11 11:00:00;;;-15.2;-17.9;-45.981249999999996;3.0;72.5390625
30622;2018-03-11 00:00:00;08:00;2018-03-11 08:00:00;;0.0;-17.8;-20.1;-45.981249999999996;3.0;72.5390625
30622;2018-03-11 00:00:00;05:00;2018-03-11 05:00:00;;;-17.6;-19.5;-45.981249999999996;3.0;72.5390625
30622;2018-03-11 00:00:00;02:00;2018-03-11 02:00:00;;;-16.1;-18.2;-45.981249999999996;3.0;72.5390625
30622;2018-02-11 00:00:00;23:00;2018-02-11 23:00:00;;;-14.1;-16.5;-48.6884375;5.0;303.97359374999996
30622;2018-02-11 00:00:00;20:00;2018-02-11 20:00:00;;0.0;-11.6;-15.5;-48.6884375;5.0;303.97359374999996
30622;2018-02-11 00:00:00;17:00;2018-02-11 17:00:00;;;-7.0;-15.8;-48.6884375;5.0;303.97359374999996
30622;2018-02-11 00:00:00;14:00;2018-02-11 14:00:00;;;-6.1;-14.7;-48.6884375;5.0;303.97359374999996
30622;2018-02-11 00:00:00;11:00;2018-02-11 11:00:00;;;-7.6;-13.0;-48.6884375;5.0;303.97359374999996
30622;2018-02-11 00:00:00;08:00;2018-02-11 08:00:00;;0.0;-8.7;-13.4;-48.6884375;5.0;303.97359374999996
30622;2018-02-11 00:00:00;05:00;2018-02-11 05:00:00;;;-8.5;-12.8;-48.6884375;5.0;303.97359374999996
30622;2018-02-11 00:00:00;02:00;2018-02-11 02:00:00;;;-5.8;-12.6;-48.6884375;5.0;303.97359374999996
30622;2018-01-11 00:00:00;23:00;2018-01-11 23:00:00;;;-4.0;-9.2;-3.305625;13.0;-43.00203124999995
30622;2018-01-11 00:00:00;20:00;2018-01-11 20:00:00;;0.3;-2.7;-6.7;-3.305625;13.0;-43.00203124999995
30622;2018-01-11 00:00:00;17:00;2018-01-11 17:00:00;;;-1.3;-5.3;-3.305625;13.0;-43.00203124999995
30622;2018-01-11 00:00:00;14:00;2018-01-11 14:00:00;;;-0.5;-2.0;-3.305625;13.0;-43.00203124999995
30622;2018-01-11 00:00:00;11:00;2018-01-11 11:00:00;;;-0.1;-1.1;-3.305625;13.0;-43.00203124999995
30622;2018-01-11 00:00:00;08:00;2018-01-11 08:00:00;;0.0;-0.9;-1.4;-3.305625;13.0;-43.00203124999995
30622;2018-01-11 00:00:00;05:00;2018-01-11 05:00:00;;;-1.6;-2.1;-3.305625;13.0;-43.00203124999995
30622;2018-01-11 00:00:00;02:00;2018-01-11 02:00:00;;;-1.2;-1.7;-3.305625;13.0;-43.00203124999995
30622;2018-10-31 00:00:00;23:00;2018-10-31 23:00:00;;;-1.1;-1.8;0.16093749999999998;11.0;-22.452187500000004
30622;2018-10-31 00:00:00;20:00;2018-10-31 20:00:00;;0.0;-0.7;-1.4;0.16093749999999998;11.0;-22.452187500000004
30622;2018-10-31 00:00:00;17:00;2018-10-31 17:00:00;;;2.1;0.0;0.16093749999999998;11.0;-22.452187500000004
30622;2018-10-31 00:00:00;14:00;2018-10-31 14:00:00;;;3.4;0.4;0.16093749999999998;11.0;-22.452187500000004
30622;2018-10-31 00:00:00;11:00;2018-10-31 11:00:00;;;-0.1;-1.7;0.16093749999999998;11.0;-22.452187500000004
30622;2018-10-31 00:00:00;08:00;2018-10-31 08:00:00;1.0;0.0;-2.4;-3.2;0.16093749999999998;11.0;-22.452187500000004
30622;2018-10-31 00:00:00;05:00;2018-10-31 05:00:00;;;0.3;-0.6;0.16093749999999998;11.0;-22.452187500000004
30622;2018-10-31 00:00:00;02:00;2018-10-31 02:00:00;;;-0.5;-1.0;0.16093749999999998;11.0;-22.452187500000004
30622;2018-10-30 00:00:00;23:00;2018-10-30 23:00:00;;;0.2;-0.4;-2.3362499999999997;10.0;-22.613125000000004
30622;2018-10-30 00:00:00;20:00;2018-10-30 20:00:00;;2.0;0.1;-0.5;-2.3362499999999997;10.0;-22.613125000000004
30622;2018-10-30 00:00:00;17:00;2018-10-30 17:00:00;;;0.7;-0.1;-2.3362499999999997;10.0;-22.613125000000004
30622;2018-10-30 00:00:00;14:00;2018-10-30 14:00:00;;;1.6;0.1;-2.3362499999999997;10.0;-22.613125000000004
30622;2018-10-30 00:00:00;11:00;2018-10-30 11:00:00;;;-2.0;-3.7;-2.3362499999999997;10.0;-22.613125000000004
30622;2018-10-30 00:00:00;08:00;2018-10-30 08:00:00;;0.0;-6.0;-7.1;-2.3362499999999997;10.0;-22.613125000000004
30622;2018-10-30 00:00:00;05:00;2018-10-30 05:00:00;;;-7.2;-8.2;-2.3362499999999997;10.0;-22.613125000000004
30622;2018-10-30 00:00:00;02:00;2018-10-30 02:00:00;;;-5.2;-6.3;-2.3362499999999997;10.0;-22.613125000000004
30622;2018-10-29 00:00:00;23:00;2018-10-29 23:00:00;;;-0.4;-3.4;-3.550781249999999;9.0;-20.276875000000004
30622;2018-10-29 00:00:00;20:00;2018-10-29 20:00:00;;0.0;1.6;-2.4;-3.550781249999999;9.0;-20.276875000000004
30622;2018-10-29 00:00:00;17:00;2018-10-29 17:00:00;;;6.9;-2.1;-3.550781249999999;9.0;-20.276875000000004
30622;2018-10-29 00:00:00;14:00;2018-10-29 14:00:00;;;6.7;-1.7;-3.550781249999999;9.0;-20.276875000000004
30622;2018-10-29 00:00:00;11:00;2018-10-29 11:00:00;;;-1.5;-4.4;-3.550781249999999;9.0;-20.276875000000004
30622;2018-10-29 00:00:00;08:00;2018-10-29 08:00:00;;0.0;-8.1;-9.1;-3.550781249999999;9.0;-20.276875000000004
30622;2018-10-29 00:00:00;05:00;2018-10-29 05:00:00;;;-7.2;-8.1;-3.550781249999999;9.0;-20.276875000000004
30622;2018-10-29 00:00:00;02:00;2018-10-29 02:00:00;;;-5.5;-6.6;-3.550781249999999;9.0;-20.276875000000004
30622;2018-10-28 00:00:00;23:00;2018-10-28 23:00:00;;;-4.1;-5.7;7.612499999999998;8.0;-16.726093750000004
30622;2018-10-28 00:00:00;20:00;2018-10-28 20:00:00;;0.0;-0.9;-4.1;7.612499999999998;8.0;-16.726093750000004
30622;2018-10-28 00:00:00;17:00;2018-10-28 17:00:00;;;8.1;-3.5;7.612499999999998;8.0;-16.726093750000004
30622;2018-10-28 00:00:00;14:00;2018-10-28 14:00:00;;;9.7;-4.5;7.612499999999998;8.0;-16.726093750000004
30622;2018-10-28 00:00:00;11:00;2018-10-28 11:00:00;;;2.3;-3.5;7.612499999999998;8.0;-16.726093750000004
30622;2018-10-28 00:00:00;08:00;2018-10-28 08:00:00;;0.0;-3.8;-5.7;7.612499999999998;8.0;-16.726093750000004
30622;2018-10-28 00:00:00;05:00;2018-10-28 05:00:00;;;-1.6;-4.9;7.612499999999998;8.0;-16.726093750000004
30622;2018-10-28 00:00:00;02:00;2018-10-28 02:00:00;;;0.8;-4.0;7.612499999999998;8.0;-16.726093750000004
30622;2018-10-27 00:00:00;23:00;2018-10-27 23:00:00;;;3.7;-3.1;11.570625;7.0;-24.33859375
30622;2018-10-27 00:00:00;20:00;2018-10-27 20:00:00;;0.0;3.6;-1.9;11.570625;7.0;-24.33859375
30622;2018-10-27 00:00:00;17:00;2018-10-27 17:00:00;;;5.1;-0.6;11.570625;7.0;-24.33859375
30622;2018-10-27 00:00:00;14:00;2018-10-27 14:00:00;;;4.7;-0.1;11.570625;7.0;-24.33859375
30622;2018-10-27 00:00:00;11:00;2018-10-27 11:00:00;;;3.7;0.3;11.570625;7.0;-24.33859375
30622;2018-10-27 00:00:00;08:00;2018-10-27 08:00:00;Снежный покров не постоянный.;0.6;1.4;-0.3;11.570625;7.0;-24.33859375
30622;2018-10-27 00:00:00;05:00;2018-10-27 05:00:00;;;1.1;-0.3;11.570625;7.0;-24.33859375
30622;2018-10-27 00:00:00;02:00;2018-10-27 02:00:00;;;0.9;-0.4;11.570625;7.0;-24.33859375
30622;2018-10-26 00:00:00;23:00;2018-10-26 23:00:00;;;2.8;-1.7;-0.39000000000000024;6.0;-35.90921875
30622;2018-10-26 00:00:00;20:00;2018-10-26 20:00:00;;0.3;2.5;-1.6;-0.39000000000000024;6.0;-35.90921875
30622;2018-10-26 00:00:00;17:00;2018-10-26 17:00:00;;;2.3;-1.4;-0.39000000000000024;6.0;-35.90921875
30622;2018-10-26 00:00:00;14:00;2018-10-26 14:00:00;;;0.8;-1.4;-0.39000000000000024;6.0;-35.90921875
30622;2018-10-26 00:00:00;11:00;2018-10-26 11:00:00;;;-0.4;-2.7;-0.39000000000000024;6.0;-35.90921875
30622;2018-10-26 00:00:00;08:00;2018-10-26 08:00:00;2.0;0.6;-2.6;-4.1;-0.39000000000000024;6.0;-35.90921875
30622;2018-10-26 00:00:00;05:00;2018-10-26 05:00:00;;;-3.5;-4.6;-0.39000000000000024;6.0;-35.90921875
30622;2018-10-26 00:00:00;02:00;2018-10-26 02:00:00;;;-3.1;-4.5;-0.39000000000000024;6.0;-35.90921875
30622;2018-10-25 00:00:00;23:00;2018-10-25 23:00:00;;;-2.8;-4.5;-14.935000000000002;5.0;-35.51921875
30622;2018-10-25 00:00:00;20:00;2018-10-25 20:00:00;;0.0;-2.1;-4.4;-14.935000000000002;5.0;-35.51921875
30622;2018-10-25 00:00:00;17:00;2018-10-25 17:00:00;;;-0.9;-5.5;-14.935000000000002;5.0;-35.51921875
30622;2018-10-25 00:00:00;14:00;2018-10-25 14:00:00;;;-0.2;-6.3;-14.935000000000002;5.0;-35.51921875
30622;2018-10-25 00:00:00;11:00;2018-10-25 11:00:00;;;-4.9;-8.0;-14.935000000000002;5.0;-35.51921875
30622;2018-10-25 00:00:00;08:00;2018-10-25 08:00:00;1.0;0.0;-9.6;-11.3;-14.935000000000002;5.0;-35.51921875
30622;2018-10-25 00:00:00;05:00;2018-10-25 05:00:00;;;-11.6;-13.1;-14.935000000000002;5.0;-35.51921875
30622;2018-10-25 00:00:00;02:00;2018-10-25 02:00:00;;;-9.1;-11.3;-14.935000000000002;5.0;-35.51921875
30622;2018-10-24 00:00:00;23:00;2018-10-24 23:00:00;;;-6.1;-8.4;-6.3646875000000005;4.0;-20.584218749999998
30622;2018-10-24 00:00:00;20:00;2018-10-24 20:00:00;;0.0;-5.7;-8.7;-6.3646875000000005;4.0;-20.584218749999998
30622;2018-10-24 00:00:00;17:00;2018-10-24 17:00:00;;;-0.6;-5.7;-6.3646875000000005;4.0;-20.584218749999998
30622;2018-10-24 00:00:00;14:00;2018-10-24 14:00:00;;;0.5;-4.5;-6.3646875000000005;4.0;-20.584218749999998
30622;2018-10-24 00:00:00;11:00;2018-10-24 11:00:00;;;-0.8;-3.5;-6.3646875000000005;4.0;-20.584218749999998
30622;2018-10-24 00:00:00;08:00;2018-10-24 08:00:00;3.0;0.0;-2.2;-3.8;-6.3646875000000005;4.0;-20.584218749999998
30622;2018-10-24 00:00:00;05:00;2018-10-24 05:00:00;;;-1.8;-3.1;-6.3646875000000005;4.0;-20.584218749999998
30622;2018-10-24 00:00:00;02:00;2018-10-24 02:00:00;;;-1.9;-2.8;-6.3646875000000005;4.0;-20.584218749999998
30622;2018-10-23 00:00:00;23:00;2018-10-23 23:00:00;;;-2.7;-3.3;-7.349999999999999;3.0;-14.21953125
30622;2018-10-23 00:00:00;20:00;2018-10-23 20:00:00;;2.0;-1.1;-2.0;-7.349999999999999;3.0;-14.21953125
30622;2018-10-23 00:00:00;17:00;2018-10-23 17:00:00;;;0.3;-3.7;-7.349999999999999;3.0;-14.21953125
30622;2018-10-23 00:00:00;14:00;2018-10-23 14:00:00;;;0.1;-4.6;-7.349999999999999;3.0;-14.21953125
30622;2018-10-23 00:00:00;11:00;2018-10-23 11:00:00;;;-3.6;-6.2;-7.349999999999999;3.0;-14.21953125
30622;2018-10-23 00:00:00;08:00;2018-10-23 08:00:00;;0.0;-8.4;-9.6;-7.349999999999999;3.0;-14.21953125
30622;2018-10-23 00:00:00;05:00;2018-10-23 05:00:00;;;-7.2;-8.3;-7.349999999999999;3.0;-14.21953125
30622;2018-10-23 00:00:00;02:00;2018-10-23 02:00:00;;;-5.4;-7.1;-7.349999999999999;3.0;-14.21953125
30622;2018-10-22 00:00:00;23:00;2018-10-22 23:00:00;;;-5.0;-6.5;-6.9282812499999995;2.0;-6.86953125
30622;2018-10-22 00:00:00;20:00;2018-10-22 20:00:00;;0.0;-4.4;-6.3;-6.9282812499999995;2.0;-6.86953125
30622;2018-10-22 00:00:00;17:00;2018-10-22 17:00:00;;;0.6;-5.6;-6.9282812499999995;2.0;-6.86953125
30622;2018-10-22 00:00:00;14:00;2018-10-22 14:00:00;;;0.2;-6.3;-6.9282812499999995;2.0;-6.86953125
30622;2018-10-22 00:00:00;11:00;2018-10-22 11:00:00;;;-0.4;-6.7;-6.9282812499999995;2.0;-6.86953125
30622;2018-10-22 00:00:00;08:00;2018-10-22 08:00:00;;0.0;-1.4;-5.5;-6.9282812499999995;2.0;-6.86953125
30622;2018-10-22 00:00:00;05:00;2018-10-22 05:00:00;;;-1.7;-4.7;-6.9282812499999995;2.0;-6.86953125
30622;2018-10-22 00:00:00;02:00;2018-10-22 02:00:00;;;-1.8;-4.2;-6.9282812499999995;2.0;-6.86953125
30622;2018-10-21 00:00:00;23:00;2018-10-21 23:00:00;;;-0.8;-4.3;0.706875;1.0;0.05874999999999997
30622;2018-10-21 00:00:00;20:00;2018-10-21 20:00:00;;0.1;-0.6;-2.3;0.706875;1.0;0.05874999999999997
30622;2018-10-21 00:00:00;17:00;2018-10-21 17:00:00;;;1.0;-1.9;0.706875;1.0;0.05874999999999997
30622;2018-10-21 00:00:00;14:00;2018-10-21 14:00:00;;;1.1;-1.1;0.706875;1.0;0.05874999999999997
30622;2018-10-21 00:00:00;11:00;2018-10-21 11:00:00;;;1.3;-0.9;0.706875;1.0;0.05874999999999997
30622;2018-10-21 00:00:00;08:00;2018-10-21 08:00:00;1.0;0.7;0.0;-1.1;0.706875;1.0;0.05874999999999997
30622;2018-10-21 00:00:00;05:00;2018-10-21 05:00:00;;;0.3;-0.6;0.706875;1.0;0.05874999999999997
30622;2018-10-21 00:00:00;02:00;2018-10-21 02:00:00;;;0.6;-0.5;0.706875;1.0;0.05874999999999997
30622;2018-10-20 00:00:00;23:00;2018-10-20 23:00:00;;;0.5;-0.2;-0.6481250000000001;0.0;-0.6481250000000001
30622;2018-10-20 00:00:00;20:00;2018-10-20 20:00:00;;3.0;0.1;-0.5;-0.6481250000000001;0.0;-0.6481250000000001
30622;2018-10-20 00:00:00;17:00;2018-10-20 17:00:00;;;0.4;-0.4;-0.6481250000000001;0.0;-0.6481250000000001
30622;2018-10-20 00:00:00;14:00;2018-10-20 14:00:00;;;0.7;-0.8;-0.6481250000000001;0.0;-0.6481250000000001
30622;2018-10-20 00:00:00;11:00;2018-10-20 11:00:00;;;-1.4;-2.0;-0.6481250000000001;0.0;-0.6481250000000001
30622;2018-10-20 00:00:00;08:00;2018-10-20 08:00:00;;0.0;-2.1;-2.8;-0.6481250000000001;0.0;-0.6481250000000001
30622;2018-10-20 00:00:00;05:00;2018-10-20 05:00:00;;;-2.5;-3.1;-0.6481250000000001;0.0;-0.6481250000000001
30622;2018-10-20 00:00:00;02:00;2018-10-20 02:00:00;;;-2.5;-3.1;-0.6481250000000001;0.0;-0.6481250000000001
30622;2018-10-19 00:00:00;23:00;2018-10-19 23:00:00;;;-4.7;-5.4;-2.555;23.0;-84.79374999999972
30622;2018-10-19 00:00:00;20:00;2018-10-19 20:00:00;;0.0;-2.1;-3.2;-2.555;23.0;-84.79374999999972
30622;2018-10-19 00:00:00;17:00;2018-10-19 17:00:00;;;4.3;0.6;-2.555;23.0;-84.79374999999972
30622;2018-10-19 00:00:00;14:00;2018-10-19 14:00:00;;;3.5;0.7;-2.555;23.0;-84.79374999999972
30622;2018-10-19 00:00:00;11:00;2018-10-19 11:00:00;;;-1.2;-1.8;-2.555;23.0;-84.79374999999972
30622;2018-10-19 00:00:00;08:00;2018-10-19 08:00:00;;0.0;-4.9;-5.6;-2.555;23.0;-84.79374999999972
30622;2018-10-19 00:00:00;05:00;2018-10-19 05:00:00;;;-5.3;-6.0;-2.555;23.0;-84.79374999999972
30622;2018-10-19 00:00:00;02:00;2018-10-19 02:00:00;;;-4.2;-5.1;-2.555;23.0;-84.79374999999972
30622;2018-10-18 00:00:00;23:00;2018-10-18 23:00:00;;;-2.1;-3.5;3.984375;22.0;-82.23874999999971
30622;2018-10-18 00:00:00;20:00;2018-10-18 20:00:00;;0.0;1.1;-1.8;3.984375;22.0;-82.23874999999971
30622;2018-10-18 00:00:00;17:00;2018-10-18 17:00:00;;;11.5;0.5;3.984375;22.0;-82.23874999999971
30622;2018-10-18 00:00:00;14:00;2018-10-18 14:00:00;;;10.1;-0.4;3.984375;22.0;-82.23874999999971
30622;2018-10-18 00:00:00;11:00;2018-10-18 11:00:00;;;1.4;-2.5;3.984375;22.0;-82.23874999999971
30622;2018-10-18 00:00:00;08:00;2018-10-18 08:00:00;;0.0;-6.1;-7.1;3.984375;22.0;-82.23874999999971
30622;2018-10-18 00:00:00;05:00;2018-10-18 05:00:00;;;-5.3;-6.7;3.984375;22.0;-82.23874999999971
30622;2018-10-18 00:00:00;02:00;2018-10-18 02:00:00;;;-3.1;-5.0;3.984375;22.0;-82.23874999999971
30622;2018-10-17 00:00:00;23:00;2018-10-17 23:00:00;;;0.3;-2.6;3.8265624999999996;21.0;-86.22312499999971
30622;2018-10-17 00:00:00;20:00;2018-10-17 20:00:00;;0.0;2.3;-2.4;3.8265624999999996;21.0;-86.22312499999971
30622;2018-10-17 00:00:00;17:00;2018-10-17 17:00:00;;;12.5;-1.3;3.8265624999999996;21.0;-86.22312499999971
30622;2018-10-17 00:00:00;14:00;2018-10-17 14:00:00;;;10.2;-1.5;3.8265624999999996;21.0;-86.22312499999971
30622;2018-10-17 00:00:00;11:00;2018-10-17 11:00:00;;;0.4;-2.8;3.8265624999999996;21.0;-86.22312499999971
30622;2018-10-17 00:00:00;08:00;2018-10-17 08:00:00;;0.0;-7.5;-8.4;3.8265624999999996;21.0;-86.22312499999971
30622;2018-10-17 00:00:00;05:00;2018-10-17 05:00:00;;;-6.5;-7.5;3.8265624999999996;21.0;-86.22312499999971
30622;2018-10-17 00:00:00;02:00;2018-10-17 02:00:00;;;-5.5;-6.8;3.8265624999999996;21.0;-86.22312499999971
30622;2018-10-16 00:00:00;23:00;2018-10-16 23:00:00;;;-3.1;-4.4;-1.9062499999999991;20.0;-90.0496874999997
30622;2018-10-16 00:00:00;20:00;2018-10-16 20:00:00;;0.0;-0.4;-2.8;-1.9062499999999991;20.0;-90.0496874999997
30622;2018-10-16 00:00:00;17:00;2018-10-16 17:00:00;;;10.8;0.3;-1.9062499999999991;20.0;-90.0496874999997
30622;2018-10-16 00:00:00;14:00;2018-10-16 14:00:00;;;7.7;-0.4;-1.9062499999999991;20.0;-90.0496874999997
30622;2018-10-16 00:00:00;11:00;2018-10-16 11:00:00;;;0.4;-3.5;-1.9062499999999991;20.0;-90.0496874999997
30622;2018-10-16 00:00:00;08:00;2018-10-16 08:00:00;;0.0;-7.1;-8.2;-1.9062499999999991;20.0;-90.0496874999997
30622;2018-10-16 00:00:00;05:00;2018-10-16 05:00:00;;;-6.7;-8.1;-1.9062499999999991;20.0;-90.0496874999997
30622;2018-10-16 00:00:00;02:00;2018-10-16 02:00:00;;;-5.6;-7.4;-1.9062499999999991;20.0;-90.0496874999997
30622;2018-10-15 00:00:00;23:00;2018-10-15 23:00:00;;;-3.5;-5.8;1.4765624999999991;19.0;-88.1434374999997
30622;2018-10-15 00:00:00;20:00;2018-10-15 20:00:00;;0.0;0.5;-4.0;1.4765624999999991;19.0;-88.1434374999997
30622;2018-10-15 00:00:00;17:00;2018-10-15 17:00:00;;;13.1;-3.5;1.4765624999999991;19.0;-88.1434374999997
30622;2018-10-15 00:00:00;14:00;2018-10-15 14:00:00;;;10.2;-3.3;1.4765624999999991;19.0;-88.1434374999997
30622;2018-10-15 00:00:00;11:00;2018-10-15 11:00:00;;;1.6;-3.1;1.4765624999999991;19.0;-88.1434374999997
30622;2018-10-15 00:00:00;08:00;2018-10-15 08:00:00;;0.0;-7.6;-8.6;1.4765624999999991;19.0;-88.1434374999997
30622;2018-10-15 00:00:00;05:00;2018-10-15 05:00:00;;;-6.8;-7.9;1.4765624999999991;19.0;-88.1434374999997
30622;2018-10-15 00:00:00;02:00;2018-10-15 02:00:00;;;-5.4;-6.7;1.4765624999999991;19.0;-88.1434374999997
30622;2018-10-14 00:00:00;23:00;2018-10-14 23:00:00;;;-3.1;-5.3;-1.5056250000000018;18.0;-89.6199999999997
30622;2018-10-14 00:00:00;20:00;2018-10-14 20:00:00;;0.0;0.2;-3.8;-1.5056250000000018;18.0;-89.6199999999997
30622;2018-10-14 00:00:00;17:00;2018-10-14 17:00:00;;;12.7;-2.8;-1.5056250000000018;18.0;-89.6199999999997
30622;2018-10-14 00:00:00;14:00;2018-10-14 14:00:00;;;10.2;-2.6;-1.5056250000000018;18.0;-89.6199999999997
30622;2018-10-14 00:00:00;11:00;2018-10-14 11:00:00;;;0.6;-4.8;-1.5056250000000018;18.0;-89.6199999999997
30622;2018-10-14 00:00:00;08:00;2018-10-14 08:00:00;;0.0;-8.3;-9.4;-1.5056250000000018;18.0;-89.6199999999997
30622;2018-10-14 00:00:00;05:00;2018-10-14 05:00:00;;;-7.8;-9.0;-1.5056250000000018;18.0;-89.6199999999997
30622;2018-10-14 00:00:00;02:00;2018-10-14 02:00:00;;;-6.7;-8.3;-1.5056250000000018;18.0;-89.6199999999997
30622;2018-10-13 00:00:00;23:00;2018-10-13 23:00:00;;;-4.4;-6.8;-6.888125;17.0;-88.11437499999971
30622;2018-10-13 00:00:00;20:00;2018-10-13 20:00:00;;0.0;-1.5;-5.2;-6.888125;17.0;-88.11437499999971
30622;2018-10-13 00:00:00;17:00;2018-10-13 17:00:00;;;10.2;-4.9;-6.888125;17.0;-88.11437499999971
30622;2018-10-13 00:00:00;14:00;2018-10-13 14:00:00;;;8.3;-3.6;-6.888125;17.0;-88.11437499999971
30622;2018-10-13 00:00:00;11:00;2018-10-13 11:00:00;;;-0.4;-4.8;-6.888125;17.0;-88.11437499999971
30622;2018-10-13 00:00:00;08:00;2018-10-13 08:00:00;;0.0;-8.7;-9.8;-6.888125;17.0;-88.11437499999971
30622;2018-10-13 00:00:00;05:00;2018-10-13 05:00:00;;;-7.8;-9.0;-6.888125;17.0;-88.11437499999971
30622;2018-10-13 00:00:00;02:00;2018-10-13 02:00:00;;;-6.4;-7.8;-6.888125;17.0;-88.11437499999971
30622;2018-12-10 00:00:00;23:00;2018-12-10 23:00:00;;;-4.6;-6.9;19.1996875;1.0;50.84875000000001
30622;2018-12-10 00:00:00;20:00;2018-12-10 20:00:00;;0.0;1.2;-5.1;19.1996875;1.0;50.84875000000001
30622;2018-12-10 00:00:00;17:00;2018-12-10 17:00:00;;;8.6;-5.4;19.1996875;1.0;50.84875000000001
30622;2018-12-10 00:00:00;14:00;2018-12-10 14:00:00;;;8.4;-4.6;19.1996875;1.0;50.84875000000001
30622;2018-12-10 00:00:00;11:00;2018-12-10 11:00:00;;;6.1;-0.8;19.1996875;1.0;50.84875000000001
30622;2018-12-10 00:00:00;08:00;2018-12-10 08:00:00;;0.4;1.3;0.0;19.1996875;1.0;50.84875000000001
30622;2018-12-10 00:00:00;05:00;2018-12-10 05:00:00;;;1.9;0.7;19.1996875;1.0;50.84875000000001
30622;2018-12-10 00:00:00;02:00;2018-12-10 02:00:00;;;3.3;1.4;19.1996875;1.0;50.84875000000001
30622;2018-11-10 00:00:00;23:00;2018-11-10 23:00:00;;;4.6;2.1;13.0325;1.0;30.455937499999997
30622;2018-11-10 00:00:00;20:00;2018-11-10 20:00:00;;0.0;7.9;1.2;13.0325;1.0;30.455937499999997
30622;2018-11-10 00:00:00;17:00;2018-11-10 17:00:00;;;10.0;-1.0;13.0325;1.0;30.455937499999997
30622;2018-11-10 00:00:00;14:00;2018-11-10 14:00:00;;;8.2;-1.5;13.0325;1.0;30.455937499999997
30622;2018-11-10 00:00:00;11:00;2018-11-10 11:00:00;;;2.4;-2.9;13.0325;1.0;30.455937499999997
30622;2018-11-10 00:00:00;08:00;2018-11-10 08:00:00;;0.0;-4.6;-5.7;13.0325;1.0;30.455937499999997
30622;2018-11-10 00:00:00;05:00;2018-11-10 05:00:00;;;-4.2;-5.9;13.0325;1.0;30.455937499999997
30622;2018-11-10 00:00:00;02:00;2018-11-10 02:00:00;;;-3.5;-5.6;13.0325;1.0;30.455937499999997
30622;2018-10-10 00:00:00;23:00;2018-10-10 23:00:00;;;-1.7;-4.0;8.50984375;14.0;69.73906250000024
30622;2018-10-10 00:00:00;20:00;2018-10-10 20:00:00;;;2.4;-3.5;8.50984375;14.0;69.73906250000024
30622;2018-10-10 00:00:00;17:00;2018-10-10 17:00:00;;;14.1;-3.6;8.50984375;14.0;69.73906250000024
30622;2018-10-10 00:00:00;14:00;2018-10-10 14:00:00;;;10.9;-3.3;8.50984375;14.0;69.73906250000024
30622;2018-10-10 00:00:00;11:00;2018-10-10 11:00:00;;;2.2;-3.7;8.50984375;14.0;69.73906250000024
30622;2018-10-10 00:00:00;08:00;2018-10-10 08:00:00;;0.0;-6.6;-7.7;8.50984375;14.0;69.73906250000024
30622;2018-10-10 00:00:00;05:00;2018-10-10 05:00:00;;;-5.9;-7.6;8.50984375;14.0;69.73906250000024
30622;2018-10-10 00:00:00;02:00;2018-10-10 02:00:00;;;-4.7;-6.8;8.50984375;14.0;69.73906250000024
30622;2018-09-10 00:00:00;23:00;2018-09-10 23:00:00;;;-1.1;-5.8;1.40390625;3.0;211.53640625
30622;2018-09-10 00:00:00;20:00;2018-09-10 20:00:00;;0.0;3.8;-6.3;1.40390625;3.0;211.53640625
30622;2018-09-10 00:00:00;17:00;2018-09-10 17:00:00;;;12.3;-8.7;1.40390625;3.0;211.53640625
30622;2018-09-10 00:00:00;14:00;2018-09-10 14:00:00;;;7.9;-5.5;1.40390625;3.0;211.53640625
30622;2018-09-10 00:00:00;11:00;2018-09-10 11:00:00;;;-0.1;-6.2;1.40390625;3.0;211.53640625
30622;2018-09-10 00:00:00;08:00;2018-09-10 08:00:00;;0.0;-7.2;-8.4;1.40390625;3.0;211.53640625
30622;2018-09-10 00:00:00;05:00;2018-09-10 05:00:00;;;-7.4;-9.1;1.40390625;3.0;211.53640625
30622;2018-09-10 00:00:00;02:00;2018-09-10 02:00:00;;;-6.7;-8.4;1.40390625;3.0;211.53640625
30622;2018-08-10 00:00:00;23:00;2018-08-10 23:00:00;;;-4.9;-7.7;-0.6540625000000003;5.0;412.7753125000001
30622;2018-08-10 00:00:00;20:00;2018-08-10 20:00:00;;0.0;-1.5;-6.5;-0.6540625000000003;5.0;412.7753125000001
30622;2018-08-10 00:00:00;17:00;2018-08-10 17:00:00;;;7.7;-8.5;-0.6540625000000003;5.0;412.7753125000001
30622;2018-08-10 00:00:00;14:00;2018-08-10 14:00:00;;;6.0;-7.9;-0.6540625000000003;5.0;412.7753125000001
30622;2018-08-10 00:00:00;11:00;2018-08-10 11:00:00;;;2.3;-6.1;-0.6540625000000003;5.0;412.7753125000001
30622;2018-08-10 00:00:00;08:00;2018-08-10 08:00:00;;0.0;-5.2;-8.2;-0.6540625000000003;5.0;412.7753125000001
30622;2018-08-10 00:00:00;05:00;2018-08-10 05:00:00;;;-3.9;-7.9;-0.6540625000000003;5.0;412.7753125000001
30622;2018-08-10 00:00:00;02:00;2018-08-10 02:00:00;;;-1.2;-7.7;-0.6540625000000003;5.0;412.7753125000001
30622;2018-07-10 00:00:00;23:00;2018-07-10 23:00:00;;;-1.2;-7.7;17.181718750000005;10.0;381.91328125
30622;2018-07-10 00:00:00;20:00;2018-07-10 20:00:00;;0.0;2.2;-8.1;17.181718750000005;10.0;381.91328125
30622;2018-07-10 00:00:00;17:00;2018-07-10 17:00:00;;;7.5;-8.8;17.181718750000005;10.0;381.91328125
30622;2018-07-10 00:00:00;14:00;2018-07-10 14:00:00;;;7.4;-7.7;17.181718750000005;10.0;381.91328125
30622;2018-07-10 00:00:00;11:00;2018-07-10 11:00:00;;;4.0;-7.5;17.181718750000005;10.0;381.91328125
30622;2018-07-10 00:00:00;08:00;2018-07-10 08:00:00;;0.0;-1.8;-4.5;17.181718750000005;10.0;381.91328125
30622;2018-07-10 00:00:00;05:00;2018-07-10 05:00:00;;;-1.6;-4.0;17.181718750000005;10.0;381.91328125
30622;2018-07-10 00:00:00;02:00;2018-07-10 02:00:00;;;-0.4;-3.9;17.181718750000005;10.0;381.91328125
30622;2018-06-10 00:00:00;23:00;2018-06-10 23:00:00;;;0.1;-5.1;40.234218750000004;2.0;150.08062500000003
30622;2018-06-10 00:00:00;20:00;2018-06-10 20:00:00;;0.0;4.0;-5.9;40.234218750000004;2.0;150.08062500000003
30622;2018-06-10 00:00:00;17:00;2018-06-10 17:00:00;;;7.3;-7.8;40.234218750000004;2.0;150.08062500000003
30622;2018-06-10 00:00:00;14:00;2018-06-10 14:00:00;;;7.7;-8.2;40.234218750000004;2.0;150.08062500000003
30622;2018-06-10 00:00:00;11:00;2018-06-10 11:00:00;;;4.2;-7.5;40.234218750000004;2.0;150.08062500000003
30622;2018-06-10 00:00:00;08:00;2018-06-10 08:00:00;;0.0;1.3;-7.8;40.234218750000004;2.0;150.08062500000003
30622;2018-06-10 00:00:00;05:00;2018-06-10 05:00:00;;;2.4;-7.1;40.234218750000004;2.0;150.08062500000003
30622;2018-06-10 00:00:00;02:00;2018-06-10 02:00:00;;;2.7;-7.6;40.234218750000004;2.0;150.08062500000003
30622;2018-05-10 00:00:00;23:00;2018-05-10 23:00:00;;;3.0;-7.6;23.6578125;1.0;70.29609374999998
30622;2018-05-10 00:00:00;20:00;2018-05-10 20:00:00;;0.0;2.8;-6.9;23.6578125;1.0;70.29609374999998
30622;2018-05-10 00:00:00;17:00;2018-05-10 17:00:00;;;3.3;-7.1;23.6578125;1.0;70.29609374999998
30622;2018-05-10 00:00:00;14:00;2018-05-10 14:00:00;;;3.6;-6.7;23.6578125;1.0;70.29609374999998
30622;2018-05-10 00:00:00;11:00;2018-05-10 11:00:00;;;2.5;-6.5;23.6578125;1.0;70.29609374999998
30622;2018-05-10 00:00:00;08:00;2018-05-10 08:00:00;;0.0;1.5;-6.6;23.6578125;1.0;70.29609374999998
30622;2018-05-10 00:00:00;05:00;2018-05-10 05:00:00;;;1.9;-5.6;23.6578125;1.0;70.29609374999998
30622;2018-05-10 00:00:00;02:00;2018-05-10 02:00:00;;;2.4;-4.1;23.6578125;1.0;70.29609374999998
30622;2018-04-10 00:00:00;23:00;2018-04-10 23:00:00;;;2.8;-4.0;9.8175;2.0;109.83843750000003
30622;2018-04-10 00:00:00;20:00;2018-04-10 20:00:00;;0.5;2.8;-2.0;9.8175;2.0;109.83843750000003
30622;2018-04-10 00:00:00;17:00;2018-04-10 17:00:00;;;3.9;-2.6;9.8175;2.0;109.83843750000003
30622;2018-04-10 00:00:00;14:00;2018-04-10 14:00:00;;;3.6;-3.8;9.8175;2.0;109.83843750000003
30622;2018-04-10 00:00:00;11:00;2018-04-10 11:00:00;;;2.1;-1.4;9.8175;2.0;109.83843750000003
30622;2018-04-10 00:00:00;08:00;2018-04-10 08:00:00;;2.0;0.6;-0.9;9.8175;2.0;109.83843750000003
30622;2018-04-10 00:00:00;05:00;2018-04-10 05:00:00;;;1.0;-0.5;9.8175;2.0;109.83843750000003
30622;2018-04-10 00:00:00;02:00;2018-04-10 02:00:00;;;1.9;0.3;9.8175;2.0;109.83843750000003
30622;2018-03-10 00:00:00;23:00;2018-03-10 23:00:00;;;2.0;0.6;22.859375;2.0;118.5203125
30622;2018-03-10 00:00:00;20:00;2018-03-10 20:00:00;;0.0;5.1;-0.3;22.859375;2.0;118.5203125
30622;2018-03-10 00:00:00;17:00;2018-03-10 17:00:00;;;7.8;2.8;22.859375;2.0;118.5203125
30622;2018-03-10 00:00:00;14:00;2018-03-10 14:00:00;;;17.1;2.7;22.859375;2.0;118.5203125
30622;2018-03-10 00:00:00;11:00;2018-03-10 11:00:00;;;10.1;3.5;22.859375;2.0;118.5203125
30622;2018-03-10 00:00:00;08:00;2018-03-10 08:00:00;;0.0;-1.0;-1.5;22.859375;2.0;118.5203125
30622;2018-03-10 00:00:00;05:00;2018-03-10 05:00:00;;;-0.7;-1.4;22.859375;2.0;118.5203125
30622;2018-03-10 00:00:00;02:00;2018-03-10 02:00:00;;;1.4;0.4;22.859375;2.0;118.5203125
30622;2018-02-10 00:00:00;23:00;2018-02-10 23:00:00;;;3.9;2.2;25.753906250000004;4.0;352.66203125
30622;2018-02-10 00:00:00;20:00;2018-02-10 20:00:00;;0.0;8.4;5.0;25.753906250000004;4.0;352.66203125
30622;2018-02-10 00:00:00;17:00;2018-02-10 17:00:00;;;16.9;5.4;25.753906250000004;4.0;352.66203125
30622;2018-02-10 00:00:00;14:00;2018-02-10 14:00:00;;;15.7;4.2;25.753906250000004;4.0;352.66203125
30622;2018-02-10 00:00:00;11:00;2018-02-10 11:00:00;;;6.4;2.2;25.753906250000004;4.0;352.66203125
30622;2018-02-10 00:00:00;08:00;2018-02-10 08:00:00;;0.0;-2.0;-2.6;25.753906250000004;4.0;352.66203125
30622;2018-02-10 00:00:00;05:00;2018-02-10 05:00:00;;;-2.0;-2.6;25.753906250000004;4.0;352.66203125
30622;2018-02-10 00:00:00;02:00;2018-02-10 02:00:00;;;0.2;-1.0;25.753906250000004;4.0;352.66203125
30622;2018-01-10 00:00:00;23:00;2018-01-10 23:00:00;;;2.9;1.1;29.311250000000012;12.0;-39.69640624999995
30622;2018-01-10 00:00:00;20:00;2018-01-10 20:00:00;;0.0;9.7;3.4;29.311250000000012;12.0;-39.69640624999995
30622;2018-01-10 00:00:00;17:00;2018-01-10 17:00:00;;;19.6;2.4;29.311250000000012;12.0;-39.69640624999995
30622;2018-01-10 00:00:00;14:00;2018-01-10 14:00:00;;;15.3;6.8;29.311250000000012;12.0;-39.69640624999995
30622;2018-01-10 00:00:00;11:00;2018-01-10 11:00:00;;;2.8;2.3;29.311250000000012;12.0;-39.69640624999995
30622;2018-01-10 00:00:00;08:00;2018-01-10 08:00:00;;0.0;0.8;0.3;29.311250000000012;12.0;-39.69640624999995
30622;2018-01-10 00:00:00;05:00;2018-01-10 05:00:00;;;1.1;0.6;29.311250000000012;12.0;-39.69640624999995
30622;2018-01-10 00:00:00;02:00;2018-01-10 02:00:00;;;0.2;-0.3;29.311250000000012;12.0;-39.69640624999995
30622;2018-09-30 00:00:00;23:00;2018-09-30 23:00:00;;;1.6;0.8;11.354687499999999;4.0;86.9059375
30622;2018-09-30 00:00:00;20:00;2018-09-30 20:00:00;;0.0;5.4;3.5;11.354687499999999;4.0;86.9059375
30622;2018-09-30 00:00:00;17:00;2018-09-30 17:00:00;;;12.7;5.5;11.354687499999999;4.0;86.9059375
30622;2018-09-30 00:00:00;14:00;2018-09-30 14:00:00;;;7.1;4.5;11.354687499999999;4.0;86.9059375
30622;2018-09-30 00:00:00;11:00;2018-09-30 11:00:00;;;5.1;3.8;11.354687499999999;4.0;86.9059375
30622;2018-09-30 00:00:00;08:00;2018-09-30 08:00:00;;0.0;4.1;3.0;11.354687499999999;4.0;86.9059375
30622;2018-09-30 00:00:00;05:00;2018-09-30 05:00:00;;;3.5;2.5;11.354687499999999;4.0;86.9059375
30622;2018-09-30 00:00:00;02:00;2018-09-30 02:00:00;;;3.5;2.5;11.354687499999999;4.0;86.9059375
30622;2018-09-29 00:00:00;23:00;2018-09-29 23:00:00;;;1.3;0.5;23.74375;3.0;75.55125
30622;2018-09-29 00:00:00;20:00;2018-09-29 20:00:00;;0.0;5.0;2.8;23.74375;3.0;75.55125
30622;2018-09-29 00:00:00;17:00;2018-09-29 17:00:00;;;12.0;4.5;23.74375;3.0;75.55125
30622;2018-09-29 00:00:00;14:00;2018-09-29 14:00:00;;;11.0;4.0;23.74375;3.0;75.55125
30622;2018-09-29 00:00:00;11:00;2018-09-29 11:00:00;;;7.8;3.4;23.74375;3.0;75.55125
30622;2018-09-29 00:00:00;08:00;2018-09-29 08:00:00;;0.0;4.8;2.7;23.74375;3.0;75.55125
30622;2018-09-29 00:00:00;05:00;2018-09-29 05:00:00;;;5.0;2.7;23.74375;3.0;75.55125
30622;2018-09-29 00:00:00;02:00;2018-09-29 02:00:00;;;5.5;2.8;23.74375;3.0;75.55125
30622;2018-09-28 00:00:00;23:00;2018-09-28 23:00:00;;;5.7;2.5;21.401249999999997;2.0;51.8075
30622;2018-09-28 00:00:00;20:00;2018-09-28 20:00:00;;0.0;6.2;2.1;21.401249999999997;2.0;51.8075
30622;2018-09-28 00:00:00;17:00;2018-09-28 17:00:00;;;7.1;2.1;21.401249999999997;2.0;51.8075
30622;2018-09-28 00:00:00;14:00;2018-09-28 14:00:00;;;8.2;1.3;21.401249999999997;2.0;51.8075
30622;2018-09-28 00:00:00;11:00;2018-09-28 11:00:00;;;6.2;2.1;21.401249999999997;2.0;51.8075
30622;2018-09-28 00:00:00;08:00;2018-09-28 08:00:00;;0.0;3.5;1.2;21.401249999999997;2.0;51.8075
30622;2018-09-28 00:00:00;05:00;2018-09-28 05:00:00;;;3.5;0.7;21.401249999999997;2.0;51.8075
30622;2018-09-28 00:00:00;02:00;2018-09-28 02:00:00;;;3.5;0.7;21.401249999999997;2.0;51.8075
30622;2018-09-27 00:00:00;23:00;2018-09-27 23:00:00;;;2.8;0.2;15.721875;1.0;30.40625
30622;2018-09-27 00:00:00;20:00;2018-09-27 20:00:00;;0.0;5.2;1.5;15.721875;1.0;30.40625
30622;2018-09-27 00:00:00;17:00;2018-09-27 17:00:00;;;7.2;0.9;15.721875;1.0;30.40625
30622;2018-09-27 00:00:00;14:00;2018-09-27 14:00:00;;;6.1;0.6;15.721875;1.0;30.40625
30622;2018-09-27 00:00:00;11:00;2018-09-27 11:00:00;;;6.5;2.0;15.721875;1.0;30.40625
30622;2018-09-27 00:00:00;08:00;2018-09-27 08:00:00;;0.0;3.5;2.1;15.721875;1.0;30.40625
30622;2018-09-27 00:00:00;05:00;2018-09-27 05:00:00;;;3.4;2.2;15.721875;1.0;30.40625
30622;2018-09-27 00:00:00;02:00;2018-09-27 02:00:00;;;4.3;3.7;15.721875;1.0;30.40625
30622;2018-09-26 00:00:00;23:00;2018-09-26 23:00:00;;;3.6;2.7;14.684375;0.0;14.684375
30622;2018-09-26 00:00:00;20:00;2018-09-26 20:00:00;;5.0;6.0;4.6;14.684375;0.0;14.684375
30622;2018-09-26 00:00:00;17:00;2018-09-26 17:00:00;;;10.1;6.8;14.684375;0.0;14.684375
30622;2018-09-26 00:00:00;14:00;2018-09-26 14:00:00;;;10.4;6.0;14.684375;0.0;14.684375
30622;2018-09-26 00:00:00;11:00;2018-09-26 11:00:00;;;7.8;6.7;14.684375;0.0;14.684375
30622;2018-09-26 00:00:00;08:00;2018-09-26 08:00:00;;0.0;4.5;2.6;14.684375;0.0;14.684375
30622;2018-09-26 00:00:00;05:00;2018-09-26 05:00:00;;;5.1;1.6;14.684375;0.0;14.684375
30622;2018-09-26 00:00:00;02:00;2018-09-26 02:00:00;;;3.3;1.3;14.684375;0.0;14.684375
30622;2018-09-25 00:00:00;23:00;2018-09-25 23:00:00;;;3.6;1.7;38.3453125;12.0;386.53968750000007
30622;2018-09-25 00:00:00;20:00;2018-09-25 20:00:00;;0.0;9.4;3.4;38.3453125;12.0;386.53968750000007
30622;2018-09-25 00:00:00;17:00;2018-09-25 17:00:00;;;19.1;1.8;38.3453125;12.0;386.53968750000007
30622;2018-09-25 00:00:00;14:00;2018-09-25 14:00:00;;;16.9;1.7;38.3453125;12.0;386.53968750000007
30622;2018-09-25 00:00:00;11:00;2018-09-25 11:00:00;;;7.8;1.8;38.3453125;12.0;386.53968750000007
30622;2018-09-25 00:00:00;08:00;2018-09-25 08:00:00;;0.0;-2.2;-2.8;38.3453125;12.0;386.53968750000007
30622;2018-09-25 00:00:00;05:00;2018-09-25 05:00:00;;;-2.9;-3.6;38.3453125;12.0;386.53968750000007
30622;2018-09-25 00:00:00;02:00;2018-09-25 02:00:00;;;-1.1;-1.9;38.3453125;12.0;386.53968750000007
30622;2018-09-24 00:00:00;23:00;2018-09-24 23:00:00;;;2.4;0.1;25.638750000000005;11.0;348.1943750000001
30622;2018-09-24 00:00:00;20:00;2018-09-24 20:00:00;;0.0;5.6;2.5;25.638750000000005;11.0;348.1943750000001
30622;2018-09-24 00:00:00;17:00;2018-09-24 17:00:00;;;17.7;0.1;25.638750000000005;11.0;348.1943750000001
30622;2018-09-24 00:00:00;14:00;2018-09-24 14:00:00;;;15.4;2.0;25.638750000000005;11.0;348.1943750000001
30622;2018-09-24 00:00:00;11:00;2018-09-24 11:00:00;;;5.7;1.6;25.638750000000005;11.0;348.1943750000001
30622;2018-09-24 00:00:00;08:00;2018-09-24 08:00:00;;0.0;-2.6;-3.2;25.638750000000005;11.0;348.1943750000001
30622;2018-09-24 00:00:00;05:00;2018-09-24 05:00:00;;;-3.8;-4.4;25.638750000000005;11.0;348.1943750000001
30622;2018-09-24 00:00:00;02:00;2018-09-24 02:00:00;;;-1.7;-2.4;25.638750000000005;11.0;348.1943750000001
30622;2018-09-23 00:00:00;23:00;2018-09-23 23:00:00;;;1.4;-0.4;21.414374999999996;10.0;322.5556250000001
30622;2018-09-23 00:00:00;20:00;2018-09-23 20:00:00;;0.0;5.5;1.8;21.414374999999996;10.0;322.5556250000001
30622;2018-09-23 00:00:00;17:00;2018-09-23 17:00:00;;;17.2;0.1;21.414374999999996;10.0;322.5556250000001
30622;2018-09-23 00:00:00;14:00;2018-09-23 14:00:00;;;13.8;0.8;21.414374999999996;10.0;322.5556250000001
30622;2018-09-23 00:00:00;11:00;2018-09-23 11:00:00;;;4.7;-0.1;21.414374999999996;10.0;322.5556250000001
30622;2018-09-23 00:00:00;08:00;2018-09-23 08:00:00;;0.0;-3.3;-3.9;21.414374999999996;10.0;322.5556250000001
30622;2018-09-23 00:00:00;05:00;2018-09-23 05:00:00;;;-4.6;-5.3;21.414374999999996;10.0;322.5556250000001
30622;2018-09-23 00:00:00;02:00;2018-09-23 02:00:00;;;-2.3;-2.9;21.414374999999996;10.0;322.5556250000001
30622;2018-09-22 00:00:00;23:00;2018-09-22 23:00:00;;;0.6;-0.7;33.85124999999999;9.0;301.14125000000007
30622;2018-09-22 00:00:00;20:00;2018-09-22 20:00:00;;0.0;6.4;1.5;33.85124999999999;9.0;301.14125000000007
30622;2018-09-22 00:00:00;17:00;2018-09-22 17:00:00;;;14.0;0.3;33.85124999999999;9.0;301.14125000000007
30622;2018-09-22 00:00:00;14:00;2018-09-22 14:00:00;;;12.6;0.0;33.85124999999999;9.0;301.14125000000007
30622;2018-09-22 00:00:00;11:00;2018-09-22 11:00:00;;;8.5;1.1;33.85124999999999;9.0;301.14125000000007
30622;2018-09-22 00:00:00;08:00;2018-09-22 08:00:00;;0.0;0.0;-2.0;33.85124999999999;9.0;301.14125000000007
30622;2018-09-22 00:00:00;05:00;2018-09-22 05:00:00;;;1.4;-0.9;33.85124999999999;9.0;301.14125000000007
30622;2018-09-22 00:00:00;02:00;2018-09-22 02:00:00;;;2.4;-0.6;33.85124999999999;9.0;301.14125000000007
30622;2018-09-21 00:00:00;23:00;2018-09-21 23:00:00;;;7.5;0.7;63.146093750000006;8.0;267.2900000000001
30622;2018-09-21 00:00:00;20:00;2018-09-21 20:00:00;;0.0;9.3;-0.2;63.146093750000006;8.0;267.2900000000001
30622;2018-09-21 00:00:00;17:00;2018-09-21 17:00:00;;;10.8;-0.6;63.146093750000006;8.0;267.2900000000001
30622;2018-09-21 00:00:00;14:00;2018-09-21 14:00:00;;;11.1;-1.0;63.146093750000006;8.0;267.2900000000001
30622;2018-09-21 00:00:00;11:00;2018-09-21 11:00:00;;;11.3;0.4;63.146093750000006;8.0;267.2900000000001
30622;2018-09-21 00:00:00;08:00;2018-09-21 08:00:00;;0.0;4.8;1.2;63.146093750000006;8.0;267.2900000000001
30622;2018-09-21 00:00:00;05:00;2018-09-21 05:00:00;;;4.6;1.2;63.146093750000006;8.0;267.2900000000001
30622;2018-09-21 00:00:00;02:00;2018-09-21 02:00:00;;;6.1;2.1;63.146093750000006;8.0;267.2900000000001
30622;2018-09-20 00:00:00;23:00;2018-09-20 23:00:00;;;6.0;2.6;43.4765625;7.0;204.14390625000004
30622;2018-09-20 00:00:00;20:00;2018-09-20 20:00:00;;0.0;6.8;1.4;43.4765625;7.0;204.14390625000004
30622;2018-09-20 00:00:00;17:00;2018-09-20 17:00:00;;;9.9;-0.3;43.4765625;7.0;204.14390625000004
30622;2018-09-20 00:00:00;14:00;2018-09-20 14:00:00;;;8.7;-0.8;43.4765625;7.0;204.14390625000004
30622;2018-09-20 00:00:00;11:00;2018-09-20 11:00:00;;;7.1;-0.5;43.4765625;7.0;204.14390625000004
30622;2018-09-20 00:00:00;08:00;2018-09-20 08:00:00;;0.0;5.2;-0.7;43.4765625;7.0;204.14390625000004
30622;2018-09-20 00:00:00;05:00;2018-09-20 05:00:00;;;4.8;-0.9;43.4765625;7.0;204.14390625000004
30622;2018-09-20 00:00:00;02:00;2018-09-20 02:00:00;;;4.5;-0.3;43.4765625;7.0;204.14390625000004
30622;2018-09-19 00:00:00;23:00;2018-09-19 23:00:00;;;4.3;0.6;29.33875;6.0;160.66734375000004
30622;2018-09-19 00:00:00;20:00;2018-09-19 20:00:00;;0.0;5.1;0.5;29.33875;6.0;160.66734375000004
30622;2018-09-19 00:00:00;17:00;2018-09-19 17:00:00;;;7.1;0.0;29.33875;6.0;160.66734375000004
30622;2018-09-19 00:00:00;14:00;2018-09-19 14:00:00;;;7.8;0.5;29.33875;6.0;160.66734375000004
30622;2018-09-19 00:00:00;11:00;2018-09-19 11:00:00;;;6.1;1.6;29.33875;6.0;160.66734375000004
30622;2018-09-19 00:00:00;08:00;2018-09-19 08:00:00;;0.3;5.0;1.9;29.33875;6.0;160.66734375000004
30622;2018-09-19 00:00:00;05:00;2018-09-19 05:00:00;;;5.8;1.7;29.33875;6.0;160.66734375000004
30622;2018-09-19 00:00:00;02:00;2018-09-19 02:00:00;;;6.7;1.9;29.33875;6.0;160.66734375000004
30622;2018-09-18 00:00:00;23:00;2018-09-18 23:00:00;;;7.7;2.7;38.48906250000001;5.0;131.32859375000004
30622;2018-09-18 00:00:00;20:00;2018-09-18 20:00:00;;0.0;9.8;4.1;38.48906250000001;5.0;131.32859375000004
30622;2018-09-18 00:00:00;17:00;2018-09-18 17:00:00;;;12.0;5.0;38.48906250000001;5.0;131.32859375000004
30622;2018-09-18 00:00:00;14:00;2018-09-18 14:00:00;;;11.4;4.6;38.48906250000001;5.0;131.32859375000004
30622;2018-09-18 00:00:00;11:00;2018-09-18 11:00:00;;;11.4;4.6;38.48906250000001;5.0;131.32859375000004
30622;2018-09-18 00:00:00;08:00;2018-09-18 08:00:00;;0.0;6.6;5.8;38.48906250000001;5.0;131.32859375000004
30622;2018-09-18 00:00:00;05:00;2018-09-18 05:00:00;;;7.5;5.9;38.48906250000001;5.0;131.32859375000004
30622;2018-09-18 00:00:00;02:00;2018-09-18 02:00:00;;;5.0;4.2;38.48906250000001;5.0;131.32859375000004
30622;2018-09-17 00:00:00;23:00;2018-09-17 23:00:00;;;5.4;4.7;39.72546875000001;4.0;92.83953125000002
30622;2018-09-17 00:00:00;20:00;2018-09-17 20:00:00;;0.0;10.5;6.6;39.72546875000001;4.0;92.83953125000002
30622;2018-09-17 00:00:00;17:00;2018-09-17 17:00:00;;;19.8;4.4;39.72546875000001;4.0;92.83953125000002
30622;2018-09-17 00:00:00;14:00;2018-09-17 14:00:00;;;17.1;8.9;39.72546875000001;4.0;92.83953125000002
30622;2018-09-17 00:00:00;11:00;2018-09-17 11:00:00;;;9.3;7.5;39.72546875000001;4.0;92.83953125000002
30622;2018-09-17 00:00:00;08:00;2018-09-17 08:00:00;;0.4;5.6;5.1;39.72546875000001;4.0;92.83953125000002
30622;2018-09-17 00:00:00;05:00;2018-09-17 05:00:00;;;5.7;5.1;39.72546875000001;4.0;92.83953125000002
30622;2018-09-17 00:00:00;02:00;2018-09-17 02:00:00;;;6.3;5.5;39.72546875000001;4.0;92.83953125000002
30622;2018-09-16 00:00:00;23:00;2018-09-16 23:00:00;;;7.3;6.5;28.42875000000001;3.0;53.11406250000002
30622;2018-09-16 00:00:00;20:00;2018-09-16 20:00:00;;0.1;9.6;7.2;28.42875000000001;3.0;53.11406250000002
30622;2018-09-16 00:00:00;17:00;2018-09-16 17:00:00;;;15.3;6.5;28.42875000000001;3.0;53.11406250000002
30622;2018-09-16 00:00:00;14:00;2018-09-16 14:00:00;;;16.5;6.5;28.42875000000001;3.0;53.11406250000002
30622;2018-09-16 00:00:00;11:00;2018-09-16 11:00:00;;;8.1;5.6;28.42875000000001;3.0;53.11406250000002
30622;2018-09-16 00:00:00;08:00;2018-09-16 08:00:00;;0.0;4.7;4.0;28.42875000000001;3.0;53.11406250000002
30622;2018-09-16 00:00:00;05:00;2018-09-16 05:00:00;;;3.1;2.5;28.42875000000001;3.0;53.11406250000002
30622;2018-09-16 00:00:00;02:00;2018-09-16 02:00:00;;;3.8;3.0;28.42875000000001;3.0;53.11406250000002
30622;2018-09-15 00:00:00;23:00;2018-09-15 23:00:00;;;3.4;2.7;11.2125;2.0;24.685312500000002
30622;2018-09-15 00:00:00;20:00;2018-09-15 20:00:00;;0.3;8.0;6.4;11.2125;2.0;24.685312500000002
30622;2018-09-15 00:00:00;17:00;2018-09-15 17:00:00;;;11.4;5.7;11.2125;2.0;24.685312500000002
30622;2018-09-15 00:00:00;14:00;2018-09-15 14:00:00;;;9.7;6.1;11.2125;2.0;24.685312500000002
30622;2018-09-15 00:00:00;11:00;2018-09-15 11:00:00;;;5.0;3.5;11.2125;2.0;24.685312500000002
30622;2018-09-15 00:00:00;08:00;2018-09-15 08:00:00;;1.0;2.8;2.1;11.2125;2.0;24.685312500000002
30622;2018-09-15 00:00:00;05:00;2018-09-15 05:00:00;;;2.5;1.6;11.2125;2.0;24.685312500000002
30622;2018-09-15 00:00:00;02:00;2018-09-15 02:00:00;;;3.2;2.3;11.2125;2.0;24.685312500000002
30622;2018-09-14 00:00:00;23:00;2018-09-14 23:00:00;;;3.7;2.4;5.2078125;1.0;13.4728125
30622;2018-09-14 00:00:00;20:00;2018-09-14 20:00:00;;0.0;4.6;1.8;5.2078125;1.0;13.4728125
30622;2018-09-14 00:00:00;17:00;2018-09-14 17:00:00;;;6.0;2.9;5.2078125;1.0;13.4728125
30622;2018-09-14 00:00:00;14:00;2018-09-14 14:00:00;;;6.7;1.5;5.2078125;1.0;13.4728125
30622;2018-09-14 00:00:00;11:00;2018-09-14 11:00:00;;;2.9;0.7;5.2078125;1.0;13.4728125
30622;2018-09-14 00:00:00;08:00;2018-09-14 08:00:00;;0.0;-0.9;-1.5;5.2078125;1.0;13.4728125
30622;2018-09-14 00:00:00;05:00;2018-09-14 05:00:00;;;-2.4;-2.9;5.2078125;1.0;13.4728125
30622;2018-09-14 00:00:00;02:00;2018-09-14 02:00:00;;;-0.4;-1.2;5.2078125;1.0;13.4728125
30622;2018-09-13 00:00:00;23:00;2018-09-13 23:00:00;;;1.3;-0.1;8.264999999999999;0.0;8.264999999999999
30622;2018-09-13 00:00:00;20:00;2018-09-13 20:00:00;;6.0;2.5;0.5;8.264999999999999;0.0;8.264999999999999
30622;2018-09-13 00:00:00;17:00;2018-09-13 17:00:00;;;2.9;1.3;8.264999999999999;0.0;8.264999999999999
30622;2018-09-13 00:00:00;14:00;2018-09-13 14:00:00;;;2.5;1.3;8.264999999999999;0.0;8.264999999999999
30622;2018-09-13 00:00:00;11:00;2018-09-13 11:00:00;;;3.8;2.3;8.264999999999999;0.0;8.264999999999999
30622;2018-09-13 00:00:00;08:00;2018-09-13 08:00:00;;0.0;4.6;2.2;8.264999999999999;0.0;8.264999999999999
30622;2018-09-13 00:00:00;05:00;2018-09-13 05:00:00;;;5.6;1.9;8.264999999999999;0.0;8.264999999999999
30622;2018-09-13 00:00:00;02:00;2018-09-13 02:00:00;;;7.2;3.6;8.264999999999999;0.0;8.264999999999999
30622;2018-12-09 00:00:00;23:00;2018-12-09 23:00:00;;;8.1;5.2;31.649062500000007;0.0;31.649062500000007
30622;2018-12-09 00:00:00;20:00;2018-12-09 20:00:00;;5.0;9.9;7.4;31.649062500000007;0.0;31.649062500000007
30622;2018-12-09 00:00:00;17:00;2018-12-09 17:00:00;;;12.3;8.5;31.649062500000007;0.0;31.649062500000007
30622;2018-12-09 00:00:00;14:00;2018-12-09 14:00:00;;;14.0;9.2;31.649062500000007;0.0;31.649062500000007
30622;2018-12-09 00:00:00;11:00;2018-12-09 11:00:00;;;13.0;7.7;31.649062500000007;0.0;31.649062500000007
30622;2018-12-09 00:00:00;08:00;2018-12-09 08:00:00;;0.0;8.2;6.8;31.649062500000007;0.0;31.649062500000007
30622;2018-12-09 00:00:00;05:00;2018-12-09 05:00:00;;;8.0;6.6;31.649062500000007;0.0;31.649062500000007
30622;2018-12-09 00:00:00;02:00;2018-12-09 02:00:00;;;10.2;8.1;31.649062500000007;0.0;31.649062500000007
30622;2018-11-09 00:00:00;23:00;2018-11-09 23:00:00;;;11.2;8.5;17.4234375;0.0;17.4234375
30622;2018-11-09 00:00:00;20:00;2018-11-09 20:00:00;;11.0;11.5;8.4;17.4234375;0.0;17.4234375
30622;2018-11-09 00:00:00;17:00;2018-11-09 17:00:00;;;12.2;9.5;17.4234375;0.0;17.4234375
30622;2018-11-09 00:00:00;14:00;2018-11-09 14:00:00;;;10.9;9.8;17.4234375;0.0;17.4234375
30622;2018-11-09 00:00:00;11:00;2018-11-09 11:00:00;;;9.8;9.0;17.4234375;0.0;17.4234375
30622;2018-11-09 00:00:00;08:00;2018-11-09 08:00:00;;17.0;9.2;7.9;17.4234375;0.0;17.4234375
30622;2018-11-09 00:00:00;05:00;2018-11-09 05:00:00;;;8.6;7.9;17.4234375;0.0;17.4234375
30622;2018-11-09 00:00:00;02:00;2018-11-09 02:00:00;;;9.2;8.1;17.4234375;0.0;17.4234375
30622;2018-10-09 00:00:00;23:00;2018-10-09 23:00:00;;;10.8;7.4;40.35281250000002;13.0;61.22921875000025
30622;2018-10-09 00:00:00;20:00;2018-10-09 20:00:00;;0.8;12.6;8.9;40.35281250000002;13.0;61.22921875000025
30622;2018-10-09 00:00:00;17:00;2018-10-09 17:00:00;;;16.8;10.1;40.35281250000002;13.0;61.22921875000025
30622;2018-10-09 00:00:00;14:00;2018-10-09 14:00:00;;;16.3;9.5;40.35281250000002;13.0;61.22921875000025
30622;2018-10-09 00:00:00;11:00;2018-10-09 11:00:00;;;12.1;9.7;40.35281250000002;13.0;61.22921875000025
30622;2018-10-09 00:00:00;08:00;2018-10-09 08:00:00;;2.0;8.5;7.8;40.35281250000002;13.0;61.22921875000025
30622;2018-10-09 00:00:00;05:00;2018-10-09 05:00:00;;;8.5;7.4;40.35281250000002;13.0;61.22921875000025
30622;2018-10-09 00:00:00;02:00;2018-10-09 02:00:00;;;9.0;6.5;40.35281250000002;13.0;61.22921875000025
30622;2018-09-09 00:00:00;23:00;2018-09-09 23:00:00;;;9.6;7.7;41.82000000000001;2.0;210.1325
30622;2018-09-09 00:00:00;20:00;2018-09-09 20:00:00;;0.0;12.9;9.0;41.82000000000001;2.0;210.1325
30622;2018-09-09 00:00:00;17:00;2018-09-09 17:00:00;;;18.5;6.1;41.82000000000001;2.0;210.1325
30622;2018-09-09 00:00:00;14:00;2018-09-09 14:00:00;;;16.8;5.3;41.82000000000001;2.0;210.1325
30622;2018-09-09 00:00:00;11:00;2018-09-09 11:00:00;;;9.7;3.1;41.82000000000001;2.0;210.1325
30622;2018-09-09 00:00:00;08:00;2018-09-09 08:00:00;;0.0;1.1;0.3;41.82000000000001;2.0;210.1325
30622;2018-09-09 00:00:00;05:00;2018-09-09 05:00:00;;;-0.4;-0.9;41.82000000000001;2.0;210.1325
30622;2018-09-09 00:00:00;02:00;2018-09-09 02:00:00;;;1.5;0.7;41.82000000000001;2.0;210.1325
30622;2018-08-09 00:00:00;23:00;2018-08-09 23:00:00;;;4.3;2.8;41.271875;4.0;413.4293750000001
30622;2018-08-09 00:00:00;20:00;2018-08-09 20:00:00;;0.0;9.9;4.0;41.271875;4.0;413.4293750000001
30622;2018-08-09 00:00:00;17:00;2018-08-09 17:00:00;;;15.6;2.3;41.271875;4.0;413.4293750000001
30622;2018-08-09 00:00:00;14:00;2018-08-09 14:00:00;;;13.7;1.1;41.271875;4.0;413.4293750000001
30622;2018-08-09 00:00:00;11:00;2018-08-09 11:00:00;;;9.0;0.3;41.271875;4.0;413.4293750000001
30622;2018-08-09 00:00:00;08:00;2018-08-09 08:00:00;;0.0;1.5;-0.4;41.271875;4.0;413.4293750000001
30622;2018-08-09 00:00:00;05:00;2018-08-09 05:00:00;;;0.2;-1.0;41.271875;4.0;413.4293750000001
30622;2018-08-09 00:00:00;02:00;2018-08-09 02:00:00;;;2.0;0.1;41.271875;4.0;413.4293750000001
30622;2018-07-09 00:00:00;23:00;2018-07-09 23:00:00;;;7.7;-0.2;64.845;9.0;364.7315625
30622;2018-07-09 00:00:00;20:00;2018-07-09 20:00:00;;0.0;9.1;1.4;64.845;9.0;364.7315625
30622;2018-07-09 00:00:00;17:00;2018-07-09 17:00:00;;;12.7;-0.3;64.845;9.0;364.7315625
30622;2018-07-09 00:00:00;14:00;2018-07-09 14:00:00;;;12.6;1.5;64.845;9.0;364.7315625
30622;2018-07-09 00:00:00;11:00;2018-07-09 11:00:00;;;10.5;3.2;64.845;9.0;364.7315625
30622;2018-07-09 00:00:00;08:00;2018-07-09 08:00:00;;0.3;8.3;5.3;64.845;9.0;364.7315625
30622;2018-07-09 00:00:00;05:00;2018-07-09 05:00:00;;;8.4;7.2;64.845;9.0;364.7315625
30622;2018-07-09 00:00:00;02:00;2018-07-09 02:00:00;;;9.3;7.7;64.845;9.0;364.7315625
30622;2018-06-09 00:00:00;23:00;2018-06-09 23:00:00;;;9.9;8.2;42.86953125000001;1.0;109.84640625000003
30622;2018-06-09 00:00:00;20:00;2018-06-09 20:00:00;;0.0;10.9;7.5;42.86953125000001;1.0;109.84640625000003
30622;2018-06-09 00:00:00;17:00;2018-06-09 17:00:00;;;11.7;7.2;42.86953125000001;1.0;109.84640625000003
30622;2018-06-09 00:00:00;14:00;2018-06-09 14:00:00;;;13.7;5.7;42.86953125000001;1.0;109.84640625000003
30622;2018-06-09 00:00:00;11:00;2018-06-09 11:00:00;;;13.0;5.2;42.86953125000001;1.0;109.84640625000003
30622;2018-06-09 00:00:00;08:00;2018-06-09 08:00:00;;0.0;9.3;5.1;42.86953125000001;1.0;109.84640625000003
30622;2018-06-09 00:00:00;05:00;2018-06-09 05:00:00;;;7.5;5.3;42.86953125000001;1.0;109.84640625000003
30622;2018-06-09 00:00:00;02:00;2018-06-09 02:00:00;;;5.9;4.2;42.86953125000001;1.0;109.84640625000003
30622;2018-05-09 00:00:00;23:00;2018-05-09 23:00:00;;;8.9;5.9;46.638281249999984;0.0;46.638281249999984
30622;2018-05-09 00:00:00;20:00;2018-05-09 20:00:00;;0.0;11.6;6.6;46.638281249999984;0.0;46.638281249999984
30622;2018-05-09 00:00:00;17:00;2018-05-09 17:00:00;;;16.4;5.4;46.638281249999984;0.0;46.638281249999984
30622;2018-05-09 00:00:00;14:00;2018-05-09 14:00:00;;;15.6;7.8;46.638281249999984;0.0;46.638281249999984
30622;2018-05-09 00:00:00;11:00;2018-05-09 11:00:00;;;11.2;8.5;46.638281249999984;0.0;46.638281249999984
30622;2018-05-09 00:00:00;08:00;2018-05-09 08:00:00;;3.0;8.5;7.5;46.638281249999984;0.0;46.638281249999984
30622;2018-05-09 00:00:00;05:00;2018-05-09 05:00:00;;;8.2;7.0;46.638281249999984;0.0;46.638281249999984
30622;2018-05-09 00:00:00;02:00;2018-05-09 02:00:00;;;8.7;6.9;46.638281249999984;0.0;46.638281249999984
30622;2018-04-09 00:00:00;23:00;2018-04-09 23:00:00;;;9.9;7.2;16.98125;1.0;100.02093750000003
30622;2018-04-09 00:00:00;20:00;2018-04-09 20:00:00;;2.0;11.5;9.3;16.98125;1.0;100.02093750000003
30622;2018-04-09 00:00:00;17:00;2018-04-09 17:00:00;;;12.7;11.3;16.98125;1.0;100.02093750000003
30622;2018-04-09 00:00:00;14:00;2018-04-09 14:00:00;;;13.1;10.9;16.98125;1.0;100.02093750000003
30622;2018-04-09 00:00:00;11:00;2018-04-09 11:00:00;;;11.7;9.0;16.98125;1.0;100.02093750000003
30622;2018-04-09 00:00:00;08:00;2018-04-09 08:00:00;;0.0;7.6;7.1;16.98125;1.0;100.02093750000003
30622;2018-04-09 00:00:00;05:00;2018-04-09 05:00:00;;;7.5;6.9;16.98125;1.0;100.02093750000003
30622;2018-04-09 00:00:00;02:00;2018-04-09 02:00:00;;;9.6;8.9;16.98125;1.0;100.02093750000003
30622;2018-03-09 00:00:00;23:00;2018-03-09 23:00:00;;;13.5;11.1;52.45078125;1.0;95.6609375
30622;2018-03-09 00:00:00;20:00;2018-03-09 20:00:00;;0.0;16.1;11.2;52.45078125;1.0;95.6609375
30622;2018-03-09 00:00:00;17:00;2018-03-09 17:00:00;;;20.0;7.7;52.45078125;1.0;95.6609375
30622;2018-03-09 00:00:00;14:00;2018-03-09 14:00:00;;;19.4;9.4;52.45078125;1.0;95.6609375
30622;2018-03-09 00:00:00;11:00;2018-03-09 11:00:00;;;11.4;8.5;52.45078125;1.0;95.6609375
30622;2018-03-09 00:00:00;08:00;2018-03-09 08:00:00;;0.0;5.8;5.2;52.45078125;1.0;95.6609375
30622;2018-03-09 00:00:00;05:00;2018-03-09 05:00:00;;;4.3;3.7;52.45078125;1.0;95.6609375
30622;2018-03-09 00:00:00;02:00;2018-03-09 02:00:00;;;6.8;6.0;52.45078125;1.0;95.6609375
30622;2018-02-09 00:00:00;23:00;2018-02-09 23:00:00;;;10.1;8.1;87.16624999999999;3.0;326.908125
30622;2018-02-09 00:00:00;20:00;2018-02-09 20:00:00;;0.0;15.5;8.7;87.16624999999999;3.0;326.908125
30622;2018-02-09 00:00:00;17:00;2018-02-09 17:00:00;;;20.2;6.9;87.16624999999999;3.0;326.908125
30622;2018-02-09 00:00:00;14:00;2018-02-09 14:00:00;;;21.4;7.0;87.16624999999999;3.0;326.908125
30622;2018-02-09 00:00:00;11:00;2018-02-09 11:00:00;;;16.8;9.1;87.16624999999999;3.0;326.908125
30622;2018-02-09 00:00:00;08:00;2018-02-09 08:00:00;;0.0;8.5;6.0;87.16624999999999;3.0;326.908125
30622;2018-02-09 00:00:00;05:00;2018-02-09 05:00:00;;;7.9;6.1;87.16624999999999;3.0;326.908125
30622;2018-02-09 00:00:00;02:00;2018-02-09 02:00:00;;;9.2;6.8;87.16624999999999;3.0;326.908125
30622;2018-01-09 00:00:00;23:00;2018-01-09 23:00:00;;;11.8;7.8;92.23906249999999;11.0;-69.00765624999997
30622;2018-01-09 00:00:00;20:00;2018-01-09 20:00:00;;0.0;18.1;7.9;92.23906249999999;11.0;-69.00765624999997
30622;2018-01-09 00:00:00;17:00;2018-01-09 17:00:00;;;22.8;10.0;92.23906249999999;11.0;-69.00765624999997
30622;2018-01-09 00:00:00;14:00;2018-01-09 14:00:00;;;22.4;10.2;92.23906249999999;11.0;-69.00765624999997
30622;2018-01-09 00:00:00;11:00;2018-01-09 11:00:00;;;17.3;11.4;92.23906249999999;11.0;-69.00765624999997
30622;2018-01-09 00:00:00;08:00;2018-01-09 08:00:00;;0.0;9.9;9.3;92.23906249999999;11.0;-69.00765624999997
30622;2018-01-09 00:00:00;05:00;2018-01-09 05:00:00;;;9.6;8.6;92.23906249999999;11.0;-69.00765624999997
30622;2018-01-09 00:00:00;02:00;2018-01-09 02:00:00;;;11.6;10.5;92.23906249999999;11.0;-69.00765624999997
30622;2018-08-31 00:00:00;23:00;2018-08-31 23:00:00;;;12.2;11.0;37.059999999999995;7.0;510.78921874999986
30622;2018-08-31 00:00:00;20:00;2018-08-31 20:00:00;;;16.8;12.2;37.059999999999995;7.0;510.78921874999986
30622;2018-08-31 00:00:00;17:00;2018-08-31 17:00:00;;;20.5;12.7;37.059999999999995;7.0;510.78921874999986
30622;2018-08-31 00:00:00;14:00;2018-08-31 14:00:00;;;18.3;13.5;37.059999999999995;7.0;510.78921874999986
30622;2018-08-31 00:00:00;11:00;2018-08-31 11:00:00;;;12.5;10.4;37.059999999999995;7.0;510.78921874999986
30622;2018-08-31 00:00:00;08:00;2018-08-31 08:00:00;;0.0;9.5;9.1;37.059999999999995;7.0;510.78921874999986
30622;2018-08-31 00:00:00;05:00;2018-08-31 05:00:00;;;9.3;8.9;37.059999999999995;7.0;510.78921874999986
30622;2018-08-31 00:00:00;02:00;2018-08-31 02:00:00;;;9.7;9.2;37.059999999999995;7.0;510.78921874999986
30622;2018-08-30 00:00:00;23:00;2018-08-30 23:00:00;;;8.8;8.2;50.26937499999998;6.0;473.72921874999986
30622;2018-08-30 00:00:00;20:00;2018-08-30 20:00:00;;0.6;13.9;11.4;50.26937499999998;6.0;473.72921874999986
30622;2018-08-30 00:00:00;17:00;2018-08-30 17:00:00;;;16.0;14.2;50.26937499999998;6.0;473.72921874999986
30622;2018-08-30 00:00:00;14:00;2018-08-30 14:00:00;;;16.3;11.8;50.26937499999998;6.0;473.72921874999986
30622;2018-08-30 00:00:00;11:00;2018-08-30 11:00:00;;;16.0;10.8;50.26937499999998;6.0;473.72921874999986
30622;2018-08-30 00:00:00;08:00;2018-08-30 08:00:00;;0.0;15.1;10.5;50.26937499999998;6.0;473.72921874999986
30622;2018-08-30 00:00:00;05:00;2018-08-30 05:00:00;;;15.8;12.1;50.26937499999998;6.0;473.72921874999986
30622;2018-08-30 00:00:00;02:00;2018-08-30 02:00:00;;;17.7;13.7;50.26937499999998;6.0;473.72921874999986
30622;2018-08-29 00:00:00;23:00;2018-08-29 23:00:00;;;20.0;13.3;116.57109374999999;5.0;423.4598437499999
30622;2018-08-29 00:00:00;20:00;2018-08-29 20:00:00;;0.0;20.6;12.8;116.57109374999999;5.0;423.4598437499999
30622;2018-08-29 00:00:00;17:00;2018-08-29 17:00:00;;;27.7;12.2;116.57109374999999;5.0;423.4598437499999
30622;2018-08-29 00:00:00;14:00;2018-08-29 14:00:00;;;26.1;12.2;116.57109374999999;5.0;423.4598437499999
30622;2018-08-29 00:00:00;11:00;2018-08-29 11:00:00;;;18.6;12.0;116.57109374999999;5.0;423.4598437499999
30622;2018-08-29 00:00:00;08:00;2018-08-29 08:00:00;;0.0;9.6;8.6;116.57109374999999;5.0;423.4598437499999
30622;2018-08-29 00:00:00;05:00;2018-08-29 05:00:00;;;7.7;7.1;116.57109374999999;5.0;423.4598437499999
30622;2018-08-29 00:00:00;02:00;2018-08-29 02:00:00;;;10.2;9.2;116.57109374999999;5.0;423.4598437499999
30622;2018-08-28 00:00:00;23:00;2018-08-28 23:00:00;;;12.2;10.9;88.57265625000001;4.0;306.8887499999999
30622;2018-08-28 00:00:00;20:00;2018-08-28 20:00:00;;0.0;19.5;11.8;88.57265625000001;4.0;306.8887499999999
30622;2018-08-28 00:00:00;17:00;2018-08-28 17:00:00;;;27.2;10.7;88.57265625000001;4.0;306.8887499999999
30622;2018-08-28 00:00:00;14:00;2018-08-28 14:00:00;;;26.2;12.1;88.57265625000001;4.0;306.8887499999999
30622;2018-08-28 00:00:00;11:00;2018-08-28 11:00:00;;;16.2;11.7;88.57265625000001;4.0;306.8887499999999
30622;2018-08-28 00:00:00;08:00;2018-08-28 08:00:00;;0.0;7.8;7.3;88.57265625000001;4.0;306.8887499999999
30622;2018-08-28 00:00:00;05:00;2018-08-28 05:00:00;;;6.0;5.4;88.57265625000001;4.0;306.8887499999999
30622;2018-08-28 00:00:00;02:00;2018-08-28 02:00:00;;;8.4;7.7;88.57265625000001;4.0;306.8887499999999
30622;2018-08-27 00:00:00;23:00;2018-08-27 23:00:00;;;11.1;9.8;76.1578125;3.0;218.3160937499999
30622;2018-08-27 00:00:00;20:00;2018-08-27 20:00:00;;0.0;18.5;11.8;76.1578125;3.0;218.3160937499999
30622;2018-08-27 00:00:00;17:00;2018-08-27 17:00:00;;;25.4;8.9;76.1578125;3.0;218.3160937499999
30622;2018-08-27 00:00:00;14:00;2018-08-27 14:00:00;;;23.4;11.4;76.1578125;3.0;218.3160937499999
30622;2018-08-27 00:00:00;11:00;2018-08-27 11:00:00;;;14.9;10.8;76.1578125;3.0;218.3160937499999
30622;2018-08-27 00:00:00;08:00;2018-08-27 08:00:00;;0.0;7.7;7.2;76.1578125;3.0;218.3160937499999
30622;2018-08-27 00:00:00;05:00;2018-08-27 05:00:00;;;6.3;5.8;76.1578125;3.0;218.3160937499999
30622;2018-08-27 00:00:00;02:00;2018-08-27 02:00:00;;;8.2;7.6;76.1578125;3.0;218.3160937499999
30622;2018-08-26 00:00:00;23:00;2018-08-26 23:00:00;;;11.2;10.2;58.41281249999998;2.0;142.1582812499999
30622;2018-08-26 00:00:00;20:00;2018-08-26 20:00:00;;0.0;17.8;12.5;58.41281249999998;2.0;142.1582812499999
30622;2018-08-26 00:00:00;17:00;2018-08-26 17:00:00;;;23.9;10.5;58.41281249999998;2.0;142.1582812499999
30622;2018-08-26 00:00:00;14:00;2018-08-26 14:00:00;;;22.1;12.2;58.41281249999998;2.0;142.1582812499999
30622;2018-08-26 00:00:00;11:00;2018-08-26 11:00:00;;;12.0;11.0;58.41281249999998;2.0;142.1582812499999
30622;2018-08-26 00:00:00;08:00;2018-08-26 08:00:00;;0.3;9.7;9.2;58.41281249999998;2.0;142.1582812499999
30622;2018-08-26 00:00:00;05:00;2018-08-26 05:00:00;;;10.0;9.5;58.41281249999998;2.0;142.1582812499999
30622;2018-08-26 00:00:00;02:00;2018-08-26 02:00:00;;;9.4;8.8;58.41281249999998;2.0;142.1582812499999
30622;2018-08-25 00:00:00;23:00;2018-08-25 23:00:00;;;11.7;10.9;65.55421874999995;1.0;83.74546874999993
30622;2018-08-25 00:00:00;20:00;2018-08-25 20:00:00;;0.0;17.4;13.4;65.55421874999995;1.0;83.74546874999993
30622;2018-08-25 00:00:00;17:00;2018-08-25 17:00:00;;;22.4;11.9;65.55421874999995;1.0;83.74546874999993
30622;2018-08-25 00:00:00;14:00;2018-08-25 14:00:00;;;20.2;12.8;65.55421874999995;1.0;83.74546874999993
30622;2018-08-25 00:00:00;11:00;2018-08-25 11:00:00;;;18.9;13.5;65.55421874999995;1.0;83.74546874999993
30622;2018-08-25 00:00:00;08:00;2018-08-25 08:00:00;;1.0;13.8;12.3;65.55421874999995;1.0;83.74546874999993
30622;2018-08-25 00:00:00;05:00;2018-08-25 05:00:00;;;12.9;11.8;65.55421874999995;1.0;83.74546874999993
30622;2018-08-25 00:00:00;02:00;2018-08-25 02:00:00;;;13.4;12.0;65.55421874999995;1.0;83.74546874999993
30622;2018-08-24 00:00:00;23:00;2018-08-24 23:00:00;;;13.5;12.4;18.191249999999982;0.0;18.191249999999982
30622;2018-08-24 00:00:00;20:00;2018-08-24 20:00:00;;27.0;13.3;12.2;18.191249999999982;0.0;18.191249999999982
30622;2018-08-24 00:00:00;17:00;2018-08-24 17:00:00;;;13.8;13.0;18.191249999999982;0.0;18.191249999999982
30622;2018-08-24 00:00:00;14:00;2018-08-24 14:00:00;;;15.3;14.5;18.191249999999982;0.0;18.191249999999982
30622;2018-08-24 00:00:00;11:00;2018-08-24 11:00:00;;;15.6;14.7;18.191249999999982;0.0;18.191249999999982
30622;2018-08-24 00:00:00;08:00;2018-08-24 08:00:00;;5.0;14.7;13.9;18.191249999999982;0.0;18.191249999999982
30622;2018-08-24 00:00:00;05:00;2018-08-24 05:00:00;;;15.0;13.8;18.191249999999982;0.0;18.191249999999982
30622;2018-08-24 00:00:00;02:00;2018-08-24 02:00:00;;;16.4;13.2;18.191249999999982;0.0;18.191249999999982
30622;2018-08-23 00:00:00;23:00;2018-08-23 23:00:00;;;18.5;14.5;94.63562500000003;8.0;631.6396874999999
30622;2018-08-23 00:00:00;20:00;2018-08-23 20:00:00;;0.0;21.9;14.9;94.63562500000003;8.0;631.6396874999999
30622;2018-08-23 00:00:00;17:00;2018-08-23 17:00:00;;;26.1;13.4;94.63562500000003;8.0;631.6396874999999
30622;2018-08-23 00:00:00;14:00;2018-08-23 14:00:00;;;23.0;12.6;94.63562500000003;8.0;631.6396874999999
30622;2018-08-23 00:00:00;11:00;2018-08-23 11:00:00;;;17.4;11.1;94.63562500000003;8.0;631.6396874999999
30622;2018-08-23 00:00:00;08:00;2018-08-23 08:00:00;;0.0;10.5;8.7;94.63562500000003;8.0;631.6396874999999
30622;2018-08-23 00:00:00;05:00;2018-08-23 05:00:00;;;7.8;7.1;94.63562500000003;8.0;631.6396874999999
30622;2018-08-23 00:00:00;02:00;2018-08-23 02:00:00;;;10.6;8.9;94.63562500000003;8.0;631.6396874999999
30622;2018-08-22 00:00:00;23:00;2018-08-22 23:00:00;;;11.9;9.8;92.235;7.0;537.0040624999999
30622;2018-08-22 00:00:00;20:00;2018-08-22 20:00:00;;0.0;21.3;10.7;92.235;7.0;537.0040624999999
30622;2018-08-22 00:00:00;17:00;2018-08-22 17:00:00;;;26.9;7.7;92.235;7.0;537.0040624999999
30622;2018-08-22 00:00:00;14:00;2018-08-22 14:00:00;;;25.1;11.9;92.235;7.0;537.0040624999999
30622;2018-08-22 00:00:00;11:00;2018-08-22 11:00:00;;;13.3;12.7;92.235;7.0;537.0040624999999
30622;2018-08-22 00:00:00;08:00;2018-08-22 08:00:00;;0.0;9.9;9.4;92.235;7.0;537.0040624999999
30622;2018-08-22 00:00:00;05:00;2018-08-22 05:00:00;;;7.0;6.5;92.235;7.0;537.0040624999999
30622;2018-08-22 00:00:00;02:00;2018-08-22 02:00:00;;;9.4;8.8;92.235;7.0;537.0040624999999
30622;2018-08-21 00:00:00;23:00;2018-08-21 23:00:00;;;11.9;10.5;76.62000000000002;6.0;444.76906249999996
30622;2018-08-21 00:00:00;20:00;2018-08-21 20:00:00;;0.0;19.8;13.5;76.62000000000002;6.0;444.76906249999996
30622;2018-08-21 00:00:00;17:00;2018-08-21 17:00:00;;;26.0;8.1;76.62000000000002;6.0;444.76906249999996
30622;2018-08-21 00:00:00;14:00;2018-08-21 14:00:00;;;23.8;13.5;76.62000000000002;6.0;444.76906249999996
30622;2018-08-21 00:00:00;11:00;2018-08-21 11:00:00;;;13.5;12.5;76.62000000000002;6.0;444.76906249999996
30622;2018-08-21 00:00:00;08:00;2018-08-21 08:00:00;;0.0;11.4;10.9;76.62000000000002;6.0;444.76906249999996
30622;2018-08-21 00:00:00;05:00;2018-08-21 05:00:00;;;10.6;10.1;76.62000000000002;6.0;444.76906249999996
30622;2018-08-21 00:00:00;02:00;2018-08-21 02:00:00;;;10.7;10.2;76.62000000000002;6.0;444.76906249999996
30622;2018-08-20 00:00:00;23:00;2018-08-20 23:00:00;;;12.5;11.5;45.71999999999999;5.0;368.14906249999996
30622;2018-08-20 00:00:00;20:00;2018-08-20 20:00:00;;0.0;11.0;10.4;45.71999999999999;5.0;368.14906249999996
30622;2018-08-20 00:00:00;17:00;2018-08-20 17:00:00;;;24.9;11.2;45.71999999999999;5.0;368.14906249999996
30622;2018-08-20 00:00:00;14:00;2018-08-20 14:00:00;;;22.8;15.1;45.71999999999999;5.0;368.14906249999996
30622;2018-08-20 00:00:00;11:00;2018-08-20 11:00:00;;;12.8;12.0;45.71999999999999;5.0;368.14906249999996
30622;2018-08-20 00:00:00;08:00;2018-08-20 08:00:00;;0.0;11.0;10.4;45.71999999999999;5.0;368.14906249999996
30622;2018-08-20 00:00:00;05:00;2018-08-20 05:00:00;;;8.7;8.1;45.71999999999999;5.0;368.14906249999996
30622;2018-08-20 00:00:00;02:00;2018-08-20 02:00:00;;;10.6;10.0;45.71999999999999;5.0;368.14906249999996
30622;2018-08-19 00:00:00;23:00;2018-08-19 23:00:00;;;13.5;11.9;89.93828124999996;4.0;322.4290625
30622;2018-08-19 00:00:00;20:00;2018-08-19 20:00:00;;0.0;18.6;14.2;89.93828124999996;4.0;322.4290625
30622;2018-08-19 00:00:00;17:00;2018-08-19 17:00:00;;;25.0;11.6;89.93828124999996;4.0;322.4290625
30622;2018-08-19 00:00:00;14:00;2018-08-19 14:00:00;;;23.8;12.6;89.93828124999996;4.0;322.4290625
30622;2018-08-19 00:00:00;11:00;2018-08-19 11:00:00;;;20.1;13.5;89.93828124999996;4.0;322.4290625
30622;2018-08-19 00:00:00;08:00;2018-08-19 08:00:00;;0.0;14.7;12.1;89.93828124999996;4.0;322.4290625
30622;2018-08-19 00:00:00;05:00;2018-08-19 05:00:00;;;11.5;10.8;89.93828124999996;4.0;322.4290625
30622;2018-08-19 00:00:00;02:00;2018-08-19 02:00:00;;;11.5;10.5;89.93828124999996;4.0;322.4290625
30622;2018-08-18 00:00:00;23:00;2018-08-18 23:00:00;;;15.1;13.0;53.30609374999998;3.0;232.49078125000003
30622;2018-08-18 00:00:00;20:00;2018-08-18 20:00:00;;0.0;19.0;14.4;53.30609374999998;3.0;232.49078125000003
30622;2018-08-18 00:00:00;17:00;2018-08-18 17:00:00;;;23.3;10.9;53.30609374999998;3.0;232.49078125000003
30622;2018-08-18 00:00:00;14:00;2018-08-18 14:00:00;;;21.7;13.1;53.30609374999998;3.0;232.49078125000003
30622;2018-08-18 00:00:00;11:00;2018-08-18 11:00:00;;;12.2;11.6;53.30609374999998;3.0;232.49078125000003
30622;2018-08-18 00:00:00;08:00;2018-08-18 08:00:00;;0.0;8.4;7.9;53.30609374999998;3.0;232.49078125000003
30622;2018-08-18 00:00:00;05:00;2018-08-18 05:00:00;;;6.9;6.4;53.30609374999998;3.0;232.49078125000003
30622;2018-08-18 00:00:00;02:00;2018-08-18 02:00:00;;;7.5;6.9;53.30609374999998;3.0;232.49078125000003
30622;2018-08-17 00:00:00;23:00;2018-08-17 23:00:00;;;10.9;9.6;37.94562500000002;2.0;179.18468750000005
30622;2018-08-17 00:00:00;20:00;2018-08-17 20:00:00;;0.5;16.8;13.3;37.94562500000002;2.0;179.18468750000005
30622;2018-08-17 00:00:00;17:00;2018-08-17 17:00:00;;;18.2;11.5;37.94562500000002;2.0;179.18468750000005
30622;2018-08-17 00:00:00;14:00;2018-08-17 14:00:00;;;16.8;12.7;37.94562500000002;2.0;179.18468750000005
30622;2018-08-17 00:00:00;11:00;2018-08-17 11:00:00;;;14.0;11.2;37.94562500000002;2.0;179.18468750000005
30622;2018-08-17 00:00:00;08:00;2018-08-17 08:00:00;;0.6;12.0;10.9;37.94562500000002;2.0;179.18468750000005
30622;2018-08-17 00:00:00;05:00;2018-08-17 05:00:00;;;11.3;10.3;37.94562500000002;2.0;179.18468750000005
30622;2018-08-17 00:00:00;02:00;2018-08-17 02:00:00;;;11.4;10.1;37.94562500000002;2.0;179.18468750000005
30622;2018-08-16 00:00:00;23:00;2018-08-16 23:00:00;;;12.2;10.7;52.74375;1.0;141.23906250000002
30622;2018-08-16 00:00:00;20:00;2018-08-16 20:00:00;;0.0;14.8;10.0;52.74375;1.0;141.23906250000002
30622;2018-08-16 00:00:00;17:00;2018-08-16 17:00:00;;;16.3;9.6;52.74375;1.0;141.23906250000002
30622;2018-08-16 00:00:00;14:00;2018-08-16 14:00:00;;;18.2;8.4;52.74375;1.0;141.23906250000002
30622;2018-08-16 00:00:00;11:00;2018-08-16 11:00:00;;;15.2;7.4;52.74375;1.0;141.23906250000002
30622;2018-08-16 00:00:00;08:00;2018-08-16 08:00:00;;0.0;8.2;6.1;52.74375;1.0;141.23906250000002
30622;2018-08-16 00:00:00;05:00;2018-08-16 05:00:00;;;5.0;4.1;52.74375;1.0;141.23906250000002
30622;2018-08-16 00:00:00;02:00;2018-08-16 02:00:00;;;7.1;5.9;52.74375;1.0;141.23906250000002
30622;2018-08-15 00:00:00;23:00;2018-08-15 23:00:00;;;11.9;8.2;88.49531250000001;0.0;88.49531250000001
30622;2018-08-15 00:00:00;20:00;2018-08-15 20:00:00;;0.0;16.2;8.4;88.49531250000001;0.0;88.49531250000001
30622;2018-08-15 00:00:00;17:00;2018-08-15 17:00:00;;;18.6;9.1;88.49531250000001;0.0;88.49531250000001
30622;2018-08-15 00:00:00;14:00;2018-08-15 14:00:00;;;18.2;10.1;88.49531250000001;0.0;88.49531250000001
30622;2018-08-15 00:00:00;11:00;2018-08-15 11:00:00;;;17.0;10.4;88.49531250000001;0.0;88.49531250000001
30622;2018-08-15 00:00:00;08:00;2018-08-15 08:00:00;;3.0;14.2;11.2;88.49531250000001;0.0;88.49531250000001
30622;2018-08-15 00:00:00;05:00;2018-08-15 05:00:00;;;15.8;14.8;88.49531250000001;0.0;88.49531250000001
30622;2018-08-15 00:00:00;02:00;2018-08-15 02:00:00;;;18.6;14.9;88.49531250000001;0.0;88.49531250000001
30622;2018-08-14 00:00:00;23:00;2018-08-14 23:00:00;;;24.0;11.4;157.96171875;9.0;526.9421875
30622;2018-08-14 00:00:00;20:00;2018-08-14 20:00:00;;0.0;24.3;13.1;157.96171875;9.0;526.9421875
30622;2018-08-14 00:00:00;17:00;2018-08-14 17:00:00;;;27.3;14.3;157.96171875;9.0;526.9421875
30622;2018-08-14 00:00:00;14:00;2018-08-14 14:00:00;;;28.0;15.8;157.96171875;9.0;526.9421875
30622;2018-08-14 00:00:00;11:00;2018-08-14 11:00:00;;;22.5;15.6;157.96171875;9.0;526.9421875
30622;2018-08-14 00:00:00;08:00;2018-08-14 08:00:00;;0.0;14.9;12.8;157.96171875;9.0;526.9421875
30622;2018-08-14 00:00:00;05:00;2018-08-14 05:00:00;;;12.2;11.4;157.96171875;9.0;526.9421875
30622;2018-08-14 00:00:00;02:00;2018-08-14 02:00:00;;;13.9;12.2;157.96171875;9.0;526.9421875
30622;2018-08-13 00:00:00;23:00;2018-08-13 23:00:00;;;16.8;14.1;151.0603125;8.0;368.98046875000006
30622;2018-08-13 00:00:00;20:00;2018-08-13 20:00:00;;0.0;24.2;15.9;151.0603125;8.0;368.98046875000006
30622;2018-08-13 00:00:00;17:00;2018-08-13 17:00:00;;;28.7;13.2;151.0603125;8.0;368.98046875000006
30622;2018-08-13 00:00:00;14:00;2018-08-13 14:00:00;;;28.9;13.0;151.0603125;8.0;368.98046875000006
30622;2018-08-13 00:00:00;11:00;2018-08-13 11:00:00;;;25.1;13.6;151.0603125;8.0;368.98046875000006
30622;2018-08-13 00:00:00;08:00;2018-08-13 08:00:00;;0.0;15.1;11.3;151.0603125;8.0;368.98046875000006
30622;2018-08-13 00:00:00;05:00;2018-08-13 05:00:00;;;10.2;9.2;151.0603125;8.0;368.98046875000006
30622;2018-08-13 00:00:00;02:00;2018-08-13 02:00:00;;;12.4;11.2;151.0603125;8.0;368.98046875000006
30622;2018-12-08 00:00:00;23:00;2018-12-08 23:00:00;;;16.3;12.2;125.61234375000004;1.0;243.75984375000002
30622;2018-12-08 00:00:00;20:00;2018-12-08 20:00:00;;0.0;23.0;12.5;125.61234375000004;1.0;243.75984375000002
30622;2018-12-08 00:00:00;17:00;2018-12-08 17:00:00;;;27.2;9.8;125.61234375000004;1.0;243.75984375000002
30622;2018-12-08 00:00:00;14:00;2018-12-08 14:00:00;;;27.3;11.1;125.61234375000004;1.0;243.75984375000002
30622;2018-12-08 00:00:00;11:00;2018-12-08 11:00:00;;;20.3;13.0;125.61234375000004;1.0;243.75984375000002
30622;2018-12-08 00:00:00;08:00;2018-12-08 08:00:00;;0.0;9.2;8.7;125.61234375000004;1.0;243.75984375000002
30622;2018-12-08 00:00:00;05:00;2018-12-08 05:00:00;;;7.1;6.5;125.61234375000004;1.0;243.75984375000002
30622;2018-12-08 00:00:00;02:00;2018-12-08 02:00:00;;;9.9;9.2;125.61234375000004;1.0;243.75984375000002
30622;2018-11-08 00:00:00;23:00;2018-11-08 23:00:00;;;11.9;10.8;79.61406249999999;19.0;33.84024872448995
30622;2018-11-08 00:00:00;20:00;2018-11-08 20:00:00;;0.0;22.5;13.8;79.61406249999999;19.0;33.84024872448995
30622;2018-11-08 00:00:00;17:00;2018-11-08 17:00:00;;;26.0;10.1;79.61406249999999;19.0;33.84024872448995
30622;2018-11-08 00:00:00;14:00;2018-11-08 14:00:00;;;23.4;13.5;79.61406249999999;19.0;33.84024872448995
30622;2018-11-08 00:00:00;11:00;2018-11-08 11:00:00;;;13.3;11.4;79.61406249999999;19.0;33.84024872448995
30622;2018-11-08 00:00:00;08:00;2018-11-08 08:00:00;;0.0;9.8;9.3;79.61406249999999;19.0;33.84024872448995
30622;2018-11-08 00:00:00;05:00;2018-11-08 05:00:00;;;7.6;7.0;79.61406249999999;19.0;33.84024872448995
30622;2018-11-08 00:00:00;02:00;2018-11-08 02:00:00;;;11.0;9.0;79.61406249999999;19.0;33.84024872448995
30622;2018-10-08 00:00:00;23:00;2018-10-08 23:00:00;;;12.0;10.6;95.88125000000001;12.0;20.87640625000023
30622;2018-10-08 00:00:00;20:00;2018-10-08 20:00:00;;0.0;21.3;12.3;95.88125000000001;12.0;20.87640625000023
30622;2018-10-08 00:00:00;17:00;2018-10-08 17:00:00;;;23.4;10.6;95.88125000000001;12.0;20.87640625000023
30622;2018-10-08 00:00:00;14:00;2018-10-08 14:00:00;;;21.9;11.0;95.88125000000001;12.0;20.87640625000023
30622;2018-10-08 00:00:00;11:00;2018-10-08 11:00:00;;;16.0;12.1;95.88125000000001;12.0;20.87640625000023
30622;2018-10-08 00:00:00;08:00;2018-10-08 08:00:00;;0.0;12.8;10.8;95.88125000000001;12.0;20.87640625000023
30622;2018-10-08 00:00:00;05:00;2018-10-08 05:00:00;;;13.1;10.0;95.88125000000001;12.0;20.87640625000023
30622;2018-10-08 00:00:00;02:00;2018-10-08 02:00:00;;;12.9;10.0;95.88125000000001;12.0;20.87640625000023
30622;2018-09-08 00:00:00;23:00;2018-09-08 23:00:00;;;14.3;11.8;114.64609374999999;1.0;168.31249999999997
30622;2018-09-08 00:00:00;20:00;2018-09-08 20:00:00;;0.0;21.7;9.9;114.64609374999999;1.0;168.31249999999997
30622;2018-09-08 00:00:00;17:00;2018-09-08 17:00:00;;;26.6;9.5;114.64609374999999;1.0;168.31249999999997
30622;2018-09-08 00:00:00;14:00;2018-09-08 14:00:00;;;24.6;9.5;114.64609374999999;1.0;168.31249999999997
30622;2018-09-08 00:00:00;11:00;2018-09-08 11:00:00;;;17.0;11.1;114.64609374999999;1.0;168.31249999999997
30622;2018-09-08 00:00:00;08:00;2018-09-08 08:00:00;;0.0;10.2;6.9;114.64609374999999;1.0;168.31249999999997
30622;2018-09-08 00:00:00;05:00;2018-09-08 05:00:00;;;6.0;5.3;114.64609374999999;1.0;168.31249999999997
30622;2018-09-08 00:00:00;02:00;2018-09-08 02:00:00;;;8.1;7.4;114.64609374999999;1.0;168.31249999999997
30622;2018-08-08 00:00:00;23:00;2018-08-08 23:00:00;;;11.5;9.7;79.3828125;3.0;372.1575000000001
30622;2018-08-08 00:00:00;20:00;2018-08-08 20:00:00;;0.0;20.4;11.5;79.3828125;3.0;372.1575000000001
30622;2018-08-08 00:00:00;17:00;2018-08-08 17:00:00;;;22.8;8.4;79.3828125;3.0;372.1575000000001
30622;2018-08-08 00:00:00;14:00;2018-08-08 14:00:00;;;21.2;7.4;79.3828125;3.0;372.1575000000001
30622;2018-08-08 00:00:00;11:00;2018-08-08 11:00:00;;;12.2;10.2;79.3828125;3.0;372.1575000000001
30622;2018-08-08 00:00:00;08:00;2018-08-08 08:00:00;;0.0;8.4;7.3;79.3828125;3.0;372.1575000000001
30622;2018-08-08 00:00:00;05:00;2018-08-08 05:00:00;;;6.3;5.2;79.3828125;3.0;372.1575000000001
30622;2018-08-08 00:00:00;02:00;2018-08-08 02:00:00;;;10.1;8.2;79.3828125;3.0;372.1575000000001
30622;2018-07-08 00:00:00;23:00;2018-07-08 23:00:00;;;11.1;9.4;80.40062499999998;8.0;299.88656249999997
30622;2018-07-08 00:00:00;20:00;2018-07-08 20:00:00;;0.0;17.0;10.9;80.40062499999998;8.0;299.88656249999997
30622;2018-07-08 00:00:00;17:00;2018-07-08 17:00:00;;;21.8;9.9;80.40062499999998;8.0;299.88656249999997
30622;2018-07-08 00:00:00;14:00;2018-07-08 14:00:00;;;19.7;11.3;80.40062499999998;8.0;299.88656249999997
30622;2018-07-08 00:00:00;11:00;2018-07-08 11:00:00;;;15.8;11.6;80.40062499999998;8.0;299.88656249999997
30622;2018-07-08 00:00:00;08:00;2018-07-08 08:00:00;;0.5;13.7;12.3;80.40062499999998;8.0;299.88656249999997
30622;2018-07-08 00:00:00;05:00;2018-07-08 05:00:00;;;15.3;12.2;80.40062499999998;8.0;299.88656249999997
30622;2018-07-08 00:00:00;02:00;2018-07-08 02:00:00;;;16.2;13.6;80.40062499999998;8.0;299.88656249999997
30622;2018-06-08 00:00:00;23:00;2018-06-08 23:00:00;;;16.4;13.8;66.97687500000002;0.0;66.97687500000002
30622;2018-06-08 00:00:00;20:00;2018-06-08 20:00:00;;0.0;19.3;14.5;66.97687500000002;0.0;66.97687500000002
30622;2018-06-08 00:00:00;17:00;2018-06-08 17:00:00;;;23.5;14.8;66.97687500000002;0.0;66.97687500000002
30622;2018-06-08 00:00:00;14:00;2018-06-08 14:00:00;;;22.7;15.4;66.97687500000002;0.0;66.97687500000002
30622;2018-06-08 00:00:00;11:00;2018-06-08 11:00:00;;;18.8;15.3;66.97687500000002;0.0;66.97687500000002
30622;2018-06-08 00:00:00;08:00;2018-06-08 08:00:00;;13.0;15.1;14.1;66.97687500000002;0.0;66.97687500000002
30622;2018-06-08 00:00:00;05:00;2018-06-08 05:00:00;;;14.9;14.0;66.97687500000002;0.0;66.97687500000002
30622;2018-06-08 00:00:00;02:00;2018-06-08 02:00:00;;;15.1;14.5;66.97687500000002;0.0;66.97687500000002
30622;2018-05-08 00:00:00;23:00;2018-05-08 23:00:00;;;15.4;14.8;28.65078125000001;0.0;28.65078125000001
30622;2018-05-08 00:00:00;20:00;2018-05-08 20:00:00;;15.0;15.9;15.1;28.65078125000001;0.0;28.65078125000001
30622;2018-05-08 00:00:00;17:00;2018-05-08 17:00:00;;;15.7;14.8;28.65078125000001;0.0;28.65078125000001
30622;2018-05-08 00:00:00;14:00;2018-05-08 14:00:00;;;18.7;12.1;28.65078125000001;0.0;28.65078125000001
30622;2018-05-08 00:00:00;11:00;2018-05-08 11:00:00;;;14.1;9.7;28.65078125000001;0.0;28.65078125000001
30622;2018-05-08 00:00:00;08:00;2018-05-08 08:00:00;;0.0;10.1;8.2;28.65078125000001;0.0;28.65078125000001
30622;2018-05-08 00:00:00;05:00;2018-05-08 05:00:00;;;8.8;8.0;28.65078125000001;0.0;28.65078125000001
30622;2018-05-08 00:00:00;02:00;2018-05-08 02:00:00;;;9.8;8.9;28.65078125000001;0.0;28.65078125000001
30622;2018-04-08 00:00:00;23:00;2018-04-08 23:00:00;;;12.1;10.5;83.03968750000003;0.0;83.03968750000003
30622;2018-04-08 00:00:00;20:00;2018-04-08 20:00:00;;0.0;20.0;13.2;83.03968750000003;0.0;83.03968750000003
30622;2018-04-08 00:00:00;17:00;2018-04-08 17:00:00;;;22.1;10.2;83.03968750000003;0.0;83.03968750000003
30622;2018-04-08 00:00:00;14:00;2018-04-08 14:00:00;;;20.7;10.9;83.03968750000003;0.0;83.03968750000003
30622;2018-04-08 00:00:00;11:00;2018-04-08 11:00:00;;;17.6;11.1;83.03968750000003;0.0;83.03968750000003
30622;2018-04-08 00:00:00;08:00;2018-04-08 08:00:00;;4.0;12.9;11.1;83.03968750000003;0.0;83.03968750000003
30622;2018-04-08 00:00:00;05:00;2018-04-08 05:00:00;;;12.2;11.1;83.03968750000003;0.0;83.03968750000003
30622;2018-04-08 00:00:00;02:00;2018-04-08 02:00:00;;;13.3;12.2;83.03968750000003;0.0;83.03968750000003
30622;2018-03-08 00:00:00;23:00;2018-03-08 23:00:00;;;15.7;14.3;43.210156250000004;0.0;43.210156250000004
30622;2018-03-08 00:00:00;20:00;2018-03-08 20:00:00;;21.0;18.2;14.6;43.210156250000004;0.0;43.210156250000004
30622;2018-03-08 00:00:00;17:00;2018-03-08 17:00:00;;;18.1;15.5;43.210156250000004;0.0;43.210156250000004
30622;2018-03-08 00:00:00;14:00;2018-03-08 14:00:00;;;25.4;16.2;43.210156250000004;0.0;43.210156250000004
30622;2018-03-08 00:00:00;11:00;2018-03-08 11:00:00;;;17.2;15.3;43.210156250000004;0.0;43.210156250000004
30622;2018-03-08 00:00:00;08:00;2018-03-08 08:00:00;;0.0;14.2;13.7;43.210156250000004;0.0;43.210156250000004
30622;2018-03-08 00:00:00;05:00;2018-03-08 05:00:00;;;13.7;13.1;43.210156250000004;0.0;43.210156250000004
30622;2018-03-08 00:00:00;02:00;2018-03-08 02:00:00;;;12.4;11.7;43.210156250000004;0.0;43.210156250000004
30622;2018-02-08 00:00:00;23:00;2018-02-08 23:00:00;;;14.9;13.7;45.821875000000034;2.0;239.741875
30622;2018-02-08 00:00:00;20:00;2018-02-08 20:00:00;;0.0;20.4;15.8;45.821875000000034;2.0;239.741875
30622;2018-02-08 00:00:00;17:00;2018-02-08 17:00:00;;;22.1;15.6;45.821875000000034;2.0;239.741875
30622;2018-02-08 00:00:00;14:00;2018-02-08 14:00:00;;;21.6;15.6;45.821875000000034;2.0;239.741875
30622;2018-02-08 00:00:00;11:00;2018-02-08 11:00:00;;;15.8;14.0;45.821875000000034;2.0;239.741875
30622;2018-02-08 00:00:00;08:00;2018-02-08 08:00:00;;0.0;14.2;13.6;45.821875000000034;2.0;239.741875
30622;2018-02-08 00:00:00;05:00;2018-02-08 05:00:00;;;12.4;11.8;45.821875000000034;2.0;239.741875
30622;2018-02-08 00:00:00;02:00;2018-02-08 02:00:00;;;11.9;11.2;45.821875000000034;2.0;239.741875
30622;2018-01-08 00:00:00;23:00;2018-01-08 23:00:00;;;14.3;13.3;56.698437500000004;10.0;-161.24671874999996
30622;2018-01-08 00:00:00;20:00;2018-01-08 20:00:00;;0.0;20.1;15.3;56.698437500000004;10.0;-161.24671874999996
30622;2018-01-08 00:00:00;17:00;2018-01-08 17:00:00;;;21.2;15.1;56.698437500000004;10.0;-161.24671874999996
30622;2018-01-08 00:00:00;14:00;2018-01-08 14:00:00;;;21.1;14.6;56.698437500000004;10.0;-161.24671874999996
30622;2018-01-08 00:00:00;11:00;2018-01-08 11:00:00;;;17.8;14.2;56.698437500000004;10.0;-161.24671874999996
30622;2018-01-08 00:00:00;08:00;2018-01-08 08:00:00;;1.0;15.5;13.8;56.698437500000004;10.0;-161.24671874999996
30622;2018-01-08 00:00:00;05:00;2018-01-08 05:00:00;;;14.3;13.2;56.698437500000004;10.0;-161.24671874999996
30622;2018-01-08 00:00:00;02:00;2018-01-08 02:00:00;;;14.2;12.8;56.698437500000004;10.0;-161.24671874999996
30622;2018-07-31 00:00:00;23:00;2018-07-31 23:00:00;;;15.8;12.9;98.48828124999996;1.0;161.21484374999994
30622;2018-07-31 00:00:00;20:00;2018-07-31 20:00:00;;0.0;22.9;12.1;98.48828124999996;1.0;161.21484374999994
30622;2018-07-31 00:00:00;17:00;2018-07-31 17:00:00;;;25.7;10.9;98.48828124999996;1.0;161.21484374999994
30622;2018-07-31 00:00:00;14:00;2018-07-31 14:00:00;;;24.0;11.7;98.48828124999996;1.0;161.21484374999994
30622;2018-07-31 00:00:00;11:00;2018-07-31 11:00:00;;;17.0;12.3;98.48828124999996;1.0;161.21484374999994
30622;2018-07-31 00:00:00;08:00;2018-07-31 08:00:00;;0.0;10.1;9.4;98.48828124999996;1.0;161.21484374999994
30622;2018-07-31 00:00:00;05:00;2018-07-31 05:00:00;;;7.5;6.9;98.48828124999996;1.0;161.21484374999994
30622;2018-07-31 00:00:00;02:00;2018-07-31 02:00:00;;;9.7;9.0;98.48828124999996;1.0;161.21484374999994
30622;2018-07-30 00:00:00;23:00;2018-07-30 23:00:00;;;12.4;10.8;62.7265625;0.0;62.7265625
30622;2018-07-30 00:00:00;20:00;2018-07-30 20:00:00;;5.0;17.7;11.7;62.7265625;0.0;62.7265625
30622;2018-07-30 00:00:00;17:00;2018-07-30 17:00:00;;;21.2;10.3;62.7265625;0.0;62.7265625
30622;2018-07-30 00:00:00;14:00;2018-07-30 14:00:00;;;18.0;13.1;62.7265625;0.0;62.7265625
30622;2018-07-30 00:00:00;11:00;2018-07-30 11:00:00;;;15.1;12.9;62.7265625;0.0;62.7265625
30622;2018-07-30 00:00:00;08:00;2018-07-30 08:00:00;;6.0;14.7;13.5;62.7265625;0.0;62.7265625
30622;2018-07-30 00:00:00;05:00;2018-07-30 05:00:00;;;15.1;14.3;62.7265625;0.0;62.7265625
30622;2018-07-30 00:00:00;02:00;2018-07-30 02:00:00;;;15.3;11.9;62.7265625;0.0;62.7265625
30622;2018-07-29 00:00:00;23:00;2018-07-29 23:00:00;;;18.5;12.1;133.76531250000002;2.0;320.54937500000005
30622;2018-07-29 00:00:00;20:00;2018-07-29 20:00:00;;0.0;23.7;13.3;133.76531250000002;2.0;320.54937500000005
30622;2018-07-29 00:00:00;17:00;2018-07-29 17:00:00;;;27.3;10.5;133.76531250000002;2.0;320.54937500000005
30622;2018-07-29 00:00:00;14:00;2018-07-29 14:00:00;;;25.4;10.5;133.76531250000002;2.0;320.54937500000005
30622;2018-07-29 00:00:00;11:00;2018-07-29 11:00:00;;;19.3;12.2;133.76531250000002;2.0;320.54937500000005
30622;2018-07-29 00:00:00;08:00;2018-07-29 08:00:00;;0.0;11.7;9.4;133.76531250000002;2.0;320.54937500000005
30622;2018-07-29 00:00:00;05:00;2018-07-29 05:00:00;;;7.6;6.9;133.76531250000002;2.0;320.54937500000005
30622;2018-07-29 00:00:00;02:00;2018-07-29 02:00:00;;;9.9;8.8;133.76531250000002;2.0;320.54937500000005
30622;2018-07-28 00:00:00;23:00;2018-07-28 23:00:00;;;13.6;11.2;99.91406250000004;1.0;186.78406250000003
30622;2018-07-28 00:00:00;20:00;2018-07-28 20:00:00;;0.0;21.5;11.8;99.91406250000004;1.0;186.78406250000003
30622;2018-07-28 00:00:00;17:00;2018-07-28 17:00:00;;;24.6;6.2;99.91406250000004;1.0;186.78406250000003
30622;2018-07-28 00:00:00;14:00;2018-07-28 14:00:00;;;22.8;6.0;99.91406250000004;1.0;186.78406250000003
30622;2018-07-28 00:00:00;11:00;2018-07-28 11:00:00;;;13.9;10.5;99.91406250000004;1.0;186.78406250000003
30622;2018-07-28 00:00:00;08:00;2018-07-28 08:00:00;;0.0;8.9;8.3;99.91406250000004;1.0;186.78406250000003
30622;2018-07-28 00:00:00;05:00;2018-07-28 05:00:00;;;8.2;7.7;99.91406250000004;1.0;186.78406250000003
30622;2018-07-28 00:00:00;02:00;2018-07-28 02:00:00;;;8.3;7.6;99.91406250000004;1.0;186.78406250000003
30622;2018-07-27 00:00:00;23:00;2018-07-27 23:00:00;;;11.0;10.1;86.86999999999999;0.0;86.86999999999999
30622;2018-07-27 00:00:00;20:00;2018-07-27 20:00:00;;0.0;18.5;10.1;86.86999999999999;0.0;86.86999999999999
30622;2018-07-27 00:00:00;17:00;2018-07-27 17:00:00;;;20.3;8.0;86.86999999999999;0.0;86.86999999999999
30622;2018-07-27 00:00:00;14:00;2018-07-27 14:00:00;;;19.5;8.9;86.86999999999999;0.0;86.86999999999999
30622;2018-07-27 00:00:00;11:00;2018-07-27 11:00:00;;;16.1;9.3;86.86999999999999;0.0;86.86999999999999
30622;2018-07-27 00:00:00;08:00;2018-07-27 08:00:00;;3.0;13.2;10.1;86.86999999999999;0.0;86.86999999999999
30622;2018-07-27 00:00:00;05:00;2018-07-27 05:00:00;;;12.4;11.0;86.86999999999999;0.0;86.86999999999999
30622;2018-07-27 00:00:00;02:00;2018-07-27 02:00:00;;;13.1;11.8;86.86999999999999;0.0;86.86999999999999
30622;2018-07-26 00:00:00;23:00;2018-07-26 23:00:00;;;13.9;12.0;31.94593749999999;0.0;31.94593749999999
30622;2018-07-26 00:00:00;20:00;2018-07-26 20:00:00;;29.0;15.2;14.1;31.94593749999999;0.0;31.94593749999999
30622;2018-07-26 00:00:00;17:00;2018-07-26 17:00:00;;;15.5;14.8;31.94593749999999;0.0;31.94593749999999
30622;2018-07-26 00:00:00;14:00;2018-07-26 14:00:00;;;22.3;16.8;31.94593749999999;0.0;31.94593749999999
30622;2018-07-26 00:00:00;11:00;2018-07-26 11:00:00;;;17.7;17.0;31.94593749999999;0.0;31.94593749999999
30622;2018-07-26 00:00:00;08:00;2018-07-26 08:00:00;;49.0;15.9;15.3;31.94593749999999;0.0;31.94593749999999
30622;2018-07-26 00:00:00;05:00;2018-07-26 05:00:00;;;17.0;15.4;31.94593749999999;0.0;31.94593749999999
30622;2018-07-26 00:00:00;02:00;2018-07-26 02:00:00;;;17.9;14.9;31.94593749999999;0.0;31.94593749999999
30622;2018-07-25 00:00:00;23:00;2018-07-25 23:00:00;;;18.6;15.3;119.21000000000004;5.0;656.25234375
30622;2018-07-25 00:00:00;20:00;2018-07-25 20:00:00;;0.4;22.5;16.3;119.21000000000004;5.0;656.25234375
30622;2018-07-25 00:00:00;17:00;2018-07-25 17:00:00;;;25.1;18.0;119.21000000000004;5.0;656.25234375
30622;2018-07-25 00:00:00;14:00;2018-07-25 14:00:00;;;22.1;17.6;119.21000000000004;5.0;656.25234375
30622;2018-07-25 00:00:00;11:00;2018-07-25 11:00:00;;;26.1;14.7;119.21000000000004;5.0;656.25234375
30622;2018-07-25 00:00:00;08:00;2018-07-25 08:00:00;;0.5;20.2;14.9;119.21000000000004;5.0;656.25234375
30622;2018-07-25 00:00:00;05:00;2018-07-25 05:00:00;;;18.1;14.7;119.21000000000004;5.0;656.25234375
30622;2018-07-25 00:00:00;02:00;2018-07-25 02:00:00;;;17.6;14.0;119.21000000000004;5.0;656.25234375
30622;2018-07-24 00:00:00;23:00;2018-07-24 23:00:00;;;21.4;13.9;180.82531249999997;4.0;537.04234375
30622;2018-07-24 00:00:00;20:00;2018-07-24 20:00:00;;0.0;27.8;13.6;180.82531249999997;4.0;537.04234375
30622;2018-07-24 00:00:00;17:00;2018-07-24 17:00:00;;;30.4;12.4;180.82531249999997;4.0;537.04234375
30622;2018-07-24 00:00:00;14:00;2018-07-24 14:00:00;;;27.8;13.4;180.82531249999997;4.0;537.04234375
30622;2018-07-24 00:00:00;11:00;2018-07-24 11:00:00;;;21.4;13.2;180.82531249999997;4.0;537.04234375
30622;2018-07-24 00:00:00;08:00;2018-07-24 08:00:00;;0.0;14.6;11.5;180.82531249999997;4.0;537.04234375
30622;2018-07-24 00:00:00;05:00;2018-07-24 05:00:00;;;11.7;10.4;180.82531249999997;4.0;537.04234375
30622;2018-07-24 00:00:00;02:00;2018-07-24 02:00:00;;;13.6;11.7;180.82531249999997;4.0;537.04234375
30622;2018-07-23 00:00:00;23:00;2018-07-23 23:00:00;;;14.9;12.5;123.20437499999998;3.0;356.21703125000005
30622;2018-07-23 00:00:00;20:00;2018-07-23 20:00:00;;0.0;24.0;10.8;123.20437499999998;3.0;356.21703125000005
30622;2018-07-23 00:00:00;17:00;2018-07-23 17:00:00;;;26.6;8.5;123.20437499999998;3.0;356.21703125000005
30622;2018-07-23 00:00:00;14:00;2018-07-23 14:00:00;;;24.6;9.3;123.20437499999998;3.0;356.21703125000005
30622;2018-07-23 00:00:00;11:00;2018-07-23 11:00:00;;;17.6;10.8;123.20437499999998;3.0;356.21703125000005
30622;2018-07-23 00:00:00;08:00;2018-07-23 08:00:00;;0.0;9.3;8.3;123.20437499999998;3.0;356.21703125000005
30622;2018-07-23 00:00:00;05:00;2018-07-23 05:00:00;;;7.3;6.6;123.20437499999998;3.0;356.21703125000005
30622;2018-07-23 00:00:00;02:00;2018-07-23 02:00:00;;;9.8;8.5;123.20437499999998;3.0;356.21703125000005
30622;2018-07-22 00:00:00;23:00;2018-07-22 23:00:00;;;14.1;9.6;135.40078125000005;2.0;233.01265625000008
30622;2018-07-22 00:00:00;20:00;2018-07-22 20:00:00;;0.0;21.0;8.3;135.40078125000005;2.0;233.01265625000008
30622;2018-07-22 00:00:00;17:00;2018-07-22 17:00:00;;;22.7;5.4;135.40078125000005;2.0;233.01265625000008
30622;2018-07-22 00:00:00;14:00;2018-07-22 14:00:00;;;20.8;7.7;135.40078125000005;2.0;233.01265625000008
30622;2018-07-22 00:00:00;11:00;2018-07-22 11:00:00;;;16.0;9.8;135.40078125000005;2.0;233.01265625000008
30622;2018-07-22 00:00:00;08:00;2018-07-22 08:00:00;;0.0;12.1;8.3;135.40078125000005;2.0;233.01265625000008
30622;2018-07-22 00:00:00;05:00;2018-07-22 05:00:00;;;12.1;8.3;135.40078125000005;2.0;233.01265625000008
30622;2018-07-22 00:00:00;02:00;2018-07-22 02:00:00;;;13.5;9.4;135.40078125000005;2.0;233.01265625000008
30622;2018-07-21 00:00:00;23:00;2018-07-21 23:00:00;;;15.5;11.5;51.425000000000004;1.0;97.61187500000003
30622;2018-07-21 00:00:00;20:00;2018-07-21 20:00:00;;0.0;17.0;12.2;51.425000000000004;1.0;97.61187500000003
30622;2018-07-21 00:00:00;17:00;2018-07-21 17:00:00;;;17.5;13.6;51.425000000000004;1.0;97.61187500000003
30622;2018-07-21 00:00:00;14:00;2018-07-21 14:00:00;;;16.1;13.0;51.425000000000004;1.0;97.61187500000003
30622;2018-07-21 00:00:00;11:00;2018-07-21 11:00:00;;;16.4;12.7;51.425000000000004;1.0;97.61187500000003
30622;2018-07-21 00:00:00;08:00;2018-07-21 08:00:00;;0.0;18.6;15.9;51.425000000000004;1.0;97.61187500000003
30622;2018-07-21 00:00:00;05:00;2018-07-21 05:00:00;;;17.1;16.1;51.425000000000004;1.0;97.61187500000003
30622;2018-07-21 00:00:00;02:00;2018-07-21 02:00:00;;;17.8;16.8;51.425000000000004;1.0;97.61187500000003
30622;2018-07-20 00:00:00;23:00;2018-07-20 23:00:00;;;18.7;17.6;46.186875000000015;0.0;46.186875000000015
30622;2018-07-20 00:00:00;20:00;2018-07-20 20:00:00;;10.0;20.1;17.7;46.186875000000015;0.0;46.186875000000015
30622;2018-07-20 00:00:00;17:00;2018-07-20 17:00:00;;;19.2;17.7;46.186875000000015;0.0;46.186875000000015
30622;2018-07-20 00:00:00;14:00;2018-07-20 14:00:00;;;18.7;17.2;46.186875000000015;0.0;46.186875000000015
30622;2018-07-20 00:00:00;11:00;2018-07-20 11:00:00;;;24.2;15.4;46.186875000000015;0.0;46.186875000000015
30622;2018-07-20 00:00:00;08:00;2018-07-20 08:00:00;;0.0;16.8;13.6;46.186875000000015;0.0;46.186875000000015
30622;2018-07-20 00:00:00;05:00;2018-07-20 05:00:00;;;12.8;12.0;46.186875000000015;0.0;46.186875000000015
30622;2018-07-20 00:00:00;02:00;2018-07-20 02:00:00;;;14.4;13.3;46.186875000000015;0.0;46.186875000000015
30622;2018-07-19 00:00:00;23:00;2018-07-19 23:00:00;;;18.0;15.3;182.30062499999997;6.0;1114.3181249999998
30622;2018-07-19 00:00:00;20:00;2018-07-19 20:00:00;;0.0;26.5;12.2;182.30062499999997;6.0;1114.3181249999998
30622;2018-07-19 00:00:00;17:00;2018-07-19 17:00:00;;;30.2;11.0;182.30062499999997;6.0;1114.3181249999998
30622;2018-07-19 00:00:00;14:00;2018-07-19 14:00:00;;;29.3;12.4;182.30062499999997;6.0;1114.3181249999998
30622;2018-07-19 00:00:00;11:00;2018-07-19 11:00:00;;;22.8;13.7;182.30062499999997;6.0;1114.3181249999998
30622;2018-07-19 00:00:00;08:00;2018-07-19 08:00:00;;0.0;15.1;11.4;182.30062499999997;6.0;1114.3181249999998
30622;2018-07-19 00:00:00;05:00;2018-07-19 05:00:00;;;9.9;9.1;182.30062499999997;6.0;1114.3181249999998
30622;2018-07-19 00:00:00;02:00;2018-07-19 02:00:00;;;14.4;10.9;182.30062499999997;6.0;1114.3181249999998
30622;2018-07-18 00:00:00;23:00;2018-07-18 23:00:00;;;20.0;10.2;159.96250000000003;5.0;932.0174999999999
30622;2018-07-18 00:00:00;20:00;2018-07-18 20:00:00;;0.0;25.8;9.8;159.96250000000003;5.0;932.0174999999999
30622;2018-07-18 00:00:00;17:00;2018-07-18 17:00:00;;;27.1;11.4;159.96250000000003;5.0;932.0174999999999
30622;2018-07-18 00:00:00;14:00;2018-07-18 14:00:00;;;23.4;12.1;159.96250000000003;5.0;932.0174999999999
30622;2018-07-18 00:00:00;11:00;2018-07-18 11:00:00;;;18.4;11.1;159.96250000000003;5.0;932.0174999999999
30622;2018-07-18 00:00:00;08:00;2018-07-18 08:00:00;;0.0;14.3;10.8;159.96250000000003;5.0;932.0174999999999
30622;2018-07-18 00:00:00;05:00;2018-07-18 05:00:00;;;10.3;9.3;159.96250000000003;5.0;932.0174999999999
30622;2018-07-18 00:00:00;02:00;2018-07-18 02:00:00;;;13.5;11.1;159.96250000000003;5.0;932.0174999999999
30622;2018-07-17 00:00:00;23:00;2018-07-17 23:00:00;;;18.2;12.3;141.29999999999998;4.0;772.0549999999998
30622;2018-07-17 00:00:00;20:00;2018-07-17 20:00:00;;0.0;23.5;13.1;141.29999999999998;4.0;772.0549999999998
30622;2018-07-17 00:00:00;17:00;2018-07-17 17:00:00;;;24.7;13.4;141.29999999999998;4.0;772.0549999999998
30622;2018-07-17 00:00:00;14:00;2018-07-17 14:00:00;;;21.4;12.7;141.29999999999998;4.0;772.0549999999998
30622;2018-07-17 00:00:00;11:00;2018-07-17 11:00:00;;;18.1;12.0;141.29999999999998;4.0;772.0549999999998
30622;2018-07-17 00:00:00;08:00;2018-07-17 08:00:00;;0.0;16.2;11.4;141.29999999999998;4.0;772.0549999999998
30622;2018-07-17 00:00:00;05:00;2018-07-17 05:00:00;;;16.3;11.6;141.29999999999998;4.0;772.0549999999998
30622;2018-07-17 00:00:00;02:00;2018-07-17 02:00:00;;;18.6;12.9;141.29999999999998;4.0;772.0549999999998
30622;2018-07-16 00:00:00;23:00;2018-07-16 23:00:00;;;20.0;14.2;199.99187499999996;3.0;630.7549999999999
30622;2018-07-16 00:00:00;20:00;2018-07-16 20:00:00;;0.3;22.6;14.8;199.99187499999996;3.0;630.7549999999999
30622;2018-07-16 00:00:00;17:00;2018-07-16 17:00:00;;;31.2;10.1;199.99187499999996;3.0;630.7549999999999
30622;2018-07-16 00:00:00;14:00;2018-07-16 14:00:00;;;30.2;11.1;199.99187499999996;3.0;630.7549999999999
30622;2018-07-16 00:00:00;11:00;2018-07-16 11:00:00;;;24.6;13.8;199.99187499999996;3.0;630.7549999999999
30622;2018-07-16 00:00:00;08:00;2018-07-16 08:00:00;;0.0;17.2;12.0;199.99187499999996;3.0;630.7549999999999
30622;2018-07-16 00:00:00;05:00;2018-07-16 05:00:00;;;12.9;11.2;199.99187499999996;3.0;630.7549999999999
30622;2018-07-16 00:00:00;02:00;2018-07-16 02:00:00;;;14.5;12.1;199.99187499999996;3.0;630.7549999999999
30622;2018-07-15 00:00:00;23:00;2018-07-15 23:00:00;;;17.9;13.5;178.51749999999996;2.0;430.76312499999995
30622;2018-07-15 00:00:00;20:00;2018-07-15 20:00:00;;0.0;26.6;11.6;178.51749999999996;2.0;430.76312499999995
30622;2018-07-15 00:00:00;17:00;2018-07-15 17:00:00;;;27.9;11.6;178.51749999999996;2.0;430.76312499999995
30622;2018-07-15 00:00:00;14:00;2018-07-15 14:00:00;;;28.7;8.5;178.51749999999996;2.0;430.76312499999995
30622;2018-07-15 00:00:00;11:00;2018-07-15 11:00:00;;;23.0;13.7;178.51749999999996;2.0;430.76312499999995
30622;2018-07-15 00:00:00;08:00;2018-07-15 08:00:00;;0.0;14.6;11.5;178.51749999999996;2.0;430.76312499999995
30622;2018-07-15 00:00:00;05:00;2018-07-15 05:00:00;;;9.8;9.1;178.51749999999996;2.0;430.76312499999995
30622;2018-07-15 00:00:00;02:00;2018-07-15 02:00:00;;;13.1;11.4;178.51749999999996;2.0;430.76312499999995
30622;2018-07-14 00:00:00;23:00;2018-07-14 23:00:00;;;15.8;13.3;125.58937500000003;1.0;252.24562500000002
30622;2018-07-14 00:00:00;20:00;2018-07-14 20:00:00;;0.0;23.9;14.7;125.58937500000003;1.0;252.24562500000002
30622;2018-07-14 00:00:00;17:00;2018-07-14 17:00:00;;;26.5;10.3;125.58937500000003;1.0;252.24562500000002
30622;2018-07-14 00:00:00;14:00;2018-07-14 14:00:00;;;24.8;11.5;125.58937500000003;1.0;252.24562500000002
30622;2018-07-14 00:00:00;11:00;2018-07-14 11:00:00;;;21.0;13.7;125.58937500000003;1.0;252.24562500000002
30622;2018-07-14 00:00:00;08:00;2018-07-14 08:00:00;;0.0;15.4;11.8;125.58937500000003;1.0;252.24562500000002
30622;2018-07-14 00:00:00;05:00;2018-07-14 05:00:00;;;10.4;9.5;125.58937500000003;1.0;252.24562500000002
30622;2018-07-14 00:00:00;02:00;2018-07-14 02:00:00;;;11.6;10.8;125.58937500000003;1.0;252.24562500000002
30622;2018-07-13 00:00:00;23:00;2018-07-13 23:00:00;;;15.4;12.8;126.65625;0.0;126.65625
30622;2018-07-13 00:00:00;20:00;2018-07-13 20:00:00;;0.0;22.3;12.4;126.65625;0.0;126.65625
30622;2018-07-13 00:00:00;17:00;2018-07-13 17:00:00;;;24.8;10.7;126.65625;0.0;126.65625
30622;2018-07-13 00:00:00;14:00;2018-07-13 14:00:00;;;24.1;11.2;126.65625;0.0;126.65625
30622;2018-07-13 00:00:00;11:00;2018-07-13 11:00:00;;;19.9;12.4;126.65625;0.0;126.65625
30622;2018-07-13 00:00:00;08:00;2018-07-13 08:00:00;;3.0;17.5;14.7;126.65625;0.0;126.65625
30622;2018-07-13 00:00:00;05:00;2018-07-13 05:00:00;;;15.2;13.8;126.65625;0.0;126.65625
30622;2018-07-13 00:00:00;02:00;2018-07-13 02:00:00;;;15.2;13.9;126.65625;0.0;126.65625
30622;2018-12-07 00:00:00;23:00;2018-12-07 23:00:00;;;15.6;13.9;118.14749999999998;0.0;118.14749999999998
30622;2018-12-07 00:00:00;20:00;2018-12-07 20:00:00;;13.0;18.6;14.4;118.14749999999998;0.0;118.14749999999998
30622;2018-12-07 00:00:00;17:00;2018-12-07 17:00:00;;;22.0;10.6;118.14749999999998;0.0;118.14749999999998
30622;2018-12-07 00:00:00;14:00;2018-12-07 14:00:00;;;22.4;9.1;118.14749999999998;0.0;118.14749999999998
30622;2018-12-07 00:00:00;11:00;2018-12-07 11:00:00;;;18.6;10.9;118.14749999999998;0.0;118.14749999999998
30622;2018-12-07 00:00:00;08:00;2018-12-07 08:00:00;;0.0;14.8;10.4;118.14749999999998;0.0;118.14749999999998
30622;2018-12-07 00:00:00;05:00;2018-12-07 05:00:00;;;14.1;9.4;118.14749999999998;0.0;118.14749999999998
30622;2018-12-07 00:00:00;02:00;2018-12-07 02:00:00;;;15.5;9.5;118.14749999999998;0.0;118.14749999999998
30622;2018-11-07 00:00:00;23:00;2018-11-07 23:00:00;;;17.9;9.6;67.3621875;18.0;-45.773813775510035
30622;2018-11-07 00:00:00;20:00;2018-11-07 20:00:00;;0.0;18.8;10.3;67.3621875;18.0;-45.773813775510035
30622;2018-11-07 00:00:00;17:00;2018-11-07 17:00:00;;;19.2;11.3;67.3621875;18.0;-45.773813775510035
30622;2018-11-07 00:00:00;14:00;2018-11-07 14:00:00;;;17.8;12.1;67.3621875;18.0;-45.773813775510035
30622;2018-11-07 00:00:00;11:00;2018-11-07 11:00:00;;;15.5;10.1;67.3621875;18.0;-45.773813775510035
30622;2018-11-07 00:00:00;08:00;2018-11-07 08:00:00;;0.0;8.4;7.0;67.3621875;18.0;-45.773813775510035
30622;2018-11-07 00:00:00;05:00;2018-11-07 05:00:00;;;7.3;6.6;67.3621875;18.0;-45.773813775510035
30622;2018-11-07 00:00:00;02:00;2018-11-07 02:00:00;;;6.5;5.7;67.3621875;18.0;-45.773813775510035
30622;2018-10-07 00:00:00;23:00;2018-10-07 23:00:00;;;12.0;8.4;74.57609375;11.0;-75.00484374999978
30622;2018-10-07 00:00:00;20:00;2018-10-07 20:00:00;;0.0;16.8;7.5;74.57609375;11.0;-75.00484374999978
30622;2018-10-07 00:00:00;17:00;2018-10-07 17:00:00;;;17.0;7.5;74.57609375;11.0;-75.00484374999978
30622;2018-10-07 00:00:00;14:00;2018-10-07 14:00:00;;;17.1;6.5;74.57609375;11.0;-75.00484374999978
30622;2018-10-07 00:00:00;11:00;2018-10-07 11:00:00;;;14.5;8.1;74.57609375;11.0;-75.00484374999978
30622;2018-10-07 00:00:00;08:00;2018-10-07 08:00:00;;0.0;11.1;8.4;74.57609375;11.0;-75.00484374999978
30622;2018-10-07 00:00:00;05:00;2018-10-07 05:00:00;;;8.1;7.0;74.57609375;11.0;-75.00484374999978
30622;2018-10-07 00:00:00;02:00;2018-10-07 02:00:00;;;9.7;8.0;74.57609375;11.0;-75.00484374999978
30622;2018-09-07 00:00:00;23:00;2018-09-07 23:00:00;;;10.1;8.1;53.66640624999999;0.0;53.66640624999999
30622;2018-09-07 00:00:00;20:00;2018-09-07 20:00:00;;3.0;13.5;7.8;53.66640624999999;0.0;53.66640624999999
30622;2018-09-07 00:00:00;17:00;2018-09-07 17:00:00;;;14.2;7.8;53.66640624999999;0.0;53.66640624999999
30622;2018-09-07 00:00:00;14:00;2018-09-07 14:00:00;;;14.0;8.5;53.66640624999999;0.0;53.66640624999999
30622;2018-09-07 00:00:00;11:00;2018-09-07 11:00:00;;;11.1;8.6;53.66640624999999;0.0;53.66640624999999
30622;2018-09-07 00:00:00;08:00;2018-09-07 08:00:00;;0.0;11.2;6.8;53.66640624999999;0.0;53.66640624999999
30622;2018-09-07 00:00:00;05:00;2018-09-07 05:00:00;;;9.4;5.2;53.66640624999999;0.0;53.66640624999999
30622;2018-09-07 00:00:00;02:00;2018-09-07 02:00:00;;;10.6;4.8;53.66640624999999;0.0;53.66640624999999
30622;2018-08-07 00:00:00;23:00;2018-08-07 23:00:00;;;11.5;4.1;126.53578125000003;2.0;292.7746875000001
30622;2018-08-07 00:00:00;20:00;2018-08-07 20:00:00;;0.0;15.0;4.5;126.53578125000003;2.0;292.7746875000001
30622;2018-08-07 00:00:00;17:00;2018-08-07 17:00:00;;;18.7;3.4;126.53578125000003;2.0;292.7746875000001
30622;2018-08-07 00:00:00;14:00;2018-08-07 14:00:00;;;19.0;3.6;126.53578125000003;2.0;292.7746875000001
30622;2018-08-07 00:00:00;11:00;2018-08-07 11:00:00;;;17.6;4.9;126.53578125000003;2.0;292.7746875000001
30622;2018-08-07 00:00:00;08:00;2018-08-07 08:00:00;;0.0;11.5;8.3;126.53578125000003;2.0;292.7746875000001
30622;2018-08-07 00:00:00;05:00;2018-08-07 05:00:00;;;9.7;7.0;126.53578125000003;2.0;292.7746875000001
30622;2018-08-07 00:00:00;02:00;2018-08-07 02:00:00;;;10.9;7.0;126.53578125000003;2.0;292.7746875000001
30622;2018-07-07 00:00:00;23:00;2018-07-07 23:00:00;;;12.7;7.2;102.36562500000002;7.0;219.48593749999998
30622;2018-07-07 00:00:00;20:00;2018-07-07 20:00:00;;0.0;16.7;6.0;102.36562500000002;7.0;219.48593749999998
30622;2018-07-07 00:00:00;17:00;2018-07-07 17:00:00;;;19.0;4.3;102.36562500000002;7.0;219.48593749999998
30622;2018-07-07 00:00:00;14:00;2018-07-07 14:00:00;;;18.8;4.6;102.36562500000002;7.0;219.48593749999998
30622;2018-07-07 00:00:00;11:00;2018-07-07 11:00:00;;;15.7;5.3;102.36562500000002;7.0;219.48593749999998
30622;2018-07-07 00:00:00;08:00;2018-07-07 08:00:00;;0.0;8.2;6.3;102.36562500000002;7.0;219.48593749999998
30622;2018-07-07 00:00:00;05:00;2018-07-07 05:00:00;;;6.4;5.6;102.36562500000002;7.0;219.48593749999998
30622;2018-07-07 00:00:00;02:00;2018-07-07 02:00:00;;;9.9;7.1;102.36562500000002;7.0;219.48593749999998
30622;2018-06-07 00:00:00;23:00;2018-06-07 23:00:00;;;12.0;8.4;39.2728125;0.0;39.2728125
30622;2018-06-07 00:00:00;20:00;2018-06-07 20:00:00;;0.0;13.9;7.8;39.2728125;0.0;39.2728125
30622;2018-06-07 00:00:00;17:00;2018-06-07 17:00:00;;;13.9;8.5;39.2728125;0.0;39.2728125
30622;2018-06-07 00:00:00;14:00;2018-06-07 14:00:00;;;14.0;9.1;39.2728125;0.0;39.2728125
30622;2018-06-07 00:00:00;11:00;2018-06-07 11:00:00;;;12.0;9.4;39.2728125;0.0;39.2728125
30622;2018-06-07 00:00:00;08:00;2018-06-07 08:00:00;;12.0;10.7;9.5;39.2728125;0.0;39.2728125
30622;2018-06-07 00:00:00;05:00;2018-06-07 05:00:00;;;10.5;9.5;39.2728125;0.0;39.2728125
30622;2018-06-07 00:00:00;02:00;2018-06-07 02:00:00;;;10.8;9.9;39.2728125;0.0;39.2728125
30622;2018-05-07 00:00:00;23:00;2018-05-07 23:00:00;;;11.6;10.4;49.94718750000003;10.0;26.790312499999928
30622;2018-05-07 00:00:00;20:00;2018-05-07 20:00:00;;1.0;13.0;11.0;49.94718750000003;10.0;26.790312499999928
30622;2018-05-07 00:00:00;17:00;2018-05-07 17:00:00;;;14.2;11.6;49.94718750000003;10.0;26.790312499999928
30622;2018-05-07 00:00:00;14:00;2018-05-07 14:00:00;;;16.3;13.8;49.94718750000003;10.0;26.790312499999928
30622;2018-05-07 00:00:00;11:00;2018-05-07 11:00:00;;;21.7;14.1;49.94718750000003;10.0;26.790312499999928
30622;2018-05-07 00:00:00;08:00;2018-05-07 08:00:00;;0.0;17.9;13.4;49.94718750000003;10.0;26.790312499999928
30622;2018-05-07 00:00:00;05:00;2018-05-07 05:00:00;;;14.4;12.0;49.94718750000003;10.0;26.790312499999928
30622;2018-05-07 00:00:00;02:00;2018-05-07 02:00:00;;;14.8;11.8;49.94718750000003;10.0;26.790312499999928
30622;2018-04-07 00:00:00;23:00;2018-04-07 23:00:00;;;18.7;12.9;199.85624999999996;30.0;-532.2956250000002
30622;2018-04-07 00:00:00;20:00;2018-04-07 20:00:00;;0.0;26.1;12.0;199.85624999999996;30.0;-532.2956250000002
30622;2018-04-07 00:00:00;17:00;2018-04-07 17:00:00;;;29.5;8.6;199.85624999999996;30.0;-532.2956250000002
30622;2018-04-07 00:00:00;14:00;2018-04-07 14:00:00;;;29.3;8.5;199.85624999999996;30.0;-532.2956250000002
30622;2018-04-07 00:00:00;11:00;2018-04-07 11:00:00;;;23.4;13.5;199.85624999999996;30.0;-532.2956250000002
30622;2018-04-07 00:00:00;08:00;2018-04-07 08:00:00;;0.0;15.9;12.8;199.85624999999996;30.0;-532.2956250000002
30622;2018-04-07 00:00:00;05:00;2018-04-07 05:00:00;;;11.9;11.0;199.85624999999996;30.0;-532.2956250000002
30622;2018-04-07 00:00:00;02:00;2018-04-07 02:00:00;;;12.4;11.4;199.85624999999996;30.0;-532.2956250000002
30622;2018-03-07 00:00:00;23:00;2018-03-07 23:00:00;;;14.6;12.7;143.61843749999997;29.0;-1364.2209374999998
30622;2018-03-07 00:00:00;20:00;2018-03-07 20:00:00;;0.8;21.1;13.1;143.61843749999997;29.0;-1364.2209374999998
30622;2018-03-07 00:00:00;17:00;2018-03-07 17:00:00;;;26.7;8.8;143.61843749999997;29.0;-1364.2209374999998
30622;2018-03-07 00:00:00;14:00;2018-03-07 14:00:00;;;28.3;9.8;143.61843749999997;29.0;-1364.2209374999998
30622;2018-03-07 00:00:00;11:00;2018-03-07 11:00:00;;;22.2;12.8;143.61843749999997;29.0;-1364.2209374999998
30622;2018-03-07 00:00:00;08:00;2018-03-07 08:00:00;;0.0;15.8;11.6;143.61843749999997;29.0;-1364.2209374999998
30622;2018-03-07 00:00:00;05:00;2018-03-07 05:00:00;;;10.2;9.5;143.61843749999997;29.0;-1364.2209374999998
30622;2018-03-07 00:00:00;02:00;2018-03-07 02:00:00;;;10.8;10.0;143.61843749999997;29.0;-1364.2209374999998
30622;2018-02-07 00:00:00;23:00;2018-02-07 23:00:00;;;13.6;12.2;125.25593749999997;1.0;193.91999999999996
30622;2018-02-07 00:00:00;20:00;2018-02-07 20:00:00;;0.0;20.2;12.0;125.25593749999997;1.0;193.91999999999996
30622;2018-02-07 00:00:00;17:00;2018-02-07 17:00:00;;;22.6;10.5;125.25593749999997;1.0;193.91999999999996
30622;2018-02-07 00:00:00;14:00;2018-02-07 14:00:00;;;26.5;9.5;125.25593749999997;1.0;193.91999999999996
30622;2018-02-07 00:00:00;11:00;2018-02-07 11:00:00;;;22.8;13.1;125.25593749999997;1.0;193.91999999999996
30622;2018-02-07 00:00:00;08:00;2018-02-07 08:00:00;;0.0;15.9;11.4;125.25593749999997;1.0;193.91999999999996
30622;2018-02-07 00:00:00;05:00;2018-02-07 05:00:00;;;10.4;9.1;125.25593749999997;1.0;193.91999999999996
30622;2018-02-07 00:00:00;02:00;2018-02-07 02:00:00;;;12.7;11.5;125.25593749999997;1.0;193.91999999999996
30622;2018-01-07 00:00:00;23:00;2018-01-07 23:00:00;;;17.5;11.5;163.75624999999997;9.0;-217.94515624999997
30622;2018-01-07 00:00:00;20:00;2018-01-07 20:00:00;;0.0;24.2;7.4;163.75624999999997;9.0;-217.94515624999997
30622;2018-01-07 00:00:00;17:00;2018-01-07 17:00:00;;;28.1;9.4;163.75624999999997;9.0;-217.94515624999997
30622;2018-01-07 00:00:00;14:00;2018-01-07 14:00:00;;;25.0;10.8;163.75624999999997;9.0;-217.94515624999997
30622;2018-01-07 00:00:00;11:00;2018-01-07 11:00:00;;;21.4;13.8;163.75624999999997;9.0;-217.94515624999997
30622;2018-01-07 00:00:00;08:00;2018-01-07 08:00:00;;0.0;14.8;13.1;163.75624999999997;9.0;-217.94515624999997
30622;2018-01-07 00:00:00;05:00;2018-01-07 05:00:00;;;13.1;12.3;163.75624999999997;9.0;-217.94515624999997
30622;2018-01-07 00:00:00;02:00;2018-01-07 02:00:00;;;13.5;12.8;163.75624999999997;9.0;-217.94515624999997
30622;2018-06-30 00:00:00;23:00;2018-06-30 23:00:00;;;16.5;15.3;78.08609375000002;0.0;78.08609375000002
30622;2018-06-30 00:00:00;20:00;2018-06-30 20:00:00;;1.0;21.4;15.8;78.08609375000002;0.0;78.08609375000002
30622;2018-06-30 00:00:00;17:00;2018-06-30 17:00:00;;;21.0;17.1;78.08609375000002;0.0;78.08609375000002
30622;2018-06-30 00:00:00;14:00;2018-06-30 14:00:00;;;21.2;16.7;78.08609375000002;0.0;78.08609375000002
30622;2018-06-30 00:00:00;11:00;2018-06-30 11:00:00;;;19.9;14.9;78.08609375000002;0.0;78.08609375000002
30622;2018-06-30 00:00:00;08:00;2018-06-30 08:00:00;;3.0;16.7;15.1;78.08609375000002;0.0;78.08609375000002
30622;2018-06-30 00:00:00;05:00;2018-06-30 05:00:00;;;18.2;11.6;78.08609375000002;0.0;78.08609375000002
30622;2018-06-30 00:00:00;02:00;2018-06-30 02:00:00;;;17.0;12.5;78.08609375000002;0.0;78.08609375000002
30622;2018-06-29 00:00:00;23:00;2018-06-29 23:00:00;;;20.5;12.1;290.5040625;6.0;1352.0128124999999
30622;2018-06-29 00:00:00;20:00;2018-06-29 20:00:00;;;29.1;5.5;290.5040625;6.0;1352.0128124999999
30622;2018-06-29 00:00:00;17:00;2018-06-29 17:00:00;;;31.8;4.8;290.5040625;6.0;1352.0128124999999
30622;2018-06-29 00:00:00;14:00;2018-06-29 14:00:00;;;30.8;7.2;290.5040625;6.0;1352.0128124999999
30622;2018-06-29 00:00:00;11:00;2018-06-29 11:00:00;;;24.6;13.3;290.5040625;6.0;1352.0128124999999
30622;2018-06-29 00:00:00;08:00;2018-06-29 08:00:00;;0.0;17.3;10.4;290.5040625;6.0;1352.0128124999999
30622;2018-06-29 00:00:00;05:00;2018-06-29 05:00:00;;;10.6;9.6;290.5040625;6.0;1352.0128124999999
30622;2018-06-29 00:00:00;02:00;2018-06-29 02:00:00;;;13.9;11.6;290.5040625;6.0;1352.0128124999999
30622;2018-06-28 00:00:00;23:00;2018-06-28 23:00:00;;;20.0;16.6;174.01796875;5.0;1061.50875
30622;2018-06-28 00:00:00;20:00;2018-06-28 20:00:00;;0.4;26.6;17.0;174.01796875;5.0;1061.50875
30622;2018-06-28 00:00:00;17:00;2018-06-28 17:00:00;;;27.5;18.1;174.01796875;5.0;1061.50875
30622;2018-06-28 00:00:00;14:00;2018-06-28 14:00:00;;;25.3;14.1;174.01796875;5.0;1061.50875
30622;2018-06-28 00:00:00;11:00;2018-06-28 11:00:00;;;25.0;13.3;174.01796875;5.0;1061.50875
30622;2018-06-28 00:00:00;08:00;2018-06-28 08:00:00;;0.0;17.4;11.9;174.01796875;5.0;1061.50875
30622;2018-06-28 00:00:00;05:00;2018-06-28 05:00:00;;;16.1;10.8;174.01796875;5.0;1061.50875
30622;2018-06-28 00:00:00;02:00;2018-06-28 02:00:00;;;18.6;11.6;174.01796875;5.0;1061.50875
30622;2018-06-27 00:00:00;23:00;2018-06-27 23:00:00;;;20.0;12.9;287.2;4.0;887.49078125
30622;2018-06-27 00:00:00;20:00;2018-06-27 20:00:00;;0.0;31.3;7.2;287.2;4.0;887.49078125
30622;2018-06-27 00:00:00;17:00;2018-06-27 17:00:00;;;33.2;7.4;287.2;4.0;887.49078125
30622;2018-06-27 00:00:00;14:00;2018-06-27 14:00:00;;;31.4;9.0;287.2;4.0;887.49078125
30622;2018-06-27 00:00:00;11:00;2018-06-27 11:00:00;;;24.2;12.3;287.2;4.0;887.49078125
30622;2018-06-27 00:00:00;08:00;2018-06-27 08:00:00;;0.0;16.1;10.6;287.2;4.0;887.49078125
30622;2018-06-27 00:00:00;05:00;2018-06-27 05:00:00;;;10.4;8.5;287.2;4.0;887.49078125
30622;2018-06-27 00:00:00;02:00;2018-06-27 02:00:00;;;12.9;9.2;287.2;4.0;887.49078125
30622;2018-06-26 00:00:00;23:00;2018-06-26 23:00:00;;;17.2;10.9;287.60062500000004;3.0;600.29078125
30622;2018-06-26 00:00:00;20:00;2018-06-26 20:00:00;;0.0;28.7;5.3;287.60062500000004;3.0;600.29078125
30622;2018-06-26 00:00:00;17:00;2018-06-26 17:00:00;;;30.0;5.3;287.60062500000004;3.0;600.29078125
30622;2018-06-26 00:00:00;14:00;2018-06-26 14:00:00;;;28.5;7.9;287.60062500000004;3.0;600.29078125
30622;2018-06-26 00:00:00;11:00;2018-06-26 11:00:00;;;25.4;12.5;287.60062500000004;3.0;600.29078125
30622;2018-06-26 00:00:00;08:00;2018-06-26 08:00:00;;0.0;18.5;12.3;287.60062500000004;3.0;600.29078125
30622;2018-06-26 00:00:00;05:00;2018-06-26 05:00:00;;;14.3;11.3;287.60062500000004;3.0;600.29078125
30622;2018-06-26 00:00:00;02:00;2018-06-26 02:00:00;;;16.8;11.3;287.60062500000004;3.0;600.29078125
30622;2018-06-25 00:00:00;23:00;2018-06-25 23:00:00;;;18.4;12.5;155.284375;2.0;312.69015625
30622;2018-06-25 00:00:00;20:00;2018-06-25 20:00:00;;0.5;21.1;12.7;155.284375;2.0;312.69015625
30622;2018-06-25 00:00:00;17:00;2018-06-25 17:00:00;;;21.5;11.8;155.284375;2.0;312.69015625
30622;2018-06-25 00:00:00;14:00;2018-06-25 14:00:00;;;20.9;12.8;155.284375;2.0;312.69015625
30622;2018-06-25 00:00:00;11:00;2018-06-25 11:00:00;;;24.1;10.2;155.284375;2.0;312.69015625
30622;2018-06-25 00:00:00;08:00;2018-06-25 08:00:00;;0.0;19.0;12.0;155.284375;2.0;312.69015625
30622;2018-06-25 00:00:00;05:00;2018-06-25 05:00:00;;;15.7;11.2;155.284375;2.0;312.69015625
30622;2018-06-25 00:00:00;02:00;2018-06-25 02:00:00;;;17.3;11.9;155.284375;2.0;312.69015625
30622;2018-06-24 00:00:00;23:00;2018-06-24 23:00:00;;;17.5;12.7;82.60312499999999;1.0;157.40578124999996
30622;2018-06-24 00:00:00;20:00;2018-06-24 20:00:00;;0.7;19.0;12.7;82.60312499999999;1.0;157.40578124999996
30622;2018-06-24 00:00:00;17:00;2018-06-24 17:00:00;;;19.5;12.9;82.60312499999999;1.0;157.40578124999996
30622;2018-06-24 00:00:00;14:00;2018-06-24 14:00:00;;;17.6;12.5;82.60312499999999;1.0;157.40578124999996
30622;2018-06-24 00:00:00;11:00;2018-06-24 11:00:00;;;22.7;11.7;82.60312499999999;1.0;157.40578124999996
30622;2018-06-24 00:00:00;08:00;2018-06-24 08:00:00;;0.0;13.9;10.4;82.60312499999999;1.0;157.40578124999996
30622;2018-06-24 00:00:00;05:00;2018-06-24 05:00:00;;;11.0;10.1;82.60312499999999;1.0;157.40578124999996
30622;2018-06-24 00:00:00;02:00;2018-06-24 02:00:00;;;12.3;10.9;82.60312499999999;1.0;157.40578124999996
30622;2018-06-23 00:00:00;23:00;2018-06-23 23:00:00;;;14.0;11.5;74.80265624999997;0.0;74.80265624999997
30622;2018-06-23 00:00:00;20:00;2018-06-23 20:00:00;;0.5;16.8;13.4;74.80265624999997;0.0;74.80265624999997
30622;2018-06-23 00:00:00;17:00;2018-06-23 17:00:00;;;17.9;12.7;74.80265624999997;0.0;74.80265624999997
30622;2018-06-23 00:00:00;14:00;2018-06-23 14:00:00;;;21.7;10.0;74.80265624999997;0.0;74.80265624999997
30622;2018-06-23 00:00:00;11:00;2018-06-23 11:00:00;;;21.7;11.2;74.80265624999997;0.0;74.80265624999997
30622;2018-06-23 00:00:00;08:00;2018-06-23 08:00:00;;6.0;14.5;13.8;74.80265624999997;0.0;74.80265624999997
30622;2018-06-23 00:00:00;05:00;2018-06-23 05:00:00;;;13.1;12.4;74.80265624999997;0.0;74.80265624999997
30622;2018-06-23 00:00:00;02:00;2018-06-23 02:00:00;;;14.4;13.4;74.80265624999997;0.0;74.80265624999997
30622;2018-06-22 00:00:00;23:00;2018-06-22 23:00:00;;;15.2;13.8;178.04046875000003;14.0;1919.8190624999997
30622;2018-06-22 00:00:00;20:00;2018-06-22 20:00:00;;0.0;22.3;12.3;178.04046875000003;14.0;1919.8190624999997
30622;2018-06-22 00:00:00;17:00;2018-06-22 17:00:00;;;26.5;9.0;178.04046875000003;14.0;1919.8190624999997
30622;2018-06-22 00:00:00;14:00;2018-06-22 14:00:00;;;27.7;9.6;178.04046875000003;14.0;1919.8190624999997
30622;2018-06-22 00:00:00;11:00;2018-06-22 11:00:00;;;23.9;12.6;178.04046875000003;14.0;1919.8190624999997
30622;2018-06-22 00:00:00;08:00;2018-06-22 08:00:00;;0.0;18.5;13.1;178.04046875000003;14.0;1919.8190624999997
30622;2018-06-22 00:00:00;05:00;2018-06-22 05:00:00;;;14.0;12.1;178.04046875000003;14.0;1919.8190624999997
30622;2018-06-22 00:00:00;02:00;2018-06-22 02:00:00;;;16.8;13.3;178.04046875000003;14.0;1919.8190624999997
30622;2018-06-21 00:00:00;23:00;2018-06-21 23:00:00;;;17.9;13.4;164.24296875000002;13.0;1741.7785937499998
30622;2018-06-21 00:00:00;20:00;2018-06-21 20:00:00;;0.0;24.1;12.8;164.24296875000002;13.0;1741.7785937499998
30622;2018-06-21 00:00:00;17:00;2018-06-21 17:00:00;;;25.5;12.2;164.24296875000002;13.0;1741.7785937499998
30622;2018-06-21 00:00:00;14:00;2018-06-21 14:00:00;;;29.2;12.8;164.24296875000002;13.0;1741.7785937499998
30622;2018-06-21 00:00:00;11:00;2018-06-21 11:00:00;;;22.5;14.3;164.24296875000002;13.0;1741.7785937499998
30622;2018-06-21 00:00:00;08:00;2018-06-21 08:00:00;;0.0;17.2;12.3;164.24296875000002;13.0;1741.7785937499998
30622;2018-06-21 00:00:00;05:00;2018-06-21 05:00:00;;;13.9;11.7;164.24296875000002;13.0;1741.7785937499998
30622;2018-06-21 00:00:00;02:00;2018-06-21 02:00:00;;;14.2;11.1;164.24296875000002;13.0;1741.7785937499998
30622;2018-06-20 00:00:00;23:00;2018-06-20 23:00:00;;;17.1;10.2;160.93187500000002;12.0;1577.5356249999998
30622;2018-06-20 00:00:00;20:00;2018-06-20 20:00:00;;0.0;22.8;11.2;160.93187500000002;12.0;1577.5356249999998
30622;2018-06-20 00:00:00;17:00;2018-06-20 17:00:00;;;23.9;11.9;160.93187500000002;12.0;1577.5356249999998
30622;2018-06-20 00:00:00;14:00;2018-06-20 14:00:00;;;22.9;7.3;160.93187500000002;12.0;1577.5356249999998
30622;2018-06-20 00:00:00;11:00;2018-06-20 11:00:00;;;19.7;7.0;160.93187500000002;12.0;1577.5356249999998
30622;2018-06-20 00:00:00;08:00;2018-06-20 08:00:00;;0.0;12.3;5.1;160.93187500000002;12.0;1577.5356249999998
30622;2018-06-20 00:00:00;05:00;2018-06-20 05:00:00;;;8.0;4.1;160.93187500000002;12.0;1577.5356249999998
30622;2018-06-20 00:00:00;02:00;2018-06-20 02:00:00;;;9.9;4.4;160.93187500000002;12.0;1577.5356249999998
30622;2018-06-19 00:00:00;23:00;2018-06-19 23:00:00;;;18.6;-0.5;260.81453124999996;11.0;1416.6037499999998
30622;2018-06-19 00:00:00;20:00;2018-06-19 20:00:00;;0.0;26.4;8.0;260.81453124999996;11.0;1416.6037499999998
30622;2018-06-19 00:00:00;17:00;2018-06-19 17:00:00;;;29.6;1.9;260.81453124999996;11.0;1416.6037499999998
30622;2018-06-19 00:00:00;14:00;2018-06-19 14:00:00;;;28.5;3.9;260.81453124999996;11.0;1416.6037499999998
30622;2018-06-19 00:00:00;11:00;2018-06-19 11:00:00;;;22.9;11.1;260.81453124999996;11.0;1416.6037499999998
30622;2018-06-19 00:00:00;08:00;2018-06-19 08:00:00;;0.0;12.8;8.8;260.81453124999996;11.0;1416.6037499999998
30622;2018-06-19 00:00:00;05:00;2018-06-19 05:00:00;;;6.6;5.8;260.81453124999996;11.0;1416.6037499999998
30622;2018-06-19 00:00:00;02:00;2018-06-19 02:00:00;;;9.3;7.8;260.81453124999996;11.0;1416.6037499999998
30622;2018-06-18 00:00:00;23:00;2018-06-18 23:00:00;;;15.1;9.3;175.06765624999997;10.0;1155.78921875
30622;2018-06-18 00:00:00;20:00;2018-06-18 20:00:00;;0.3;23.4;10.0;175.06765624999997;10.0;1155.78921875
30622;2018-06-18 00:00:00;17:00;2018-06-18 17:00:00;;;22.6;10.3;175.06765624999997;10.0;1155.78921875
30622;2018-06-18 00:00:00;14:00;2018-06-18 14:00:00;;;26.3;5.0;175.06765624999997;10.0;1155.78921875
30622;2018-06-18 00:00:00;11:00;2018-06-18 11:00:00;;;22.8;9.2;175.06765624999997;10.0;1155.78921875
30622;2018-06-18 00:00:00;08:00;2018-06-18 08:00:00;;0.0;14.2;8.8;175.06765624999997;10.0;1155.78921875
30622;2018-06-18 00:00:00;05:00;2018-06-18 05:00:00;;;9.2;7.3;175.06765624999997;10.0;1155.78921875
30622;2018-06-18 00:00:00;02:00;2018-06-18 02:00:00;;;12.1;8.9;175.06765624999997;10.0;1155.78921875
30622;2018-06-17 00:00:00;23:00;2018-06-17 23:00:00;;;13.8;8.6;79.09812500000002;9.0;980.7215625
30622;2018-06-17 00:00:00;20:00;2018-06-17 20:00:00;;0.4;14.0;10.2;79.09812500000002;9.0;980.7215625
30622;2018-06-17 00:00:00;17:00;2018-06-17 17:00:00;;;17.8;10.2;79.09812500000002;9.0;980.7215625
30622;2018-06-17 00:00:00;14:00;2018-06-17 14:00:00;;;20.4;6.7;79.09812500000002;9.0;980.7215625
30622;2018-06-17 00:00:00;11:00;2018-06-17 11:00:00;;;18.2;8.4;79.09812500000002;9.0;980.7215625
30622;2018-06-17 00:00:00;08:00;2018-06-17 08:00:00;;0.0;10.7;6.9;79.09812500000002;9.0;980.7215625
30622;2018-06-17 00:00:00;05:00;2018-06-17 05:00:00;;;5.8;4.8;79.09812500000002;9.0;980.7215625
30622;2018-06-17 00:00:00;02:00;2018-06-17 02:00:00;;;7.7;5.9;79.09812500000002;9.0;980.7215625
30622;2018-06-16 00:00:00;23:00;2018-06-16 23:00:00;;;11.0;6.9;196.5625;8.0;901.6234375
30622;2018-06-16 00:00:00;20:00;2018-06-16 20:00:00;;0.0;18.5;6.0;196.5625;8.0;901.6234375
30622;2018-06-16 00:00:00;17:00;2018-06-16 17:00:00;;;23.3;5.0;196.5625;8.0;901.6234375
30622;2018-06-16 00:00:00;14:00;2018-06-16 14:00:00;;;23.4;7.6;196.5625;8.0;901.6234375
30622;2018-06-16 00:00:00;11:00;2018-06-16 11:00:00;;;19.5;10.4;196.5625;8.0;901.6234375
30622;2018-06-16 00:00:00;08:00;2018-06-16 08:00:00;;0.0;17.1;11.4;196.5625;8.0;901.6234375
30622;2018-06-16 00:00:00;05:00;2018-06-16 05:00:00;;;16.2;10.7;196.5625;8.0;901.6234375
30622;2018-06-16 00:00:00;02:00;2018-06-16 02:00:00;;;19.0;5.0;196.5625;8.0;901.6234375
30622;2018-06-15 00:00:00;23:00;2018-06-15 23:00:00;;;20.4;3.0;332.83343750000006;7.0;705.0609375
30622;2018-06-15 00:00:00;20:00;2018-06-15 20:00:00;;0.0;24.2;1.2;332.83343750000006;7.0;705.0609375
30622;2018-06-15 00:00:00;17:00;2018-06-15 17:00:00;;;27.6;0.5;332.83343750000006;7.0;705.0609375
30622;2018-06-15 00:00:00;14:00;2018-06-15 14:00:00;;;28.3;1.3;332.83343750000006;7.0;705.0609375
30622;2018-06-15 00:00:00;11:00;2018-06-15 11:00:00;;;22.3;5.9;332.83343750000006;7.0;705.0609375
30622;2018-06-15 00:00:00;08:00;2018-06-15 08:00:00;;0.0;16.0;5.6;332.83343750000006;7.0;705.0609375
30622;2018-06-15 00:00:00;05:00;2018-06-15 05:00:00;;;8.9;4.8;332.83343750000006;7.0;705.0609375
30622;2018-06-15 00:00:00;02:00;2018-06-15 02:00:00;;;12.1;4.2;332.83343750000006;7.0;705.0609375
30622;2018-06-14 00:00:00;23:00;2018-06-14 23:00:00;;;18.6;5.0;277.51953125;6.0;372.22749999999996
30622;2018-06-14 00:00:00;20:00;2018-06-14 20:00:00;;0.0;25.7;-0.6;277.51953125;6.0;372.22749999999996
30622;2018-06-14 00:00:00;17:00;2018-06-14 17:00:00;;;28.0;1.1;277.51953125;6.0;372.22749999999996
30622;2018-06-14 00:00:00;14:00;2018-06-14 14:00:00;;;27.8;5.8;277.51953125;6.0;372.22749999999996
30622;2018-06-14 00:00:00;11:00;2018-06-14 11:00:00;;;23.1;11.2;277.51953125;6.0;372.22749999999996
30622;2018-06-14 00:00:00;08:00;2018-06-14 08:00:00;;0.0;16.2;11.0;277.51953125;6.0;372.22749999999996
30622;2018-06-14 00:00:00;05:00;2018-06-14 05:00:00;;;10.2;9.1;277.51953125;6.0;372.22749999999996
30622;2018-06-14 00:00:00;02:00;2018-06-14 02:00:00;;;12.9;10.6;277.51953125;6.0;372.22749999999996
30622;2018-06-13 00:00:00;23:00;2018-06-13 23:00:00;;;18.1;11.2;136.79437500000003;5.0;94.70796874999996
30622;2018-06-13 00:00:00;20:00;2018-06-13 20:00:00;;0.0;23.7;9.8;136.79437500000003;5.0;94.70796874999996
30622;2018-06-13 00:00:00;17:00;2018-06-13 17:00:00;;;26.1;9.7;136.79437500000003;5.0;94.70796874999996
30622;2018-06-13 00:00:00;14:00;2018-06-13 14:00:00;;;24.6;11.4;136.79437500000003;5.0;94.70796874999996
30622;2018-06-13 00:00:00;11:00;2018-06-13 11:00:00;;;20.5;13.9;136.79437500000003;5.0;94.70796874999996
30622;2018-06-13 00:00:00;08:00;2018-06-13 08:00:00;;2.0;12.9;12.3;136.79437500000003;5.0;94.70796874999996
30622;2018-06-13 00:00:00;05:00;2018-06-13 05:00:00;;;10.4;9.9;136.79437500000003;5.0;94.70796874999996
30622;2018-06-13 00:00:00;02:00;2018-06-13 02:00:00;;;13.1;12.6;136.79437500000003;5.0;94.70796874999996
30622;2018-12-06 00:00:00;23:00;2018-12-06 23:00:00;;;15.2;13.7;84.01968749999996;0.0;84.01968749999996
30622;2018-12-06 00:00:00;20:00;2018-12-06 20:00:00;;7.0;19.9;13.5;84.01968749999996;0.0;84.01968749999996
30622;2018-12-06 00:00:00;17:00;2018-12-06 17:00:00;;;20.2;14.5;84.01968749999996;0.0;84.01968749999996
30622;2018-12-06 00:00:00;14:00;2018-12-06 14:00:00;;;24.8;9.2;84.01968749999996;0.0;84.01968749999996
30622;2018-12-06 00:00:00;11:00;2018-12-06 11:00:00;;;20.4;12.5;84.01968749999996;0.0;84.01968749999996
30622;2018-12-06 00:00:00;08:00;2018-12-06 08:00:00;;0.0;12.1;9.8;84.01968749999996;0.0;84.01968749999996
30622;2018-12-06 00:00:00;05:00;2018-12-06 05:00:00;;;7.4;6.8;84.01968749999996;0.0;84.01968749999996
30622;2018-12-06 00:00:00;02:00;2018-12-06 02:00:00;;;10.2;8.9;84.01968749999996;0.0;84.01968749999996
30622;2018-11-06 00:00:00;23:00;2018-11-06 23:00:00;;;13.4;11.0;93.56859375000002;17.0;-113.13600127551004
30622;2018-11-06 00:00:00;20:00;2018-11-06 20:00:00;;0.0;21.3;10.8;93.56859375000002;17.0;-113.13600127551004
30622;2018-11-06 00:00:00;17:00;2018-11-06 17:00:00;;;20.2;11.5;93.56859375000002;17.0;-113.13600127551004
30622;2018-11-06 00:00:00;14:00;2018-11-06 14:00:00;;;21.6;8.9;93.56859375000002;17.0;-113.13600127551004
30622;2018-11-06 00:00:00;11:00;2018-11-06 11:00:00;;;17.8;11.4;93.56859375000002;17.0;-113.13600127551004
30622;2018-11-06 00:00:00;08:00;2018-11-06 08:00:00;;1.0;12.4;10.1;93.56859375000002;17.0;-113.13600127551004
30622;2018-11-06 00:00:00;05:00;2018-11-06 05:00:00;;;11.4;9.9;93.56859375000002;17.0;-113.13600127551004
30622;2018-11-06 00:00:00;02:00;2018-11-06 02:00:00;;;11.8;10.2;93.56859375000002;17.0;-113.13600127551004
30622;2018-10-06 00:00:00;23:00;2018-10-06 23:00:00;;;12.9;11.1;66.22000000000001;10.0;-149.58093749999978
30622;2018-10-06 00:00:00;20:00;2018-10-06 20:00:00;;1.0;17.5;9.5;66.22000000000001;10.0;-149.58093749999978
30622;2018-10-06 00:00:00;17:00;2018-10-06 17:00:00;;;18.6;10.9;66.22000000000001;10.0;-149.58093749999978
30622;2018-10-06 00:00:00;14:00;2018-10-06 14:00:00;;;17.7;7.8;66.22000000000001;10.0;-149.58093749999978
30622;2018-10-06 00:00:00;11:00;2018-10-06 11:00:00;;;16.8;12.3;66.22000000000001;10.0;-149.58093749999978
30622;2018-10-06 00:00:00;08:00;2018-10-06 08:00:00;;0.0;12.5;10.9;66.22000000000001;10.0;-149.58093749999978
30622;2018-10-06 00:00:00;05:00;2018-10-06 05:00:00;;;11.5;10.9;66.22000000000001;10.0;-149.58093749999978
30622;2018-10-06 00:00:00;02:00;2018-10-06 02:00:00;;;12.9;11.8;66.22000000000001;10.0;-149.58093749999978
30622;2018-09-06 00:00:00;23:00;2018-09-06 23:00:00;;;14.7;12.3;89.85812499999997;0.0;89.85812499999997
30622;2018-09-06 00:00:00;20:00;2018-09-06 20:00:00;;2.0;16.5;12.8;89.85812499999997;0.0;89.85812499999997
30622;2018-09-06 00:00:00;17:00;2018-09-06 17:00:00;;;16.3;12.2;89.85812499999997;0.0;89.85812499999997
30622;2018-09-06 00:00:00;14:00;2018-09-06 14:00:00;;;25.5;7.5;89.85812499999997;0.0;89.85812499999997
30622;2018-09-06 00:00:00;11:00;2018-09-06 11:00:00;;;21.6;10.7;89.85812499999997;0.0;89.85812499999997
30622;2018-09-06 00:00:00;08:00;2018-09-06 08:00:00;;3.0;14.9;12.3;89.85812499999997;0.0;89.85812499999997
30622;2018-09-06 00:00:00;05:00;2018-09-06 05:00:00;;;10.4;9.6;89.85812499999997;0.0;89.85812499999997
30622;2018-09-06 00:00:00;02:00;2018-09-06 02:00:00;;;11.7;10.5;89.85812499999997;0.0;89.85812499999997
30622;2018-08-06 00:00:00;23:00;2018-08-06 23:00:00;;;14.8;12.4;155.18250000000003;1.0;166.23890625000004
30622;2018-08-06 00:00:00;20:00;2018-08-06 20:00:00;;0.0;23.6;7.0;155.18250000000003;1.0;166.23890625000004
30622;2018-08-06 00:00:00;17:00;2018-08-06 17:00:00;;;26.4;7.1;155.18250000000003;1.0;166.23890625000004
30622;2018-08-06 00:00:00;14:00;2018-08-06 14:00:00;;;21.9;10.3;155.18250000000003;1.0;166.23890625000004
30622;2018-08-06 00:00:00;11:00;2018-08-06 11:00:00;;;18.5;9.1;155.18250000000003;1.0;166.23890625000004
30622;2018-08-06 00:00:00;08:00;2018-08-06 08:00:00;;0.0;12.1;7.3;155.18250000000003;1.0;166.23890625000004
30622;2018-08-06 00:00:00;05:00;2018-08-06 05:00:00;;;7.6;4.7;155.18250000000003;1.0;166.23890625000004
30622;2018-08-06 00:00:00;02:00;2018-08-06 02:00:00;;;11.9;6.3;155.18250000000003;1.0;166.23890625000004
30622;2018-07-06 00:00:00;23:00;2018-07-06 23:00:00;;;13.9;7.3;215.32546874999997;6.0;117.12031249999995
30622;2018-07-06 00:00:00;20:00;2018-07-06 20:00:00;;0.0;20.8;4.9;215.32546874999997;6.0;117.12031249999995
30622;2018-07-06 00:00:00;17:00;2018-07-06 17:00:00;;;24.0;3.3;215.32546874999997;6.0;117.12031249999995
30622;2018-07-06 00:00:00;14:00;2018-07-06 14:00:00;;;23.6;2.3;215.32546874999997;6.0;117.12031249999995
30622;2018-07-06 00:00:00;11:00;2018-07-06 11:00:00;;;21.1;6.3;215.32546874999997;6.0;117.12031249999995
30622;2018-07-06 00:00:00;08:00;2018-07-06 08:00:00;;0.0;14.2;9.3;215.32546874999997;6.0;117.12031249999995
30622;2018-07-06 00:00:00;05:00;2018-07-06 05:00:00;;;12.6;8.2;215.32546874999997;6.0;117.12031249999995
30622;2018-07-06 00:00:00;02:00;2018-07-06 02:00:00;;;13.5;6.2;215.32546874999997;6.0;117.12031249999995
30622;2018-06-06 00:00:00;23:00;2018-06-06 23:00:00;;;15.9;4.7;237.35140624999997;12.0;1455.97859375
30622;2018-06-06 00:00:00;20:00;2018-06-06 20:00:00;;0.0;21.1;1.5;237.35140624999997;12.0;1455.97859375
30622;2018-06-06 00:00:00;17:00;2018-06-06 17:00:00;;;23.5;0.2;237.35140624999997;12.0;1455.97859375
30622;2018-06-06 00:00:00;14:00;2018-06-06 14:00:00;;;24.8;1.0;237.35140624999997;12.0;1455.97859375
30622;2018-06-06 00:00:00;11:00;2018-06-06 11:00:00;;;21.2;5.2;237.35140624999997;12.0;1455.97859375
30622;2018-06-06 00:00:00;08:00;2018-06-06 08:00:00;;0.0;13.2;6.9;237.35140624999997;12.0;1455.97859375
30622;2018-06-06 00:00:00;05:00;2018-06-06 05:00:00;;;10.1;7.2;237.35140624999997;12.0;1455.97859375
30622;2018-06-06 00:00:00;02:00;2018-06-06 02:00:00;;;12.3;8.5;237.35140624999997;12.0;1455.97859375
30622;2018-05-06 00:00:00;23:00;2018-05-06 23:00:00;;;14.8;8.5;129.00750000000002;9.0;-23.1568750000001
30622;2018-05-06 00:00:00;20:00;2018-05-06 20:00:00;;0.0;17.3;7.7;129.00750000000002;9.0;-23.1568750000001
30622;2018-05-06 00:00:00;17:00;2018-05-06 17:00:00;;;19.8;6.8;129.00750000000002;9.0;-23.1568750000001
30622;2018-05-06 00:00:00;14:00;2018-05-06 14:00:00;;;20.0;7.6;129.00750000000002;9.0;-23.1568750000001
30622;2018-05-06 00:00:00;11:00;2018-05-06 11:00:00;;;13.6;7.4;129.00750000000002;9.0;-23.1568750000001
30622;2018-05-06 00:00:00;08:00;2018-05-06 08:00:00;;0.0;12.4;7.0;129.00750000000002;9.0;-23.1568750000001
30622;2018-05-06 00:00:00;05:00;2018-05-06 05:00:00;;;12.8;7.2;129.00750000000002;9.0;-23.1568750000001
30622;2018-05-06 00:00:00;02:00;2018-05-06 02:00:00;;;12.9;4.6;129.00750000000002;9.0;-23.1568750000001
30622;2018-04-06 00:00:00;23:00;2018-04-06 23:00:00;;;13.8;3.5;182.18171875000004;29.0;-732.1518750000001
30622;2018-04-06 00:00:00;20:00;2018-04-06 20:00:00;;0.0;20.1;1.5;182.18171875000004;29.0;-732.1518750000001
30622;2018-04-06 00:00:00;17:00;2018-04-06 17:00:00;;;23.0;0.4;182.18171875000004;29.0;-732.1518750000001
30622;2018-04-06 00:00:00;14:00;2018-04-06 14:00:00;;;22.3;-0.2;182.18171875000004;29.0;-732.1518750000001
30622;2018-04-06 00:00:00;11:00;2018-04-06 11:00:00;;;18.1;3.6;182.18171875000004;29.0;-732.1518750000001
30622;2018-04-06 00:00:00;08:00;2018-04-06 08:00:00;;0.0;9.9;3.1;182.18171875000004;29.0;-732.1518750000001
30622;2018-04-06 00:00:00;05:00;2018-04-06 05:00:00;;;2.1;-0.1;182.18171875000004;29.0;-732.1518750000001
30622;2018-04-06 00:00:00;02:00;2018-04-06 02:00:00;;;5.8;2.0;182.18171875000004;29.0;-732.1518750000001
30622;2018-03-06 00:00:00;23:00;2018-03-06 23:00:00;;;9.4;2.7;126.45859374999999;28.0;-1507.8393749999998
30622;2018-03-06 00:00:00;20:00;2018-03-06 20:00:00;;0.0;18.9;1.8;126.45859374999999;28.0;-1507.8393749999998
30622;2018-03-06 00:00:00;17:00;2018-03-06 17:00:00;;;20.0;2.1;126.45859374999999;28.0;-1507.8393749999998
30622;2018-03-06 00:00:00;14:00;2018-03-06 14:00:00;;;17.9;1.8;126.45859374999999;28.0;-1507.8393749999998
30622;2018-03-06 00:00:00;11:00;2018-03-06 11:00:00;;;15.5;1.0;126.45859374999999;28.0;-1507.8393749999998
30622;2018-03-06 00:00:00;08:00;2018-03-06 08:00:00;;0.0;10.7;6.4;126.45859374999999;28.0;-1507.8393749999998
30622;2018-03-06 00:00:00;05:00;2018-03-06 05:00:00;;;3.4;2.7;126.45859374999999;28.0;-1507.8393749999998
30622;2018-03-06 00:00:00;02:00;2018-03-06 02:00:00;;;7.3;6.1;126.45859374999999;28.0;-1507.8393749999998
30622;2018-02-06 00:00:00;23:00;2018-02-06 23:00:00;;;10.5;8.5;68.6640625;0.0;68.6640625
30622;2018-02-06 00:00:00;20:00;2018-02-06 20:00:00;;0.4;14.5;8.9;68.6640625;0.0;68.6640625
30622;2018-02-06 00:00:00;17:00;2018-02-06 17:00:00;;;18.9;3.9;68.6640625;0.0;68.6640625
30622;2018-02-06 00:00:00;14:00;2018-02-06 14:00:00;;;17.8;4.1;68.6640625;0.0;68.6640625
30622;2018-02-06 00:00:00;11:00;2018-02-06 11:00:00;;;14.7;6.6;68.6640625;0.0;68.6640625
30622;2018-02-06 00:00:00;08:00;2018-02-06 08:00:00;;3.0;5.8;5.1;68.6640625;0.0;68.6640625
30622;2018-02-06 00:00:00;05:00;2018-02-06 05:00:00;;;4.8;4.1;68.6640625;0.0;68.6640625
30622;2018-02-06 00:00:00;02:00;2018-02-06 02:00:00;;;6.5;5.3;68.6640625;0.0;68.6640625
30622;2018-01-06 00:00:00;23:00;2018-01-06 23:00:00;;;6.8;5.6;76.33515625;8.0;-381.70140624999993
30622;2018-01-06 00:00:00;20:00;2018-01-06 20:00:00;;0.0;9.3;5.9;76.33515625;8.0;-381.70140624999993
30622;2018-01-06 00:00:00;17:00;2018-01-06 17:00:00;;;12.6;5.2;76.33515625;8.0;-381.70140624999993
30622;2018-01-06 00:00:00;14:00;2018-01-06 14:00:00;;;15.8;7.0;76.33515625;8.0;-381.70140624999993
30622;2018-01-06 00:00:00;11:00;2018-01-06 11:00:00;;;19.0;6.5;76.33515625;8.0;-381.70140624999993
30622;2018-01-06 00:00:00;08:00;2018-01-06 08:00:00;;0.0;15.8;7.9;76.33515625;8.0;-381.70140624999993
30622;2018-01-06 00:00:00;05:00;2018-01-06 05:00:00;;;8.4;5.4;76.33515625;8.0;-381.70140624999993
30622;2018-01-06 00:00:00;02:00;2018-01-06 02:00:00;;;11.8;6.9;76.33515625;8.0;-381.70140624999993
30622;2018-05-31 00:00:00;23:00;2018-05-31 23:00:00;;;14.1;9.3;287.34499999999997;6.0;1397.81515625
30622;2018-05-31 00:00:00;20:00;2018-05-31 20:00:00;;0.0;27.4;4.3;287.34499999999997;6.0;1397.81515625
30622;2018-05-31 00:00:00;17:00;2018-05-31 17:00:00;;;29.4;3.8;287.34499999999997;6.0;1397.81515625
30622;2018-05-31 00:00:00;14:00;2018-05-31 14:00:00;;;27.7;5.3;287.34499999999997;6.0;1397.81515625
30622;2018-05-31 00:00:00;11:00;2018-05-31 11:00:00;;;23.1;4.0;287.34499999999997;6.0;1397.81515625
30622;2018-05-31 00:00:00;08:00;2018-05-31 08:00:00;;0.0;15.5;7.6;287.34499999999997;6.0;1397.81515625
30622;2018-05-31 00:00:00;05:00;2018-05-31 05:00:00;;;9.0;5.8;287.34499999999997;6.0;1397.81515625
30622;2018-05-31 00:00:00;02:00;2018-05-31 02:00:00;;;15.4;7.7;287.34499999999997;6.0;1397.81515625
30622;2018-05-30 00:00:00;23:00;2018-05-30 23:00:00;;;19.0;9.0;274.36312499999997;5.0;1110.47015625
30622;2018-05-30 00:00:00;20:00;2018-05-30 20:00:00;;0.0;24.2;7.4;274.36312499999997;5.0;1110.47015625
30622;2018-05-30 00:00:00;17:00;2018-05-30 17:00:00;;;27.9;6.5;274.36312499999997;5.0;1110.47015625
30622;2018-05-30 00:00:00;14:00;2018-05-30 14:00:00;;;26.4;6.8;274.36312499999997;5.0;1110.47015625
30622;2018-05-30 00:00:00;11:00;2018-05-30 11:00:00;;;21.1;6.9;274.36312499999997;5.0;1110.47015625
30622;2018-05-30 00:00:00;08:00;2018-05-30 08:00:00;;0.0;17.2;3.5;274.36312499999997;5.0;1110.47015625
30622;2018-05-30 00:00:00;05:00;2018-05-30 05:00:00;;;10.6;2.8;274.36312499999997;5.0;1110.47015625
30622;2018-05-30 00:00:00;02:00;2018-05-30 02:00:00;;;10.8;2.6;274.36312499999997;5.0;1110.47015625
30622;2018-05-29 00:00:00;23:00;2018-05-29 23:00:00;;;19.6;-1.7;400.95750000000004;4.0;836.1070312500001
30622;2018-05-29 00:00:00;20:00;2018-05-29 20:00:00;;0.0;31.2;-1.0;400.95750000000004;4.0;836.1070312500001
30622;2018-05-29 00:00:00;17:00;2018-05-29 17:00:00;;;33.6;-0.3;400.95750000000004;4.0;836.1070312500001
30622;2018-05-29 00:00:00;14:00;2018-05-29 14:00:00;;;31.7;0.3;400.95750000000004;4.0;836.1070312500001
30622;2018-05-29 00:00:00;11:00;2018-05-29 11:00:00;;;23.0;4.5;400.95750000000004;4.0;836.1070312500001
30622;2018-05-29 00:00:00;08:00;2018-05-29 08:00:00;;0.0;12.3;4.2;400.95750000000004;4.0;836.1070312500001
30622;2018-05-29 00:00:00;05:00;2018-05-29 05:00:00;;;5.3;2.3;400.95750000000004;4.0;836.1070312500001
30622;2018-05-29 00:00:00;02:00;2018-05-29 02:00:00;;;9.5;3.5;400.95750000000004;4.0;836.1070312500001
30622;2018-05-28 00:00:00;23:00;2018-05-28 23:00:00;;;17.4;2.9;249.375;3.0;435.14953125000005
30622;2018-05-28 00:00:00;20:00;2018-05-28 20:00:00;;0.0;24.3;1.7;249.375;3.0;435.14953125000005
30622;2018-05-28 00:00:00;17:00;2018-05-28 17:00:00;;;28.0;1.3;249.375;3.0;435.14953125000005
30622;2018-05-28 00:00:00;14:00;2018-05-28 14:00:00;;;26.8;-0.2;249.375;3.0;435.14953125000005
30622;2018-05-28 00:00:00;11:00;2018-05-28 11:00:00;;;21.0;3.1;249.375;3.0;435.14953125000005
30622;2018-05-28 00:00:00;08:00;2018-05-28 08:00:00;;0.0;8.8;2.9;249.375;3.0;435.14953125000005
30622;2018-05-28 00:00:00;05:00;2018-05-28 05:00:00;;;2.0;0.2;249.375;3.0;435.14953125000005
30622;2018-05-28 00:00:00;02:00;2018-05-28 02:00:00;;;4.7;1.1;249.375;3.0;435.14953125000005
30622;2018-05-27 00:00:00;23:00;2018-05-27 23:00:00;;;11.0;0.4;120.22500000000004;2.0;185.77453125000005
30622;2018-05-27 00:00:00;20:00;2018-05-27 20:00:00;;0.0;19.6;1.4;120.22500000000004;2.0;185.77453125000005
30622;2018-05-27 00:00:00;17:00;2018-05-27 17:00:00;;;22.7;-2.6;120.22500000000004;2.0;185.77453125000005
30622;2018-05-27 00:00:00;14:00;2018-05-27 14:00:00;;;19.3;1.5;120.22500000000004;2.0;185.77453125000005
30622;2018-05-27 00:00:00;11:00;2018-05-27 11:00:00;;;12.4;3.9;120.22500000000004;2.0;185.77453125000005
30622;2018-05-27 00:00:00;08:00;2018-05-27 08:00:00;;0.0;3.5;1.9;120.22500000000004;2.0;185.77453125000005
30622;2018-05-27 00:00:00;05:00;2018-05-27 05:00:00;;;1.5;0.8;120.22500000000004;2.0;185.77453125000005
30622;2018-05-27 00:00:00;02:00;2018-05-27 02:00:00;;;1.6;0.3;120.22500000000004;2.0;185.77453125000005
30622;2018-05-26 00:00:00;23:00;2018-05-26 23:00:00;;;7.6;3.2;31.682031249999998;1.0;65.54953125
30622;2018-05-26 00:00:00;20:00;2018-05-26 20:00:00;;0.0;8.8;2.5;31.682031249999998;1.0;65.54953125
30622;2018-05-26 00:00:00;17:00;2018-05-26 17:00:00;;;10.3;1.3;31.682031249999998;1.0;65.54953125
30622;2018-05-26 00:00:00;14:00;2018-05-26 14:00:00;;;9.3;2.9;31.682031249999998;1.0;65.54953125
30622;2018-05-26 00:00:00;11:00;2018-05-26 11:00:00;;;6.8;2.5;31.682031249999998;1.0;65.54953125
30622;2018-05-26 00:00:00;08:00;2018-05-26 08:00:00;;0.0;4.5;1.3;31.682031249999998;1.0;65.54953125
30622;2018-05-26 00:00:00;05:00;2018-05-26 05:00:00;;;2.9;0.7;31.682031249999998;1.0;65.54953125
30622;2018-05-26 00:00:00;02:00;2018-05-26 02:00:00;;;3.3;1.2;31.682031249999998;1.0;65.54953125
30622;2018-05-25 00:00:00;23:00;2018-05-25 23:00:00;;;3.7;1.6;33.8675;0.0;33.8675
30622;2018-05-25 00:00:00;20:00;2018-05-25 20:00:00;;4.0;4.8;2.5;33.8675;0.0;33.8675
30622;2018-05-25 00:00:00;17:00;2018-05-25 17:00:00;;;6.9;5.4;33.8675;0.0;33.8675
30622;2018-05-25 00:00:00;14:00;2018-05-25 14:00:00;;;11.9;5.8;33.8675;0.0;33.8675
30622;2018-05-25 00:00:00;11:00;2018-05-25 11:00:00;;;13.3;6.7;33.8675;0.0;33.8675
30622;2018-05-25 00:00:00;08:00;2018-05-25 08:00:00;;0.0;10.8;6.5;33.8675;0.0;33.8675
30622;2018-05-25 00:00:00;05:00;2018-05-25 05:00:00;;;8.8;5.6;33.8675;0.0;33.8675
30622;2018-05-25 00:00:00;02:00;2018-05-25 02:00:00;;;11.1;6.8;33.8675;0.0;33.8675
30622;2018-05-24 00:00:00;23:00;2018-05-24 23:00:00;;;14.1;7.4;89.106875;15.0;1019.93046875
30622;2018-05-24 00:00:00;20:00;2018-05-24 20:00:00;;0.0;18.0;7.4;89.106875;15.0;1019.93046875
30622;2018-05-24 00:00:00;17:00;2018-05-24 17:00:00;;;19.3;6.8;89.106875;15.0;1019.93046875
30622;2018-05-24 00:00:00;14:00;2018-05-24 14:00:00;;;17.2;5.2;89.106875;15.0;1019.93046875
30622;2018-05-24 00:00:00;11:00;2018-05-24 11:00:00;;;14.8;5.7;89.106875;15.0;1019.93046875
30622;2018-05-24 00:00:00;08:00;2018-05-24 08:00:00;;0.0;8.6;4.6;89.106875;15.0;1019.93046875
30622;2018-05-24 00:00:00;05:00;2018-05-24 05:00:00;;;4.2;2.9;89.106875;15.0;1019.93046875
30622;2018-05-24 00:00:00;02:00;2018-05-24 02:00:00;;;3.5;2.5;89.106875;15.0;1019.93046875
30622;2018-05-23 00:00:00;23:00;2018-05-23 23:00:00;;;7.3;4.2;28.99546874999999;14.0;930.8235937500001
30622;2018-05-23 00:00:00;20:00;2018-05-23 20:00:00;;0.3;12.7;5.6;28.99546874999999;14.0;930.8235937500001
30622;2018-05-23 00:00:00;17:00;2018-05-23 17:00:00;;;14.2;6.2;28.99546874999999;14.0;930.8235937500001
30622;2018-05-23 00:00:00;14:00;2018-05-23 14:00:00;;;10.9;8.9;28.99546874999999;14.0;930.8235937500001
30622;2018-05-23 00:00:00;11:00;2018-05-23 11:00:00;;;9.3;7.1;28.99546874999999;14.0;930.8235937500001
30622;2018-05-23 00:00:00;08:00;2018-05-23 08:00:00;;2.0;7.5;5.7;28.99546874999999;14.0;930.8235937500001
30622;2018-05-23 00:00:00;05:00;2018-05-23 05:00:00;;;4.6;3.7;28.99546874999999;14.0;930.8235937500001
30622;2018-05-23 00:00:00;02:00;2018-05-23 02:00:00;;;4.6;3.6;28.99546874999999;14.0;930.8235937500001
30622;2018-05-22 00:00:00;23:00;2018-05-22 23:00:00;;;4.9;3.3;54.64265625;13.0;901.8281250000001
30622;2018-05-22 00:00:00;20:00;2018-05-22 20:00:00;;0.0;7.2;1.9;54.64265625;13.0;901.8281250000001
30622;2018-05-22 00:00:00;17:00;2018-05-22 17:00:00;;;13.2;-4.2;54.64265625;13.0;901.8281250000001
30622;2018-05-22 00:00:00;14:00;2018-05-22 14:00:00;;;13.3;-7.2;54.64265625;13.0;901.8281250000001
30622;2018-05-22 00:00:00;11:00;2018-05-22 11:00:00;;;10.2;-0.4;54.64265625;13.0;901.8281250000001
30622;2018-05-22 00:00:00;08:00;2018-05-22 08:00:00;;0.7;3.3;1.1;54.64265625;13.0;901.8281250000001
30622;2018-05-22 00:00:00;05:00;2018-05-22 05:00:00;;;1.4;-0.3;54.64265625;13.0;901.8281250000001
30622;2018-05-22 00:00:00;02:00;2018-05-22 02:00:00;;;1.4;-3.0;54.64265625;13.0;901.8281250000001
30622;2018-05-21 00:00:00;23:00;2018-05-21 23:00:00;;;1.2;-3.5;39.58500000000001;12.0;847.1854687500002
30622;2018-05-21 00:00:00;20:00;2018-05-21 20:00:00;;0.0;5.1;-6.6;39.58500000000001;12.0;847.1854687500002
30622;2018-05-21 00:00:00;17:00;2018-05-21 17:00:00;;;8.1;-7.7;39.58500000000001;12.0;847.1854687500002
30622;2018-05-21 00:00:00;14:00;2018-05-21 14:00:00;;;8.0;-7.5;39.58500000000001;12.0;847.1854687500002
30622;2018-05-21 00:00:00;11:00;2018-05-21 11:00:00;;;6.2;-7.5;39.58500000000001;12.0;847.1854687500002
30622;2018-05-21 00:00:00;08:00;2018-05-21 08:00:00;;0.0;3.7;-3.8;39.58500000000001;12.0;847.1854687500002
30622;2018-05-21 00:00:00;05:00;2018-05-21 05:00:00;;;0.2;-2.6;39.58500000000001;12.0;847.1854687500002
30622;2018-05-21 00:00:00;02:00;2018-05-21 02:00:00;;;1.1;-2.6;39.58500000000001;12.0;847.1854687500002
30622;2018-05-20 00:00:00;23:00;2018-05-20 23:00:00;;;2.2;-2.8;33.1265625;11.0;807.6004687500001
30622;2018-05-20 00:00:00;20:00;2018-05-20 20:00:00;;0.7;3.3;-2.7;33.1265625;11.0;807.6004687500001
30622;2018-05-20 00:00:00;17:00;2018-05-20 17:00:00;;;3.6;-2.5;33.1265625;11.0;807.6004687500001
30622;2018-05-20 00:00:00;14:00;2018-05-20 14:00:00;;;2.5;0.3;33.1265625;11.0;807.6004687500001
30622;2018-05-20 00:00:00;11:00;2018-05-20 11:00:00;;;12.0;-4.2;33.1265625;11.0;807.6004687500001
30622;2018-05-20 00:00:00;08:00;2018-05-20 08:00:00;;0.0;8.6;-2.8;33.1265625;11.0;807.6004687500001
30622;2018-05-20 00:00:00;05:00;2018-05-20 05:00:00;;;4.0;-2.8;33.1265625;11.0;807.6004687500001
30622;2018-05-20 00:00:00;02:00;2018-05-20 02:00:00;;;0.8;-2.8;33.1265625;11.0;807.6004687500001
30622;2018-05-19 00:00:00;23:00;2018-05-19 23:00:00;;;5.5;-2.2;100.41312500000002;10.0;774.4739062500001
30622;2018-05-19 00:00:00;20:00;2018-05-19 20:00:00;;0.0;13.6;-4.1;100.41312500000002;10.0;774.4739062500001
30622;2018-05-19 00:00:00;17:00;2018-05-19 17:00:00;;;15.3;-6.2;100.41312500000002;10.0;774.4739062500001
30622;2018-05-19 00:00:00;14:00;2018-05-19 14:00:00;;;13.1;-4.1;100.41312500000002;10.0;774.4739062500001
30622;2018-05-19 00:00:00;11:00;2018-05-19 11:00:00;;;7.8;-0.7;100.41312500000002;10.0;774.4739062500001
30622;2018-05-19 00:00:00;08:00;2018-05-19 08:00:00;;0.1;3.1;-0.1;100.41312500000002;10.0;774.4739062500001
30622;2018-05-19 00:00:00;05:00;2018-05-19 05:00:00;;;5.4;-3.5;100.41312500000002;10.0;774.4739062500001
30622;2018-05-19 00:00:00;02:00;2018-05-19 02:00:00;;;5.6;-2.3;100.41312500000002;10.0;774.4739062500001
30622;2018-05-18 00:00:00;23:00;2018-05-18 23:00:00;;;7.0;-2.8;126.01499999999999;9.0;674.0607812500001
30622;2018-05-18 00:00:00;20:00;2018-05-18 20:00:00;;0.0;11.8;-3.3;126.01499999999999;9.0;674.0607812500001
30622;2018-05-18 00:00:00;17:00;2018-05-18 17:00:00;;;14.7;-3.2;126.01499999999999;9.0;674.0607812500001
30622;2018-05-18 00:00:00;14:00;2018-05-18 14:00:00;;;16.7;-0.5;126.01499999999999;9.0;674.0607812500001
30622;2018-05-18 00:00:00;11:00;2018-05-18 11:00:00;;;17.1;-1.7;126.01499999999999;9.0;674.0607812500001
30622;2018-05-18 00:00:00;08:00;2018-05-18 08:00:00;;0.0;8.1;-1.6;126.01499999999999;9.0;674.0607812500001
30622;2018-05-18 00:00:00;05:00;2018-05-18 05:00:00;;;0.4;-2.6;126.01499999999999;9.0;674.0607812500001
30622;2018-05-18 00:00:00;02:00;2018-05-18 02:00:00;;;5.5;-2.2;126.01499999999999;9.0;674.0607812500001
30622;2018-05-17 00:00:00;23:00;2018-05-17 23:00:00;;;13.8;-2.9;202.18078124999997;8.0;548.0457812500001
30622;2018-05-17 00:00:00;20:00;2018-05-17 20:00:00;;0.0;18.5;-2.8;202.18078124999997;8.0;548.0457812500001
30622;2018-05-17 00:00:00;17:00;2018-05-17 17:00:00;;;20.8;-6.3;202.18078124999997;8.0;548.0457812500001
30622;2018-05-17 00:00:00;14:00;2018-05-17 14:00:00;;;17.4;-1.9;202.18078124999997;8.0;548.0457812500001
30622;2018-05-17 00:00:00;11:00;2018-05-17 11:00:00;;;13.3;-2.0;202.18078124999997;8.0;548.0457812500001
30622;2018-05-17 00:00:00;08:00;2018-05-17 08:00:00;;0.0;8.1;2.2;202.18078124999997;8.0;548.0457812500001
30622;2018-05-17 00:00:00;05:00;2018-05-17 05:00:00;;;6.4;2.6;202.18078124999997;8.0;548.0457812500001
30622;2018-05-17 00:00:00;02:00;2018-05-17 02:00:00;;;9.8;-0.5;202.18078124999997;8.0;548.0457812500001
30622;2018-05-16 00:00:00;23:00;2018-05-16 23:00:00;;;6.0;-4.1;178.9575;7.0;345.8650000000001
30622;2018-05-16 00:00:00;20:00;2018-05-16 20:00:00;;0.0;18.7;-8.8;178.9575;7.0;345.8650000000001
30622;2018-05-16 00:00:00;17:00;2018-05-16 17:00:00;;;20.3;-7.7;178.9575;7.0;345.8650000000001
30622;2018-05-16 00:00:00;14:00;2018-05-16 14:00:00;;;19.5;-4.9;178.9575;7.0;345.8650000000001
30622;2018-05-16 00:00:00;11:00;2018-05-16 11:00:00;;;17.1;-2.5;178.9575;7.0;345.8650000000001
30622;2018-05-16 00:00:00;08:00;2018-05-16 08:00:00;;0.0;5.5;-2.4;178.9575;7.0;345.8650000000001
30622;2018-05-16 00:00:00;05:00;2018-05-16 05:00:00;;;-1.7;-4.1;178.9575;7.0;345.8650000000001
30622;2018-05-16 00:00:00;02:00;2018-05-16 02:00:00;;;3.8;-4.7;178.9575;7.0;345.8650000000001
30622;2018-05-15 00:00:00;23:00;2018-05-15 23:00:00;;;5.5;-3.3;106.58625000000004;6.0;166.90750000000008
30622;2018-05-15 00:00:00;20:00;2018-05-15 20:00:00;;0.0;14.9;-3.9;106.58625000000004;6.0;166.90750000000008
30622;2018-05-15 00:00:00;17:00;2018-05-15 17:00:00;;;16.7;-6.2;106.58625000000004;6.0;166.90750000000008
30622;2018-05-15 00:00:00;14:00;2018-05-15 14:00:00;;;16.6;-5.6;106.58625000000004;6.0;166.90750000000008
30622;2018-05-15 00:00:00;11:00;2018-05-15 11:00:00;;;10.1;-2.7;106.58625000000004;6.0;166.90750000000008
30622;2018-05-15 00:00:00;08:00;2018-05-15 08:00:00;;0.0;3.0;-4.5;106.58625000000004;6.0;166.90750000000008
30622;2018-05-15 00:00:00;05:00;2018-05-15 05:00:00;;;-0.6;-5.6;106.58625000000004;6.0;166.90750000000008
30622;2018-05-15 00:00:00;02:00;2018-05-15 02:00:00;;;-0.1;-5.3;106.58625000000004;6.0;166.90750000000008
30622;2018-05-14 00:00:00;23:00;2018-05-14 23:00:00;;;4.2;-4.1;91.46921874999998;5.0;60.32125000000005
30622;2018-05-14 00:00:00;20:00;2018-05-14 20:00:00;;0.0;12.7;-6.1;91.46921874999998;5.0;60.32125000000005
30622;2018-05-14 00:00:00;17:00;2018-05-14 17:00:00;;;14.1;-6.9;91.46921874999998;5.0;60.32125000000005
30622;2018-05-14 00:00:00;14:00;2018-05-14 14:00:00;;;14.2;-6.0;91.46921874999998;5.0;60.32125000000005
30622;2018-05-14 00:00:00;11:00;2018-05-14 11:00:00;;;11.4;-2.7;91.46921874999998;5.0;60.32125000000005
30622;2018-05-14 00:00:00;08:00;2018-05-14 08:00:00;;0.0;6.5;1.1;91.46921874999998;5.0;60.32125000000005
30622;2018-05-14 00:00:00;05:00;2018-05-14 05:00:00;;;-1.5;-2.7;91.46921874999998;5.0;60.32125000000005
30622;2018-05-14 00:00:00;02:00;2018-05-14 02:00:00;;;2.1;-0.8;91.46921874999998;5.0;60.32125000000005
30622;2018-05-13 00:00:00;23:00;2018-05-13 23:00:00;;;6.3;-0.4;84.84;4.0;-31.147968749999933
30622;2018-05-13 00:00:00;20:00;2018-05-13 20:00:00;;0.6;11.6;-0.6;84.84;4.0;-31.147968749999933
30622;2018-05-13 00:00:00;17:00;2018-05-13 17:00:00;;;15.2;-1.6;84.84;4.0;-31.147968749999933
30622;2018-05-13 00:00:00;14:00;2018-05-13 14:00:00;;;13.0;1.9;84.84;4.0;-31.147968749999933
30622;2018-05-13 00:00:00;11:00;2018-05-13 11:00:00;;;9.7;2.9;84.84;4.0;-31.147968749999933
30622;2018-05-13 00:00:00;08:00;2018-05-13 08:00:00;;0.3;4.8;0.2;84.84;4.0;-31.147968749999933
30622;2018-05-13 00:00:00;05:00;2018-05-13 05:00:00;;;5.0;-3.4;84.84;4.0;-31.147968749999933
30622;2018-05-13 00:00:00;02:00;2018-05-13 02:00:00;;;5.1;-5.1;84.84;4.0;-31.147968749999933
30622;2018-12-05 00:00:00;23:00;2018-12-05 23:00:00;;;9.6;-7.4;82.9171875;26.0;-1170.49953125
30622;2018-12-05 00:00:00;20:00;2018-12-05 20:00:00;;0.0;13.0;-5.7;82.9171875;26.0;-1170.49953125
30622;2018-12-05 00:00:00;17:00;2018-12-05 17:00:00;;;14.1;-5.6;82.9171875;26.0;-1170.49953125
30622;2018-12-05 00:00:00;14:00;2018-12-05 14:00:00;;;14.4;-5.4;82.9171875;26.0;-1170.49953125
30622;2018-12-05 00:00:00;11:00;2018-12-05 11:00:00;;;11.3;-7.9;82.9171875;26.0;-1170.49953125
30622;2018-12-05 00:00:00;08:00;2018-12-05 08:00:00;;0.0;-0.5;-7.4;82.9171875;26.0;-1170.49953125
30622;2018-12-05 00:00:00;05:00;2018-12-05 05:00:00;;;-7.8;-10.1;82.9171875;26.0;-1170.49953125
30622;2018-12-05 00:00:00;02:00;2018-12-05 02:00:00;;;-5.1;-9.8;82.9171875;26.0;-1170.49953125
30622;2018-11-05 00:00:00;23:00;2018-11-05 23:00:00;;;-1.0;-9.6;64.93877551020408;16.0;-206.70459502551006
30622;2018-11-05 00:00:00;20:00;2018-11-05 20:00:00;;0.0;9.3;-13.3;64.93877551020408;16.0;-206.70459502551006
30622;2018-11-05 00:00:00;17:00;2018-11-05 17:00:00;;;;-13.6;64.93877551020408;16.0;-206.70459502551006
30622;2018-11-05 00:00:00;14:00;2018-11-05 14:00:00;;;10.3;-11.7;64.93877551020408;16.0;-206.70459502551006
30622;2018-11-05 00:00:00;11:00;2018-11-05 11:00:00;;;8.2;-12.3;64.93877551020408;16.0;-206.70459502551006
30622;2018-11-05 00:00:00;08:00;2018-11-05 08:00:00;;0.1;3.2;-3.1;64.93877551020408;16.0;-206.70459502551006
30622;2018-11-05 00:00:00;05:00;2018-11-05 05:00:00;;;2.0;-2.0;64.93877551020408;16.0;-206.70459502551006
30622;2018-11-05 00:00:00;02:00;2018-11-05 02:00:00;;;2.4;-0.8;64.93877551020408;16.0;-206.70459502551006
30622;2018-10-05 00:00:00;23:00;2018-10-05 23:00:00;;;3.3;0.5;41.4921875;9.0;-215.8009374999998
30622;2018-10-05 00:00:00;20:00;2018-10-05 20:00:00;;0.0;5.6;2.4;41.4921875;9.0;-215.8009374999998
30622;2018-10-05 00:00:00;17:00;2018-10-05 17:00:00;;;12.9;-0.4;41.4921875;9.0;-215.8009374999998
30622;2018-10-05 00:00:00;14:00;2018-10-05 14:00:00;;;14.4;-1.5;41.4921875;9.0;-215.8009374999998
30622;2018-10-05 00:00:00;11:00;2018-10-05 11:00:00;;;10.9;-0.5;41.4921875;9.0;-215.8009374999998
30622;2018-10-05 00:00:00;08:00;2018-10-05 08:00:00;;0.0;1.4;-2.1;41.4921875;9.0;-215.8009374999998
30622;2018-10-05 00:00:00;05:00;2018-10-05 05:00:00;;;-2.3;-4.8;41.4921875;9.0;-215.8009374999998
30622;2018-10-05 00:00:00;02:00;2018-10-05 02:00:00;;;0.8;-3.1;41.4921875;9.0;-215.8009374999998
30622;2018-09-05 00:00:00;23:00;2018-09-05 23:00:00;;;5.2;-2.4;54.680156249999996;2.0;25.850781250000004
30622;2018-09-05 00:00:00;20:00;2018-09-05 20:00:00;;0.0;13.6;-5.2;54.680156249999996;2.0;25.850781250000004
30622;2018-09-05 00:00:00;17:00;2018-09-05 17:00:00;;;14.8;-5.1;54.680156249999996;2.0;25.850781250000004
30622;2018-09-05 00:00:00;14:00;2018-09-05 14:00:00;;;13.0;-3.7;54.680156249999996;2.0;25.850781250000004
30622;2018-09-05 00:00:00;11:00;2018-09-05 11:00:00;;;6.1;-1.3;54.680156249999996;2.0;25.850781250000004
30622;2018-09-05 00:00:00;08:00;2018-09-05 08:00:00;;0.0;-0.1;-2.0;54.680156249999996;2.0;25.850781250000004
30622;2018-09-05 00:00:00;05:00;2018-09-05 05:00:00;;;-3.2;-3.9;54.680156249999996;2.0;25.850781250000004
30622;2018-09-05 00:00:00;02:00;2018-09-05 02:00:00;;;-2.3;-3.6;54.680156249999996;2.0;25.850781250000004
30622;2018-08-05 00:00:00;23:00;2018-08-05 23:00:00;;;0.6;-1.2;11.056406249999998;0.0;11.056406249999998
30622;2018-08-05 00:00:00;20:00;2018-08-05 20:00:00;;0.0;2.9;-0.4;11.056406249999998;0.0;11.056406249999998
30622;2018-08-05 00:00:00;17:00;2018-08-05 17:00:00;;;5.7;-3.4;11.056406249999998;0.0;11.056406249999998
30622;2018-08-05 00:00:00;14:00;2018-08-05 14:00:00;;;5.3;-3.2;11.056406249999998;0.0;11.056406249999998
30622;2018-08-05 00:00:00;11:00;2018-08-05 11:00:00;;;3.1;0.1;11.056406249999998;0.0;11.056406249999998
30622;2018-08-05 00:00:00;08:00;2018-08-05 08:00:00;;3.0;1.8;-0.2;11.056406249999998;0.0;11.056406249999998
30622;2018-08-05 00:00:00;05:00;2018-08-05 05:00:00;;;1.6;-0.2;11.056406249999998;0.0;11.056406249999998
30622;2018-08-05 00:00:00;02:00;2018-08-05 02:00:00;;;1.9;0.5;11.056406249999998;0.0;11.056406249999998
30622;2018-07-05 00:00:00;23:00;2018-07-05 23:00:00;;;2.1;0.7;92.70078125;5.0;-98.20515625000002
30622;2018-07-05 00:00:00;20:00;2018-07-05 20:00:00;;0.0;3.8;1.0;92.70078125;5.0;-98.20515625000002
30622;2018-07-05 00:00:00;17:00;2018-07-05 17:00:00;;;12.8;1.3;92.70078125;5.0;-98.20515625000002
30622;2018-07-05 00:00:00;14:00;2018-07-05 14:00:00;;;17.1;-1.7;92.70078125;5.0;-98.20515625000002
30622;2018-07-05 00:00:00;11:00;2018-07-05 11:00:00;;;13.0;-2.0;92.70078125;5.0;-98.20515625000002
30622;2018-07-05 00:00:00;08:00;2018-07-05 08:00:00;;0.0;9.8;-1.6;92.70078125;5.0;-98.20515625000002
30622;2018-07-05 00:00:00;05:00;2018-07-05 05:00:00;;;9.1;-3.5;92.70078125;5.0;-98.20515625000002
30622;2018-07-05 00:00:00;02:00;2018-07-05 02:00:00;;;6.0;-1.0;92.70078125;5.0;-98.20515625000002
30622;2018-06-05 00:00:00;23:00;2018-06-05 23:00:00;;;10.7;-1.3;161.32187499999998;11.0;1218.6271875000002
30622;2018-06-05 00:00:00;20:00;2018-06-05 20:00:00;;0.0;15.3;-3.1;161.32187499999998;11.0;1218.6271875000002
30622;2018-06-05 00:00:00;17:00;2018-06-05 17:00:00;;;18.2;-4.1;161.32187499999998;11.0;1218.6271875000002
30622;2018-06-05 00:00:00;14:00;2018-06-05 14:00:00;;;19.1;-2.9;161.32187499999998;11.0;1218.6271875000002
30622;2018-06-05 00:00:00;11:00;2018-06-05 11:00:00;;;14.2;-7.3;161.32187499999998;11.0;1218.6271875000002
30622;2018-06-05 00:00:00;08:00;2018-06-05 08:00:00;;0.0;3.7;-6.7;161.32187499999998;11.0;1218.6271875000002
30622;2018-06-05 00:00:00;05:00;2018-06-05 05:00:00;;;-1.6;-6.2;161.32187499999998;11.0;1218.6271875000002
30622;2018-06-05 00:00:00;02:00;2018-06-05 02:00:00;;;4.0;-8.3;161.32187499999998;11.0;1218.6271875000002
30622;2018-05-05 00:00:00;23:00;2018-05-05 23:00:00;;;6.6;-7.3;68.24062500000001;8.0;-152.16437500000012
30622;2018-05-05 00:00:00;20:00;2018-05-05 20:00:00;;0.0;11.4;-7.8;68.24062500000001;8.0;-152.16437500000012
30622;2018-05-05 00:00:00;17:00;2018-05-05 17:00:00;;;12.2;-8.2;68.24062500000001;8.0;-152.16437500000012
30622;2018-05-05 00:00:00;14:00;2018-05-05 14:00:00;;;10.6;-7.1;68.24062500000001;8.0;-152.16437500000012
30622;2018-05-05 00:00:00;11:00;2018-05-05 11:00:00;;;6.6;-6.4;68.24062500000001;8.0;-152.16437500000012
30622;2018-05-05 00:00:00;08:00;2018-05-05 08:00:00;;0.0;0.2;-5.4;68.24062500000001;8.0;-152.16437500000012
30622;2018-05-05 00:00:00;05:00;2018-05-05 05:00:00;;;-2.6;-7.3;68.24062500000001;8.0;-152.16437500000012
30622;2018-05-05 00:00:00;02:00;2018-05-05 02:00:00;;;-1.5;-7.4;68.24062500000001;8.0;-152.16437500000012
30622;2018-04-05 00:00:00;23:00;2018-04-05 23:00:00;;;0.1;-7.2;53.178125;28.0;-914.3335937500002
30622;2018-04-05 00:00:00;20:00;2018-04-05 20:00:00;;0.0;7.6;-8.6;53.178125;28.0;-914.3335937500002
30622;2018-04-05 00:00:00;17:00;2018-04-05 17:00:00;;;9.9;-8.5;53.178125;28.0;-914.3335937500002
30622;2018-04-05 00:00:00;14:00;2018-04-05 14:00:00;;;8.4;-7.4;53.178125;28.0;-914.3335937500002
30622;2018-04-05 00:00:00;11:00;2018-04-05 11:00:00;;;5.1;-3.8;53.178125;28.0;-914.3335937500002
30622;2018-04-05 00:00:00;08:00;2018-04-05 08:00:00;;1.0;2.2;-1.2;53.178125;28.0;-914.3335937500002
30622;2018-04-05 00:00:00;05:00;2018-04-05 05:00:00;;;3.4;-0.9;53.178125;28.0;-914.3335937500002
30622;2018-04-05 00:00:00;02:00;2018-04-05 02:00:00;;;7.5;4.8;53.178125;28.0;-914.3335937500002
30622;2018-03-05 00:00:00;23:00;2018-03-05 23:00:00;;;11.3;5.1;91.56000000000002;27.0;-1634.2979687499999
30622;2018-03-05 00:00:00;20:00;2018-03-05 20:00:00;;0.0;14.0;1.6;91.56000000000002;27.0;-1634.2979687499999
30622;2018-03-05 00:00:00;17:00;2018-03-05 17:00:00;;;16.3;1.3;91.56000000000002;27.0;-1634.2979687499999
30622;2018-03-05 00:00:00;14:00;2018-03-05 14:00:00;;;14.4;1.5;91.56000000000002;27.0;-1634.2979687499999
30622;2018-03-05 00:00:00;11:00;2018-03-05 11:00:00;;;10.4;2.0;91.56000000000002;27.0;-1634.2979687499999
30622;2018-03-05 00:00:00;08:00;2018-03-05 08:00:00;;0.8;8.4;4.1;91.56000000000002;27.0;-1634.2979687499999
30622;2018-03-05 00:00:00;05:00;2018-03-05 05:00:00;;;6.5;4.7;91.56000000000002;27.0;-1634.2979687499999
30622;2018-03-05 00:00:00;02:00;2018-03-05 02:00:00;;;8.3;3.9;91.56000000000002;27.0;-1634.2979687499999
30622;2018-02-05 00:00:00;23:00;2018-02-05 23:00:00;;;11.1;1.6;189.25125;38.0;-2876.134330357143
30622;2018-02-05 00:00:00;20:00;2018-02-05 20:00:00;;0.0;18.2;-2.5;189.25125;38.0;-2876.134330357143
30622;2018-02-05 00:00:00;17:00;2018-02-05 17:00:00;;;24.2;-4.5;189.25125;38.0;-2876.134330357143
30622;2018-02-05 00:00:00;14:00;2018-02-05 14:00:00;;;22.9;-5.4;189.25125;38.0;-2876.134330357143
30622;2018-02-05 00:00:00;11:00;2018-02-05 11:00:00;;;17.1;-5.5;189.25125;38.0;-2876.134330357143
30622;2018-02-05 00:00:00;08:00;2018-02-05 08:00:00;;0.0;2.8;-6.8;189.25125;38.0;-2876.134330357143
30622;2018-02-05 00:00:00;05:00;2018-02-05 05:00:00;;;-3.3;-7.2;189.25125;38.0;-2876.134330357143
30622;2018-02-05 00:00:00;02:00;2018-02-05 02:00:00;;;-0.4;-7.9;189.25125;38.0;-2876.134330357143
30622;2018-01-05 00:00:00;23:00;2018-01-05 23:00:00;;;6.6;-8.7;120.99843750000001;7.0;-458.03656249999995
30622;2018-01-05 00:00:00;20:00;2018-01-05 20:00:00;;0.0;12.5;-6.0;120.99843750000001;7.0;-458.03656249999995
30622;2018-01-05 00:00:00;17:00;2018-01-05 17:00:00;;;18.0;-10.4;120.99843750000001;7.0;-458.03656249999995
30622;2018-01-05 00:00:00;14:00;2018-01-05 14:00:00;;;16.6;-8.3;120.99843750000001;7.0;-458.03656249999995
30622;2018-01-05 00:00:00;11:00;2018-01-05 11:00:00;;;10.9;-5.9;120.99843750000001;7.0;-458.03656249999995
30622;2018-01-05 00:00:00;08:00;2018-01-05 08:00:00;;0.0;0.2;-6.4;120.99843750000001;7.0;-458.03656249999995
30622;2018-01-05 00:00:00;05:00;2018-01-05 05:00:00;;;-5.0;-7.9;120.99843750000001;7.0;-458.03656249999995
30622;2018-01-05 00:00:00;02:00;2018-01-05 02:00:00;;;2.4;-8.7;120.99843750000001;7.0;-458.03656249999995
30622;2018-04-30 00:00:00;23:00;2018-04-30 23:00:00;;;5.7;-7.7;77.42999999999999;3.0;196.08249999999998
30622;2018-04-30 00:00:00;20:00;2018-04-30 20:00:00;;0.0;10.7;-8.2;77.42999999999999;3.0;196.08249999999998
30622;2018-04-30 00:00:00;17:00;2018-04-30 17:00:00;;;13.3;-9.1;77.42999999999999;3.0;196.08249999999998
30622;2018-04-30 00:00:00;14:00;2018-04-30 14:00:00;;;11.5;-8.9;77.42999999999999;3.0;196.08249999999998
30622;2018-04-30 00:00:00;11:00;2018-04-30 11:00:00;;;8.9;-8.9;77.42999999999999;3.0;196.08249999999998
30622;2018-04-30 00:00:00;08:00;2018-04-30 08:00:00;;0.0;1.9;-5.7;77.42999999999999;3.0;196.08249999999998
30622;2018-04-30 00:00:00;05:00;2018-04-30 05:00:00;;;-4.6;-7.1;77.42999999999999;3.0;196.08249999999998
30622;2018-04-30 00:00:00;02:00;2018-04-30 02:00:00;;;-1.0;-4.8;77.42999999999999;3.0;196.08249999999998
30622;2018-04-29 00:00:00;23:00;2018-04-29 23:00:00;;;3.5;-5.3;41.7690625;2.0;118.65249999999997
30622;2018-04-29 00:00:00;20:00;2018-04-29 20:00:00;;0.0;6.7;-8.2;41.7690625;2.0;118.65249999999997
30622;2018-04-29 00:00:00;17:00;2018-04-29 17:00:00;;;7.9;-9.0;41.7690625;2.0;118.65249999999997
30622;2018-04-29 00:00:00;14:00;2018-04-29 14:00:00;;;7.6;-9.0;41.7690625;2.0;118.65249999999997
30622;2018-04-29 00:00:00;11:00;2018-04-29 11:00:00;;;5.8;-6.7;41.7690625;2.0;118.65249999999997
30622;2018-04-29 00:00:00;08:00;2018-04-29 08:00:00;;0.0;-0.1;-4.4;41.7690625;2.0;118.65249999999997
30622;2018-04-29 00:00:00;05:00;2018-04-29 05:00:00;;;-1.0;-5.0;41.7690625;2.0;118.65249999999997
30622;2018-04-29 00:00:00;02:00;2018-04-29 02:00:00;;;1.5;-4.3;41.7690625;2.0;118.65249999999997
30622;2018-04-28 00:00:00;23:00;2018-04-28 23:00:00;;;4.0;-4.3;38.535000000000004;1.0;76.88343749999999
30622;2018-04-28 00:00:00;20:00;2018-04-28 20:00:00;;0.0;7.8;-7.2;38.535000000000004;1.0;76.88343749999999
30622;2018-04-28 00:00:00;17:00;2018-04-28 17:00:00;;;9.4;-8.1;38.535000000000004;1.0;76.88343749999999
30622;2018-04-28 00:00:00;14:00;2018-04-28 14:00:00;;;10.8;-5.4;38.535000000000004;1.0;76.88343749999999
30622;2018-04-28 00:00:00;11:00;2018-04-28 11:00:00;;;8.8;-0.9;38.535000000000004;1.0;76.88343749999999
30622;2018-04-28 00:00:00;08:00;2018-04-28 08:00:00;;0.0;-0.5;-3.2;38.535000000000004;1.0;76.88343749999999
30622;2018-04-28 00:00:00;05:00;2018-04-28 05:00:00;;;-4.3;-5.8;38.535000000000004;1.0;76.88343749999999
30622;2018-04-28 00:00:00;02:00;2018-04-28 02:00:00;;;-2.4;-4.9;38.535000000000004;1.0;76.88343749999999
30622;2018-04-27 00:00:00;23:00;2018-04-27 23:00:00;;;0.1;-3.1;38.34843749999999;0.0;38.34843749999999
30622;2018-04-27 00:00:00;20:00;2018-04-27 20:00:00;;0.0;5.6;-2.2;38.34843749999999;0.0;38.34843749999999
30622;2018-04-27 00:00:00;17:00;2018-04-27 17:00:00;;;5.8;-1.2;38.34843749999999;0.0;38.34843749999999
30622;2018-04-27 00:00:00;14:00;2018-04-27 14:00:00;;;13.1;0.6;38.34843749999999;0.0;38.34843749999999
30622;2018-04-27 00:00:00;11:00;2018-04-27 11:00:00;;;11.2;5.6;38.34843749999999;0.0;38.34843749999999
30622;2018-04-27 00:00:00;08:00;2018-04-27 08:00:00;;3.0;8.3;6.8;38.34843749999999;0.0;38.34843749999999
30622;2018-04-27 00:00:00;05:00;2018-04-27 05:00:00;;;7.9;6.9;38.34843749999999;0.0;38.34843749999999
30622;2018-04-27 00:00:00;02:00;2018-04-27 02:00:00;;;8.6;6.7;38.34843749999999;0.0;38.34843749999999
30622;2018-04-26 00:00:00;23:00;2018-04-26 23:00:00;;;13.6;2.3;138.1371875;18.0;903.0374075255103
30622;2018-04-26 00:00:00;20:00;2018-04-26 20:00:00;;0.0;17.1;0.8;138.1371875;18.0;903.0374075255103
30622;2018-04-26 00:00:00;17:00;2018-04-26 17:00:00;;;20.5;-3.7;138.1371875;18.0;903.0374075255103
30622;2018-04-26 00:00:00;14:00;2018-04-26 14:00:00;;;19.2;1.3;138.1371875;18.0;903.0374075255103
30622;2018-04-26 00:00:00;11:00;2018-04-26 11:00:00;;;10.8;0.7;138.1371875;18.0;903.0374075255103
30622;2018-04-26 00:00:00;08:00;2018-04-26 08:00:00;;0.0;4.1;-1.8;138.1371875;18.0;903.0374075255103
30622;2018-04-26 00:00:00;05:00;2018-04-26 05:00:00;;;3.0;-2.1;138.1371875;18.0;903.0374075255103
30622;2018-04-26 00:00:00;02:00;2018-04-26 02:00:00;;;3.6;-1.8;138.1371875;18.0;903.0374075255103
30622;2018-04-25 00:00:00;23:00;2018-04-25 23:00:00;;;6.6;-1.1;96.35000000000001;17.0;764.9002200255103
30622;2018-04-25 00:00:00;20:00;2018-04-25 20:00:00;;0.0;11.4;-0.5;96.35000000000001;17.0;764.9002200255103
30622;2018-04-25 00:00:00;17:00;2018-04-25 17:00:00;;;14.2;-0.2;96.35000000000001;17.0;764.9002200255103
30622;2018-04-25 00:00:00;14:00;2018-04-25 14:00:00;;;12.5;0.9;96.35000000000001;17.0;764.9002200255103
30622;2018-04-25 00:00:00;11:00;2018-04-25 11:00:00;;;9.0;0.3;96.35000000000001;17.0;764.9002200255103
30622;2018-04-25 00:00:00;08:00;2018-04-25 08:00:00;;0.0;8.3;1.0;96.35000000000001;17.0;764.9002200255103
30622;2018-04-25 00:00:00;05:00;2018-04-25 05:00:00;;;9.1;2.9;96.35000000000001;17.0;764.9002200255103
30622;2018-04-25 00:00:00;02:00;2018-04-25 02:00:00;;;10.9;3.5;96.35000000000001;17.0;764.9002200255103
30622;2018-04-24 00:00:00;23:00;2018-04-24 23:00:00;;;15.5;-0.1;202.05031250000002;16.0;668.5502200255103
30622;2018-04-24 00:00:00;20:00;2018-04-24 20:00:00;;0.0;20.4;-2.7;202.05031250000002;16.0;668.5502200255103
30622;2018-04-24 00:00:00;17:00;2018-04-24 17:00:00;;;26.3;-6.4;202.05031250000002;16.0;668.5502200255103
30622;2018-04-24 00:00:00;14:00;2018-04-24 14:00:00;;;25.4;-5.8;202.05031250000002;16.0;668.5502200255103
30622;2018-04-24 00:00:00;11:00;2018-04-24 11:00:00;;;13.9;0.6;202.05031250000002;16.0;668.5502200255103
30622;2018-04-24 00:00:00;08:00;2018-04-24 08:00:00;;0.0;2.3;-0.7;202.05031250000002;16.0;668.5502200255103
30622;2018-04-24 00:00:00;05:00;2018-04-24 05:00:00;;;-0.8;-3.1;202.05031250000002;16.0;668.5502200255103
30622;2018-04-24 00:00:00;02:00;2018-04-24 02:00:00;;;1.2;-1.7;202.05031250000002;16.0;668.5502200255103
30622;2018-04-23 00:00:00;23:00;2018-04-23 23:00:00;;;6.6;-0.4;111.40125;15.0;466.4999075255102
30622;2018-04-23 00:00:00;20:00;2018-04-23 20:00:00;;0.0;15.6;-1.4;111.40125;15.0;466.4999075255102
30622;2018-04-23 00:00:00;17:00;2018-04-23 17:00:00;;;20.4;-2.5;111.40125;15.0;466.4999075255102
30622;2018-04-23 00:00:00;14:00;2018-04-23 14:00:00;;;21.0;-5.6;111.40125;15.0;466.4999075255102
30622;2018-04-23 00:00:00;11:00;2018-04-23 11:00:00;;;12.4;-1.9;111.40125;15.0;466.4999075255102
30622;2018-04-23 00:00:00;08:00;2018-04-23 08:00:00;;0.0;-0.2;-3.3;111.40125;15.0;466.4999075255102
30622;2018-04-23 00:00:00;05:00;2018-04-23 05:00:00;;;-2.0;-5.2;111.40125;15.0;466.4999075255102
30622;2018-04-23 00:00:00;02:00;2018-04-23 02:00:00;;;-0.6;-3.9;111.40125;15.0;466.4999075255102
30622;2018-04-22 00:00:00;23:00;2018-04-22 23:00:00;;;4.9;-4.6;98.3125;14.0;355.0986575255102
30622;2018-04-22 00:00:00;20:00;2018-04-22 20:00:00;;0.0;14.0;-7.0;98.3125;14.0;355.0986575255102
30622;2018-04-22 00:00:00;17:00;2018-04-22 17:00:00;;;19.5;-9.2;98.3125;14.0;355.0986575255102
30622;2018-04-22 00:00:00;14:00;2018-04-22 14:00:00;;;17.3;-1.9;98.3125;14.0;355.0986575255102
30622;2018-04-22 00:00:00;11:00;2018-04-22 11:00:00;;;9.1;-0.3;98.3125;14.0;355.0986575255102
30622;2018-04-22 00:00:00;08:00;2018-04-22 08:00:00;;0.0;1.0;-2.0;98.3125;14.0;355.0986575255102
30622;2018-04-22 00:00:00;05:00;2018-04-22 05:00:00;;;-2.2;-4.4;98.3125;14.0;355.0986575255102
30622;2018-04-22 00:00:00;02:00;2018-04-22 02:00:00;;;1.4;-2.4;98.3125;14.0;355.0986575255102
30622;2018-04-21 00:00:00;23:00;2018-04-21 23:00:00;;;4.9;-2.8;91.12183673469389;13.0;256.7861575255102
30622;2018-04-21 00:00:00;20:00;2018-04-21 20:00:00;;0.0;11.3;-4.2;91.12183673469389;13.0;256.7861575255102
30622;2018-04-21 00:00:00;17:00;2018-04-21 17:00:00;;;14.6;-5.3;91.12183673469389;13.0;256.7861575255102
30622;2018-04-21 00:00:00;14:00;2018-04-21 14:00:00;;;13.2;-4.3;91.12183673469389;13.0;256.7861575255102
30622;2018-04-21 00:00:00;11:00;2018-04-21 11:00:00;;;9.4;-6.0;91.12183673469389;13.0;256.7861575255102
30622;2018-04-21 00:00:00;08:00;2018-04-21 08:00:00;;0.0;0.5;-4.8;91.12183673469389;13.0;256.7861575255102
30622;2018-04-21 00:00:00;05:00;2018-04-21 05:00:00;;;-1.8;-5.2;91.12183673469389;13.0;256.7861575255102
30622;2018-04-21 00:00:00;02:00;2018-04-21 02:00:00;;;;-5.8;91.12183673469389;13.0;256.7861575255102
30622;2018-04-20 00:00:00;23:00;2018-04-20 23:00:00;;;;-6.3;40.92510204081633;12.0;165.6643207908163
30622;2018-04-20 00:00:00;20:00;2018-04-20 20:00:00;;0.0;7.6;-7.7;40.92510204081633;12.0;165.6643207908163
30622;2018-04-20 00:00:00;17:00;2018-04-20 17:00:00;;;10.2;-8.4;40.92510204081633;12.0;165.6643207908163
30622;2018-04-20 00:00:00;14:00;2018-04-20 14:00:00;;;8.6;-8.9;40.92510204081633;12.0;165.6643207908163
30622;2018-04-20 00:00:00;11:00;2018-04-20 11:00:00;;;4.6;-8.9;40.92510204081633;12.0;165.6643207908163
30622;2018-04-20 00:00:00;08:00;2018-04-20 08:00:00;;0.0;-1.2;-6.5;40.92510204081633;12.0;165.6643207908163
30622;2018-04-20 00:00:00;05:00;2018-04-20 05:00:00;;;-3.8;-7.8;40.92510204081633;12.0;165.6643207908163
30622;2018-04-20 00:00:00;02:00;2018-04-20 02:00:00;;;-0.6;-6.7;40.92510204081633;12.0;165.6643207908163
30622;2018-04-19 00:00:00;23:00;2018-04-19 23:00:00;;;-0.4;-6.6;4.050000000000002;11.0;124.73921874999998
30622;2018-04-19 00:00:00;20:00;2018-04-19 20:00:00;;0.0;3.2;-7.7;4.050000000000002;11.0;124.73921874999998
30622;2018-04-19 00:00:00;17:00;2018-04-19 17:00:00;;;4.4;-9.5;4.050000000000002;11.0;124.73921874999998
30622;2018-04-19 00:00:00;14:00;2018-04-19 14:00:00;;;4.7;-11.0;4.050000000000002;11.0;124.73921874999998
30622;2018-04-19 00:00:00;11:00;2018-04-19 11:00:00;;;1.7;-11.6;4.050000000000002;11.0;124.73921874999998
30622;2018-04-19 00:00:00;08:00;2018-04-19 08:00:00;;0.0;-2.5;-7.1;4.050000000000002;11.0;124.73921874999998
30622;2018-04-19 00:00:00;05:00;2018-04-19 05:00:00;;;-3.9;-7.5;4.050000000000002;11.0;124.73921874999998
30622;2018-04-19 00:00:00;02:00;2018-04-19 02:00:00;;;-3.6;-7.4;4.050000000000002;11.0;124.73921874999998
30622;2018-04-18 00:00:00;23:00;2018-04-18 23:00:00;;;-3.2;-8.3;11.199374999999998;10.0;120.68921874999998
30622;2018-04-18 00:00:00;20:00;2018-04-18 20:00:00;;1.0;3.5;-10.9;11.199374999999998;10.0;120.68921874999998
30622;2018-04-18 00:00:00;17:00;2018-04-18 17:00:00;;;6.1;-6.2;11.199374999999998;10.0;120.68921874999998
30622;2018-04-18 00:00:00;14:00;2018-04-18 14:00:00;;;3.4;0.6;11.199374999999998;10.0;120.68921874999998
30622;2018-04-18 00:00:00;11:00;2018-04-18 11:00:00;;;7.3;-2.0;11.199374999999998;10.0;120.68921874999998
30622;2018-04-18 00:00:00;08:00;2018-04-18 08:00:00;;0.0;1.0;-4.1;11.199374999999998;10.0;120.68921874999998
30622;2018-04-18 00:00:00;05:00;2018-04-18 05:00:00;;;-3.4;-5.2;11.199374999999998;10.0;120.68921874999998
30622;2018-04-18 00:00:00;02:00;2018-04-18 02:00:00;;;-1.5;-5.0;11.199374999999998;10.0;120.68921874999998
30622;2018-04-17 00:00:00;23:00;2018-04-17 23:00:00;;;0.8;-4.6;46.46578125000001;9.0;109.48984374999998
30622;2018-04-17 00:00:00;20:00;2018-04-17 20:00:00;;0.0;11.7;-7.1;46.46578125000001;9.0;109.48984374999998
30622;2018-04-17 00:00:00;17:00;2018-04-17 17:00:00;;;14.5;-5.9;46.46578125000001;9.0;109.48984374999998
30622;2018-04-17 00:00:00;14:00;2018-04-17 14:00:00;;;13.8;-5.3;46.46578125000001;9.0;109.48984374999998
30622;2018-04-17 00:00:00;11:00;2018-04-17 11:00:00;;;6.8;-5.3;46.46578125000001;9.0;109.48984374999998
30622;2018-04-17 00:00:00;08:00;2018-04-17 08:00:00;;0.0;-2.8;-6.5;46.46578125000001;9.0;109.48984374999998
30622;2018-04-17 00:00:00;05:00;2018-04-17 05:00:00;;;-5.1;-6.8;46.46578125000001;9.0;109.48984374999998
30622;2018-04-17 00:00:00;02:00;2018-04-17 02:00:00;;;-4.0;-6.1;46.46578125000001;9.0;109.48984374999998
30622;2018-04-16 00:00:00;23:00;2018-04-16 23:00:00;;;-1.1;-5.8;31.724999999999998;8.0;63.02406249999996
30622;2018-04-16 00:00:00;20:00;2018-04-16 20:00:00;;0.0;5.9;-6.1;31.724999999999998;8.0;63.02406249999996
30622;2018-04-16 00:00:00;17:00;2018-04-16 17:00:00;;;9.8;-10.2;31.724999999999998;8.0;63.02406249999996
30622;2018-04-16 00:00:00;14:00;2018-04-16 14:00:00;;;8.1;-10.7;31.724999999999998;8.0;63.02406249999996
30622;2018-04-16 00:00:00;11:00;2018-04-16 11:00:00;;;5.2;-10.4;31.724999999999998;8.0;63.02406249999996
30622;2018-04-16 00:00:00;08:00;2018-04-16 08:00:00;;0.0;0.5;-5.9;31.724999999999998;8.0;63.02406249999996
30622;2018-04-16 00:00:00;05:00;2018-04-16 05:00:00;;;-3.3;-6.5;31.724999999999998;8.0;63.02406249999996
30622;2018-04-16 00:00:00;02:00;2018-04-16 02:00:00;;;-1.1;-5.0;31.724999999999998;8.0;63.02406249999996
30622;2018-04-15 00:00:00;23:00;2018-04-15 23:00:00;;;1.0;-4.1;26.7815625;7.0;31.299062499999955
30622;2018-04-15 00:00:00;20:00;2018-04-15 20:00:00;;0.0;4.7;-2.8;26.7815625;7.0;31.299062499999955
30622;2018-04-15 00:00:00;17:00;2018-04-15 17:00:00;;;8.8;-3.1;26.7815625;7.0;31.299062499999955
30622;2018-04-15 00:00:00;14:00;2018-04-15 14:00:00;;;11.8;-1.8;26.7815625;7.0;31.299062499999955
30622;2018-04-15 00:00:00;11:00;2018-04-15 11:00:00;;;7.4;-4.3;26.7815625;7.0;31.299062499999955
30622;2018-04-15 00:00:00;08:00;2018-04-15 08:00:00;;0.0;-0.5;-4.0;26.7815625;7.0;31.299062499999955
30622;2018-04-15 00:00:00;05:00;2018-04-15 05:00:00;;;-2.2;-4.4;26.7815625;7.0;31.299062499999955
30622;2018-04-15 00:00:00;02:00;2018-04-15 02:00:00;;;-1.6;-4.4;26.7815625;7.0;31.299062499999955
30622;2018-04-14 00:00:00;23:00;2018-04-14 23:00:00;;;1.3;-3.9;44.76;6.0;4.517499999999956
30622;2018-04-14 00:00:00;20:00;2018-04-14 20:00:00;;0.0;8.3;-4.6;44.76;6.0;4.517499999999956
30622;2018-04-14 00:00:00;17:00;2018-04-14 17:00:00;;;14.5;-5.1;44.76;6.0;4.517499999999956
30622;2018-04-14 00:00:00;14:00;2018-04-14 14:00:00;;;14.6;-4.6;44.76;6.0;4.517499999999956
30622;2018-04-14 00:00:00;11:00;2018-04-14 11:00:00;;;7.8;-5.1;44.76;6.0;4.517499999999956
30622;2018-04-14 00:00:00;08:00;2018-04-14 08:00:00;;0.0;-1.7;-5.1;44.76;6.0;4.517499999999956
30622;2018-04-14 00:00:00;05:00;2018-04-14 05:00:00;;;-4.5;-5.9;44.76;6.0;4.517499999999956
30622;2018-04-14 00:00:00;02:00;2018-04-14 02:00:00;;;-3.0;-5.2;44.76;6.0;4.517499999999956
30622;2018-04-13 00:00:00;23:00;2018-04-13 23:00:00;;;-0.7;-4.8;21.299687499999997;5.0;-40.24250000000004
30622;2018-04-13 00:00:00;20:00;2018-04-13 20:00:00;;0.0;6.4;-5.0;21.299687499999997;5.0;-40.24250000000004
30622;2018-04-13 00:00:00;17:00;2018-04-13 17:00:00;;;10.6;-7.4;21.299687499999997;5.0;-40.24250000000004
30622;2018-04-13 00:00:00;14:00;2018-04-13 14:00:00;;;8.6;-6.0;21.299687499999997;5.0;-40.24250000000004
30622;2018-04-13 00:00:00;11:00;2018-04-13 11:00:00;;;4.8;-3.1;21.299687499999997;5.0;-40.24250000000004
30622;2018-04-13 00:00:00;08:00;2018-04-13 08:00:00;;0.0;-1.7;-4.9;21.299687499999997;5.0;-40.24250000000004
30622;2018-04-13 00:00:00;05:00;2018-04-13 05:00:00;;;-4.2;-6.1;21.299687499999997;5.0;-40.24250000000004
30622;2018-04-13 00:00:00;02:00;2018-04-13 02:00:00;;;-2.4;-5.0;21.299687499999997;5.0;-40.24250000000004
30622;2018-12-04 00:00:00;23:00;2018-12-04 23:00:00;;;1.0;-5.3;20.144999999999996;25.0;-1253.41671875
30622;2018-12-04 00:00:00;20:00;2018-12-04 20:00:00;;0.0;3.4;-4.3;20.144999999999996;25.0;-1253.41671875
30622;2018-12-04 00:00:00;17:00;2018-12-04 17:00:00;;;7.8;-6.9;20.144999999999996;25.0;-1253.41671875
30622;2018-12-04 00:00:00;14:00;2018-12-04 14:00:00;;;7.0;-7.0;20.144999999999996;25.0;-1253.41671875
30622;2018-12-04 00:00:00;11:00;2018-12-04 11:00:00;;;6.3;-5.7;20.144999999999996;25.0;-1253.41671875
30622;2018-12-04 00:00:00;08:00;2018-12-04 08:00:00;;0.0;-0.5;-4.3;20.144999999999996;25.0;-1253.41671875
30622;2018-12-04 00:00:00;05:00;2018-12-04 05:00:00;;;-2.7;-5.0;20.144999999999996;25.0;-1253.41671875
30622;2018-12-04 00:00:00;02:00;2018-12-04 02:00:00;;;-1.9;-4.3;20.144999999999996;25.0;-1253.41671875
30622;2018-11-04 00:00:00;23:00;2018-11-04 23:00:00;;;2.3;-3.6;3.5648437499999988;15.0;-271.64337053571415
30622;2018-11-04 00:00:00;20:00;2018-11-04 20:00:00;;0.0;4.1;-3.1;3.5648437499999988;15.0;-271.64337053571415
30622;2018-11-04 00:00:00;17:00;2018-11-04 17:00:00;;;7.1;-8.0;3.5648437499999988;15.0;-271.64337053571415
30622;2018-11-04 00:00:00;14:00;2018-11-04 14:00:00;;;6.6;-8.9;3.5648437499999988;15.0;-271.64337053571415
30622;2018-11-04 00:00:00;11:00;2018-11-04 11:00:00;;;1.5;-6.9;3.5648437499999988;15.0;-271.64337053571415
30622;2018-11-04 00:00:00;08:00;2018-11-04 08:00:00;;0.0;-5.2;-8.1;3.5648437499999988;15.0;-271.64337053571415
30622;2018-11-04 00:00:00;05:00;2018-11-04 05:00:00;;;-6.6;-8.3;3.5648437499999988;15.0;-271.64337053571415
30622;2018-11-04 00:00:00;02:00;2018-11-04 02:00:00;;;-5.9;-7.7;3.5648437499999988;15.0;-271.64337053571415
30622;2018-10-04 00:00:00;23:00;2018-10-04 23:00:00;;;-3.6;-7.4;-3.9975000000000005;8.0;-257.2931249999998
30622;2018-10-04 00:00:00;20:00;2018-10-04 20:00:00;;0.0;1.5;-9.1;-3.9975000000000005;8.0;-257.2931249999998
30622;2018-10-04 00:00:00;17:00;2018-10-04 17:00:00;;;5.5;-11.5;-3.9975000000000005;8.0;-257.2931249999998
30622;2018-10-04 00:00:00;14:00;2018-10-04 14:00:00;;;4.5;-10.7;-3.9975000000000005;8.0;-257.2931249999998
30622;2018-10-04 00:00:00;11:00;2018-10-04 11:00:00;;;2.1;-7.6;-3.9975000000000005;8.0;-257.2931249999998
30622;2018-10-04 00:00:00;08:00;2018-10-04 08:00:00;;0.0;-4.4;-7.1;-3.9975000000000005;8.0;-257.2931249999998
30622;2018-10-04 00:00:00;05:00;2018-10-04 05:00:00;;;-5.3;-6.9;-3.9975000000000005;8.0;-257.2931249999998
30622;2018-10-04 00:00:00;02:00;2018-10-04 02:00:00;;;-4.4;-6.2;-3.9975000000000005;8.0;-257.2931249999998
30622;2018-09-04 00:00:00;23:00;2018-09-04 23:00:00;;;-2.3;-5.0;2.7624999999999997;1.0;-28.82937499999999
30622;2018-09-04 00:00:00;20:00;2018-09-04 20:00:00;;;0.3;-5.1;2.7624999999999997;1.0;-28.82937499999999
30622;2018-09-04 00:00:00;17:00;2018-09-04 17:00:00;;;5.3;-8.3;2.7624999999999997;1.0;-28.82937499999999
30622;2018-09-04 00:00:00;14:00;2018-09-04 14:00:00;;;3.1;-8.1;2.7624999999999997;1.0;-28.82937499999999
30622;2018-09-04 00:00:00;11:00;2018-09-04 11:00:00;;;1.8;-7.1;2.7624999999999997;1.0;-28.82937499999999
30622;2018-09-04 00:00:00;08:00;2018-09-04 08:00:00;;0.0;-1.1;-6.8;2.7624999999999997;1.0;-28.82937499999999
30622;2018-09-04 00:00:00;05:00;2018-09-04 05:00:00;;;-2.1;-5.2;2.7624999999999997;1.0;-28.82937499999999
30622;2018-09-04 00:00:00;02:00;2018-09-04 02:00:00;;;-1.6;-3.0;2.7624999999999997;1.0;-28.82937499999999
30622;2018-08-04 00:00:00;23:00;2018-08-04 23:00:00;;;-0.2;-2.1;10.346874999999999;5.0;-70.75796875000003
30622;2018-08-04 00:00:00;20:00;2018-08-04 20:00:00;;0.0;4.4;-0.6;10.346874999999999;5.0;-70.75796875000003
30622;2018-08-04 00:00:00;17:00;2018-08-04 17:00:00;;;6.6;0.7;10.346874999999999;5.0;-70.75796875000003
30622;2018-08-04 00:00:00;14:00;2018-08-04 14:00:00;;;7.9;-0.9;10.346874999999999;5.0;-70.75796875000003
30622;2018-08-04 00:00:00;11:00;2018-08-04 11:00:00;;;4.0;-4.8;10.346874999999999;5.0;-70.75796875000003
30622;2018-08-04 00:00:00;08:00;2018-08-04 08:00:00;;0.0;-1.1;-4.4;10.346874999999999;5.0;-70.75796875000003
30622;2018-08-04 00:00:00;05:00;2018-08-04 05:00:00;;;-2.4;-4.5;10.346874999999999;5.0;-70.75796875000003
30622;2018-08-04 00:00:00;02:00;2018-08-04 02:00:00;;;-2.0;-4.7;10.346874999999999;5.0;-70.75796875000003
30622;2018-07-04 00:00:00;23:00;2018-07-04 23:00:00;;;-1.0;-5.1;11.0403125;4.0;-190.90593750000002
30622;2018-07-04 00:00:00;20:00;2018-07-04 20:00:00;;0.0;3.9;-6.2;11.0403125;4.0;-190.90593750000002
30622;2018-07-04 00:00:00;17:00;2018-07-04 17:00:00;;;11.5;-10.7;11.0403125;4.0;-190.90593750000002
30622;2018-07-04 00:00:00;14:00;2018-07-04 14:00:00;;;8.8;-8.7;11.0403125;4.0;-190.90593750000002
30622;2018-07-04 00:00:00;11:00;2018-07-04 11:00:00;;;1.5;-6.1;11.0403125;4.0;-190.90593750000002
30622;2018-07-04 00:00:00;08:00;2018-07-04 08:00:00;Снежный покров не постоянный.;0.0;-5.3;-7.6;11.0403125;4.0;-190.90593750000002
30622;2018-07-04 00:00:00;05:00;2018-07-04 05:00:00;;;-5.1;-7.6;11.0403125;4.0;-190.90593750000002
30622;2018-07-04 00:00:00;02:00;2018-07-04 02:00:00;;;-4.0;-6.3;11.0403125;4.0;-190.90593750000002
30622;2018-06-04 00:00:00;23:00;2018-06-04 23:00:00;;;-3.0;-5.4;-23.96625;10.0;1057.3053125000001
30622;2018-06-04 00:00:00;20:00;2018-06-04 20:00:00;;0.0;1.8;-6.8;-23.96625;10.0;1057.3053125000001
30622;2018-06-04 00:00:00;17:00;2018-06-04 17:00:00;;;3.1;-7.7;-23.96625;10.0;1057.3053125000001
30622;2018-06-04 00:00:00;14:00;2018-06-04 14:00:00;;;0.2;-9.5;-23.96625;10.0;1057.3053125000001
30622;2018-06-04 00:00:00;11:00;2018-06-04 11:00:00;;;-4.0;-11.8;-23.96625;10.0;1057.3053125000001
30622;2018-06-04 00:00:00;08:00;2018-06-04 08:00:00;Снежный покров не постоянный.;0.0;-8.7;-13.2;-23.96625;10.0;1057.3053125000001
30622;2018-06-04 00:00:00;05:00;2018-06-04 05:00:00;;;-10.3;-13.1;-23.96625;10.0;1057.3053125000001
30622;2018-06-04 00:00:00;02:00;2018-06-04 02:00:00;;;-9.9;-13.1;-23.96625;10.0;1057.3053125000001
30622;2018-05-04 00:00:00;23:00;2018-05-04 23:00:00;;;-8.8;-13.1;-46.509375;7.0;-220.40500000000011
30622;2018-05-04 00:00:00;20:00;2018-05-04 20:00:00;;0.0;-4.6;-15.3;-46.509375;7.0;-220.40500000000011
30622;2018-05-04 00:00:00;17:00;2018-05-04 17:00:00;;;-2.5;-17.1;-46.509375;7.0;-220.40500000000011
30622;2018-05-04 00:00:00;14:00;2018-05-04 14:00:00;;;-3.6;-16.5;-46.509375;7.0;-220.40500000000011
30622;2018-05-04 00:00:00;11:00;2018-05-04 11:00:00;;;-5.0;-14.6;-46.509375;7.0;-220.40500000000011
30622;2018-05-04 00:00:00;08:00;2018-05-04 08:00:00;Снежный покров не постоянный.;0.0;-7.1;-11.2;-46.509375;7.0;-220.40500000000011
30622;2018-05-04 00:00:00;05:00;2018-05-04 05:00:00;;;-7.5;-11.6;-46.509375;7.0;-220.40500000000011
30622;2018-05-04 00:00:00;02:00;2018-05-04 02:00:00;;;-6.0;-11.7;-46.509375;7.0;-220.40500000000011
30622;2018-04-04 00:00:00;23:00;2018-04-04 23:00:00;;;-4.2;-10.8;-39.543749999999996;27.0;-967.5117187500002
30622;2018-04-04 00:00:00;20:00;2018-04-04 20:00:00;;0.0;-1.8;-11.1;-39.543749999999996;27.0;-967.5117187500002
30622;2018-04-04 00:00:00;17:00;2018-04-04 17:00:00;;;2.3;-14.4;-39.543749999999996;27.0;-967.5117187500002
30622;2018-04-04 00:00:00;14:00;2018-04-04 14:00:00;;;2.7;-15.2;-39.543749999999996;27.0;-967.5117187500002
30622;2018-04-04 00:00:00;11:00;2018-04-04 11:00:00;;;-4.2;-12.3;-39.543749999999996;27.0;-967.5117187500002
30622;2018-04-04 00:00:00;08:00;2018-04-04 08:00:00;1.0;0.0;-9.7;-14.6;-39.543749999999996;27.0;-967.5117187500002
30622;2018-04-04 00:00:00;05:00;2018-04-04 05:00:00;;;-11.5;-14.9;-39.543749999999996;27.0;-967.5117187500002
30622;2018-04-04 00:00:00;02:00;2018-04-04 02:00:00;;;-9.6;-13.0;-39.543749999999996;27.0;-967.5117187500002
30622;2018-03-04 00:00:00;23:00;2018-03-04 23:00:00;;;-5.4;-12.1;-59.509375;26.0;-1725.8579687499998
30622;2018-03-04 00:00:00;20:00;2018-03-04 20:00:00;;0.0;-2.2;-13.9;-59.509375;26.0;-1725.8579687499998
30622;2018-03-04 00:00:00;17:00;2018-03-04 17:00:00;;;-0.4;-15.5;-59.509375;26.0;-1725.8579687499998
30622;2018-03-04 00:00:00;14:00;2018-03-04 14:00:00;;;-0.7;-17.3;-59.509375;26.0;-1725.8579687499998
30622;2018-03-04 00:00:00;11:00;2018-03-04 11:00:00;;;-6.7;-13.4;-59.509375;26.0;-1725.8579687499998
30622;2018-03-04 00:00:00;08:00;2018-03-04 08:00:00;4.0;0.0;-15.0;-18.2;-59.509375;26.0;-1725.8579687499998
30622;2018-03-04 00:00:00;05:00;2018-03-04 05:00:00;;;-15.8;-17.7;-59.509375;26.0;-1725.8579687499998
30622;2018-03-04 00:00:00;02:00;2018-03-04 02:00:00;;;-9.4;-16.0;-59.509375;26.0;-1725.8579687499998
30622;2018-02-04 00:00:00;23:00;2018-02-04 23:00:00;;;-7.6;-13.3;-56.515;37.0;-3065.3855803571428
30622;2018-02-04 00:00:00;20:00;2018-02-04 20:00:00;;0.0;-5.1;-13.2;-56.515;37.0;-3065.3855803571428
30622;2018-02-04 00:00:00;17:00;2018-02-04 17:00:00;;;-3.1;-15.7;-56.515;37.0;-3065.3855803571428
30622;2018-02-04 00:00:00;14:00;2018-02-04 14:00:00;;;-2.9;-15.0;-56.515;37.0;-3065.3855803571428
30622;2018-02-04 00:00:00;11:00;2018-02-04 11:00:00;;;-3.5;-14.6;-56.515;37.0;-3065.3855803571428
30622;2018-02-04 00:00:00;08:00;2018-02-04 08:00:00;5.0;0.0;-9.4;-16.3;-56.515;37.0;-3065.3855803571428
30622;2018-02-04 00:00:00;05:00;2018-02-04 05:00:00;;;-10.6;-17.1;-56.515;37.0;-3065.3855803571428
30622;2018-02-04 00:00:00;02:00;2018-02-04 02:00:00;;;-8.6;-16.8;-56.515;37.0;-3065.3855803571428
30622;2018-01-04 00:00:00;23:00;2018-01-04 23:00:00;;;-7.5;-16.0;-61.2665625;6.0;-579.035
30622;2018-01-04 00:00:00;20:00;2018-01-04 20:00:00;;0.0;-4.3;-18.1;-61.2665625;6.0;-579.035
30622;2018-01-04 00:00:00;17:00;2018-01-04 17:00:00;;;-2.4;-18.5;-61.2665625;6.0;-579.035
30622;2018-01-04 00:00:00;14:00;2018-01-04 14:00:00;;;-3.7;-17.3;-61.2665625;6.0;-579.035
30622;2018-01-04 00:00:00;11:00;2018-01-04 11:00:00;;;-7.0;-18.8;-61.2665625;6.0;-579.035
30622;2018-01-04 00:00:00;08:00;2018-01-04 08:00:00;6.0;0.5;-8.9;-14.4;-61.2665625;6.0;-579.035
30622;2018-01-04 00:00:00;05:00;2018-01-04 05:00:00;;;-7.8;-15.9;-61.2665625;6.0;-579.035
30622;2018-01-04 00:00:00;02:00;2018-01-04 02:00:00;;;-4.1;-12.5;-61.2665625;6.0;-579.035
30622;2018-03-31 00:00:00;23:00;2018-03-31 23:00:00;;;-3.0;-5.1;6.090000000000002;23.0;-570.6418750000001
30622;2018-03-31 00:00:00;20:00;2018-03-31 20:00:00;;0.3;0.0;-4.5;6.090000000000002;23.0;-570.6418750000001
30622;2018-03-31 00:00:00;17:00;2018-03-31 17:00:00;;;7.7;-3.7;6.090000000000002;23.0;-570.6418750000001
30622;2018-03-31 00:00:00;14:00;2018-03-31 14:00:00;;;7.2;-3.3;6.090000000000002;23.0;-570.6418750000001
30622;2018-03-31 00:00:00;11:00;2018-03-31 11:00:00;;;4.9;-4.0;6.090000000000002;23.0;-570.6418750000001
30622;2018-03-31 00:00:00;08:00;2018-03-31 08:00:00;6.0;0.0;-1.4;-5.1;6.090000000000002;23.0;-570.6418750000001
30622;2018-03-31 00:00:00;05:00;2018-03-31 05:00:00;;;-4.3;-5.8;6.090000000000002;23.0;-570.6418750000001
30622;2018-03-31 00:00:00;02:00;2018-03-31 02:00:00;;;-2.4;-4.6;6.090000000000002;23.0;-570.6418750000001
30622;2018-03-30 00:00:00;23:00;2018-03-30 23:00:00;;;-0.1;-3.6;-0.8903125000000003;22.0;-576.7318750000002
30622;2018-03-30 00:00:00;20:00;2018-03-30 20:00:00;;0.0;5.1;-3.4;-0.8903125000000003;22.0;-576.7318750000002
30622;2018-03-30 00:00:00;17:00;2018-03-30 17:00:00;;;8.7;-2.8;-0.8903125000000003;22.0;-576.7318750000002
30622;2018-03-30 00:00:00;14:00;2018-03-30 14:00:00;;;4.0;-4.5;-0.8903125000000003;22.0;-576.7318750000002
30622;2018-03-30 00:00:00;11:00;2018-03-30 11:00:00;;;-2.1;-6.0;-0.8903125000000003;22.0;-576.7318750000002
30622;2018-03-30 00:00:00;08:00;2018-03-30 08:00:00;8.0;0.0;-6.1;-7.7;-0.8903125000000003;22.0;-576.7318750000002
30622;2018-03-30 00:00:00;05:00;2018-03-30 05:00:00;;;-5.7;-7.2;-0.8903125000000003;22.0;-576.7318750000002
30622;2018-03-30 00:00:00;02:00;2018-03-30 02:00:00;;;-5.2;-6.9;-0.8903125000000003;22.0;-576.7318750000002
30622;2018-03-29 00:00:00;23:00;2018-03-29 23:00:00;;;-2.8;-5.4;1.4635937500000002;21.0;-575.8415625000001
30622;2018-03-29 00:00:00;20:00;2018-03-29 20:00:00;;0.0;2.5;-4.3;1.4635937500000002;21.0;-575.8415625000001
30622;2018-03-29 00:00:00;17:00;2018-03-29 17:00:00;;;6.2;-3.8;1.4635937500000002;21.0;-575.8415625000001
30622;2018-03-29 00:00:00;14:00;2018-03-29 14:00:00;;;8.5;-5.9;1.4635937500000002;21.0;-575.8415625000001
30622;2018-03-29 00:00:00;11:00;2018-03-29 11:00:00;;;0.1;-6.0;1.4635937500000002;21.0;-575.8415625000001
30622;2018-03-29 00:00:00;08:00;2018-03-29 08:00:00;12.0;0.0;-3.6;-7.8;1.4635937500000002;21.0;-575.8415625000001
30622;2018-03-29 00:00:00;05:00;2018-03-29 05:00:00;;;-5.0;-7.2;1.4635937500000002;21.0;-575.8415625000001
30622;2018-03-29 00:00:00;02:00;2018-03-29 02:00:00;;;-4.0;-7.0;1.4635937500000002;21.0;-575.8415625000001
30622;2018-03-28 00:00:00;23:00;2018-03-28 23:00:00;;;-0.6;-7.5;-16.2421875;20.0;-577.3051562500001
30622;2018-03-28 00:00:00;20:00;2018-03-28 20:00:00;;0.0;1.3;-6.5;-16.2421875;20.0;-577.3051562500001
30622;2018-03-28 00:00:00;17:00;2018-03-28 17:00:00;;;5.0;-8.5;-16.2421875;20.0;-577.3051562500001
30622;2018-03-28 00:00:00;14:00;2018-03-28 14:00:00;;;2.6;-8.6;-16.2421875;20.0;-577.3051562500001
30622;2018-03-28 00:00:00;11:00;2018-03-28 11:00:00;;;-3.3;-8.7;-16.2421875;20.0;-577.3051562500001
30622;2018-03-28 00:00:00;08:00;2018-03-28 08:00:00;13.0;0.0;-8.1;-10.9;-16.2421875;20.0;-577.3051562500001
30622;2018-03-28 00:00:00;05:00;2018-03-28 05:00:00;;;-9.9;-12.1;-16.2421875;20.0;-577.3051562500001
30622;2018-03-28 00:00:00;02:00;2018-03-28 02:00:00;;;-6.8;-9.5;-16.2421875;20.0;-577.3051562500001
30622;2018-03-27 00:00:00;23:00;2018-03-27 23:00:00;;;-2.8;-10.7;-6.8568750000000005;19.0;-561.0629687500001
30622;2018-03-27 00:00:00;20:00;2018-03-27 20:00:00;;0.0;-2.7;-10.2;-6.8568750000000005;19.0;-561.0629687500001
30622;2018-03-27 00:00:00;17:00;2018-03-27 17:00:00;;;1.4;-12.0;-6.8568750000000005;19.0;-561.0629687500001
30622;2018-03-27 00:00:00;14:00;2018-03-27 14:00:00;;;1.0;-10.9;-6.8568750000000005;19.0;-561.0629687500001
30622;2018-03-27 00:00:00;11:00;2018-03-27 11:00:00;;;-1.5;-9.2;-6.8568750000000005;19.0;-561.0629687500001
30622;2018-03-27 00:00:00;08:00;2018-03-27 08:00:00;14.0;0.4;-2.1;-8.8;-6.8568750000000005;19.0;-561.0629687500001
30622;2018-03-27 00:00:00;05:00;2018-03-27 05:00:00;;;-0.9;-5.8;-6.8568750000000005;19.0;-561.0629687500001
30622;2018-03-27 00:00:00;02:00;2018-03-27 02:00:00;;;0.7;-2.9;-6.8568750000000005;19.0;-561.0629687500001
30622;2018-03-26 00:00:00;23:00;2018-03-26 23:00:00;;;1.2;-0.1;-7.418125;18.0;-554.2060937500002
30622;2018-03-26 00:00:00;20:00;2018-03-26 20:00:00;;0.0;4.6;-2.7;-7.418125;18.0;-554.2060937500002
30622;2018-03-26 00:00:00;17:00;2018-03-26 17:00:00;;;5.1;-3.8;-7.418125;18.0;-554.2060937500002
30622;2018-03-26 00:00:00;14:00;2018-03-26 14:00:00;;;3.8;-5.5;-7.418125;18.0;-554.2060937500002
30622;2018-03-26 00:00:00;11:00;2018-03-26 11:00:00;;;-2.3;-5.4;-7.418125;18.0;-554.2060937500002
30622;2018-03-26 00:00:00;08:00;2018-03-26 08:00:00;17.0;0.0;-8.9;-10.2;-7.418125;18.0;-554.2060937500002
30622;2018-03-26 00:00:00;05:00;2018-03-26 05:00:00;;;-10.2;-11.2;-7.418125;18.0;-554.2060937500002
30622;2018-03-26 00:00:00;02:00;2018-03-26 02:00:00;;;-7.6;-8.6;-7.418125;18.0;-554.2060937500002
30622;2018-03-25 00:00:00;23:00;2018-03-25 23:00:00;;;-5.0;-6.9;-3.4650000000000003;17.0;-546.7879687500001
30622;2018-03-25 00:00:00;20:00;2018-03-25 20:00:00;;0.3;0.8;-4.3;-3.4650000000000003;17.0;-546.7879687500001
30622;2018-03-25 00:00:00;17:00;2018-03-25 17:00:00;;;0.9;-0.4;-3.4650000000000003;17.0;-546.7879687500001
30622;2018-03-25 00:00:00;14:00;2018-03-25 14:00:00;;;6.1;-3.2;-3.4650000000000003;17.0;-546.7879687500001
30622;2018-03-25 00:00:00;11:00;2018-03-25 11:00:00;;;0.8;-3.1;-3.4650000000000003;17.0;-546.7879687500001
30622;2018-03-25 00:00:00;08:00;2018-03-25 08:00:00;18.0;0.0;-4.4;-5.7;-3.4650000000000003;17.0;-546.7879687500001
30622;2018-03-25 00:00:00;05:00;2018-03-25 05:00:00;;;-4.4;-5.6;-3.4650000000000003;17.0;-546.7879687500001
30622;2018-03-25 00:00:00;02:00;2018-03-25 02:00:00;;;-3.6;-4.8;-3.4650000000000003;17.0;-546.7879687500001
30622;2018-03-24 00:00:00;23:00;2018-03-24 23:00:00;;;-0.6;-2.6;0.2734375000000005;16.0;-543.3229687500001
30622;2018-03-24 00:00:00;20:00;2018-03-24 20:00:00;;0.0;3.4;-1.0;0.2734375000000005;16.0;-543.3229687500001
30622;2018-03-24 00:00:00;17:00;2018-03-24 17:00:00;;;13.4;-0.9;0.2734375000000005;16.0;-543.3229687500001
30622;2018-03-24 00:00:00;14:00;2018-03-24 14:00:00;;;5.7;-2.3;0.2734375000000005;16.0;-543.3229687500001
30622;2018-03-24 00:00:00;11:00;2018-03-24 11:00:00;;;-2.6;-5.1;0.2734375000000005;16.0;-543.3229687500001
30622;2018-03-24 00:00:00;08:00;2018-03-24 08:00:00;23.0;0.0;-7.2;-8.4;0.2734375000000005;16.0;-543.3229687500001
30622;2018-03-24 00:00:00;05:00;2018-03-24 05:00:00;;;-7.2;-8.3;0.2734375000000005;16.0;-543.3229687500001
30622;2018-03-24 00:00:00;02:00;2018-03-24 02:00:00;;;-4.4;-5.9;0.2734375000000005;16.0;-543.3229687500001
30622;2018-03-23 00:00:00;23:00;2018-03-23 23:00:00;;;-2.0;-4.7;4.9025;15.0;-543.5964062500001
30622;2018-03-23 00:00:00;20:00;2018-03-23 20:00:00;;0.0;4.1;-3.4;4.9025;15.0;-543.5964062500001
30622;2018-03-23 00:00:00;17:00;2018-03-23 17:00:00;;;9.1;-3.8;4.9025;15.0;-543.5964062500001
30622;2018-03-23 00:00:00;14:00;2018-03-23 14:00:00;;;4.3;-3.4;4.9025;15.0;-543.5964062500001
30622;2018-03-23 00:00:00;11:00;2018-03-23 11:00:00;;;1.1;-4.1;4.9025;15.0;-543.5964062500001
30622;2018-03-23 00:00:00;08:00;2018-03-23 08:00:00;28.0;0.0;-3.3;-5.3;4.9025;15.0;-543.5964062500001
30622;2018-03-23 00:00:00;05:00;2018-03-23 05:00:00;;;-4.1;-5.9;4.9025;15.0;-543.5964062500001
30622;2018-03-23 00:00:00;02:00;2018-03-23 02:00:00;;;-1.8;-4.4;4.9025;15.0;-543.5964062500001
30622;2018-03-22 00:00:00;23:00;2018-03-22 23:00:00;;;-1.8;-3.9;-20.386875;14.0;-548.4989062500001
30622;2018-03-22 00:00:00;20:00;2018-03-22 20:00:00;;0.0;1.7;-2.9;-20.386875;14.0;-548.4989062500001
30622;2018-03-22 00:00:00;17:00;2018-03-22 17:00:00;;;2.2;-5.3;-20.386875;14.0;-548.4989062500001
30622;2018-03-22 00:00:00;14:00;2018-03-22 14:00:00;;;-0.6;-11.0;-20.386875;14.0;-548.4989062500001
30622;2018-03-22 00:00:00;11:00;2018-03-22 11:00:00;;;-6.6;-11.6;-20.386875;14.0;-548.4989062500001
30622;2018-03-22 00:00:00;08:00;2018-03-22 08:00:00;29.0;0.0;-10.8;-13.5;-20.386875;14.0;-548.4989062500001
30622;2018-03-22 00:00:00;05:00;2018-03-22 05:00:00;;;-8.6;-12.1;-20.386875;14.0;-548.4989062500001
30622;2018-03-22 00:00:00;02:00;2018-03-22 02:00:00;;;-8.7;-12.2;-20.386875;14.0;-548.4989062500001
30622;2018-03-21 00:00:00;23:00;2018-03-21 23:00:00;;;-8.6;-13.2;-13.44875;13.0;-528.1120312500001
30622;2018-03-21 00:00:00;20:00;2018-03-21 20:00:00;;0.0;-2.0;-10.3;-13.44875;13.0;-528.1120312500001
30622;2018-03-21 00:00:00;17:00;2018-03-21 17:00:00;;;2.8;-10.6;-13.44875;13.0;-528.1120312500001
30622;2018-03-21 00:00:00;14:00;2018-03-21 14:00:00;;;1.5;-7.7;-13.44875;13.0;-528.1120312500001
30622;2018-03-21 00:00:00;11:00;2018-03-21 11:00:00;;;0.6;-14.4;-13.44875;13.0;-528.1120312500001
30622;2018-03-21 00:00:00;08:00;2018-03-21 08:00:00;30.0;0.0;-4.8;-13.0;-13.44875;13.0;-528.1120312500001
30622;2018-03-21 00:00:00;05:00;2018-03-21 05:00:00;;;-1.4;-13.1;-13.44875;13.0;-528.1120312500001
30622;2018-03-21 00:00:00;02:00;2018-03-21 02:00:00;;;1.3;-9.5;-13.44875;13.0;-528.1120312500001
30622;2018-03-20 00:00:00;23:00;2018-03-20 23:00:00;;;1.5;-4.8;-32.03203125;12.0;-514.6632812500001
30622;2018-03-20 00:00:00;20:00;2018-03-20 20:00:00;;0.0;3.6;-4.8;-32.03203125;12.0;-514.6632812500001
30622;2018-03-20 00:00:00;17:00;2018-03-20 17:00:00;;;6.6;-4.5;-32.03203125;12.0;-514.6632812500001
30622;2018-03-20 00:00:00;14:00;2018-03-20 14:00:00;;;-1.8;-7.6;-32.03203125;12.0;-514.6632812500001
30622;2018-03-20 00:00:00;11:00;2018-03-20 11:00:00;;;-10.8;-13.0;-32.03203125;12.0;-514.6632812500001
30622;2018-03-20 00:00:00;08:00;2018-03-20 08:00:00;31.0;0.0;-18.2;-20.3;-32.03203125;12.0;-514.6632812500001
30622;2018-03-20 00:00:00;05:00;2018-03-20 05:00:00;;;-17.6;-19.6;-32.03203125;12.0;-514.6632812500001
30622;2018-03-20 00:00:00;02:00;2018-03-20 02:00:00;;;-15.2;-16.8;-32.03203125;12.0;-514.6632812500001
30622;2018-03-19 00:00:00;23:00;2018-03-19 23:00:00;;;-10.2;-12.3;-32.826562499999994;11.0;-482.63125
30622;2018-03-19 00:00:00;20:00;2018-03-19 20:00:00;;0.0;-6.3;-8.8;-32.826562499999994;11.0;-482.63125
30622;2018-03-19 00:00:00;17:00;2018-03-19 17:00:00;;;5.0;-6.8;-32.826562499999994;11.0;-482.63125
30622;2018-03-19 00:00:00;14:00;2018-03-19 14:00:00;;;-3.5;-9.7;-32.826562499999994;11.0;-482.63125
30622;2018-03-19 00:00:00;11:00;2018-03-19 11:00:00;;;-11.7;-13.4;-32.826562499999994;11.0;-482.63125
30622;2018-03-19 00:00:00;08:00;2018-03-19 08:00:00;32.0;0.0;-16.9;-19.0;-32.826562499999994;11.0;-482.63125
30622;2018-03-19 00:00:00;05:00;2018-03-19 05:00:00;;;-15.7;-17.5;-32.826562499999994;11.0;-482.63125
30622;2018-03-19 00:00:00;02:00;2018-03-19 02:00:00;;;-11.2;-12.8;-32.826562499999994;11.0;-482.63125
30622;2018-03-18 00:00:00;23:00;2018-03-18 23:00:00;;;-7.6;-9.4;-14.913749999999997;10.0;-449.80468750000006
30622;2018-03-18 00:00:00;20:00;2018-03-18 20:00:00;;0.0;-1.3;-5.1;-14.913749999999997;10.0;-449.80468750000006
30622;2018-03-18 00:00:00;17:00;2018-03-18 17:00:00;;;3.4;-6.0;-14.913749999999997;10.0;-449.80468750000006
30622;2018-03-18 00:00:00;14:00;2018-03-18 14:00:00;;;1.6;-5.2;-14.913749999999997;10.0;-449.80468750000006
30622;2018-03-18 00:00:00;11:00;2018-03-18 11:00:00;;;-2.3;-8.0;-14.913749999999997;10.0;-449.80468750000006
30622;2018-03-18 00:00:00;08:00;2018-03-18 08:00:00;34.0;0.0;-7.6;-9.5;-14.913749999999997;10.0;-449.80468750000006
30622;2018-03-18 00:00:00;05:00;2018-03-18 05:00:00;;;-7.5;-9.5;-14.913749999999997;10.0;-449.80468750000006
30622;2018-03-18 00:00:00;02:00;2018-03-18 02:00:00;;;-7.8;-9.2;-14.913749999999997;10.0;-449.80468750000006
30622;2018-03-17 00:00:00;23:00;2018-03-17 23:00:00;;;-4.4;-7.2;-9.085156249999999;9.0;-434.89093750000006
30622;2018-03-17 00:00:00;20:00;2018-03-17 20:00:00;;0.0;0.6;-5.0;-9.085156249999999;9.0;-434.89093750000006
30622;2018-03-17 00:00:00;17:00;2018-03-17 17:00:00;;;2.5;-5.1;-9.085156249999999;9.0;-434.89093750000006
30622;2018-03-17 00:00:00;14:00;2018-03-17 14:00:00;;;2.1;-5.8;-9.085156249999999;9.0;-434.89093750000006
30622;2018-03-17 00:00:00;11:00;2018-03-17 11:00:00;;;1.0;-6.0;-9.085156249999999;9.0;-434.89093750000006
30622;2018-03-17 00:00:00;08:00;2018-03-17 08:00:00;34.0;0.0;-3.5;-6.3;-9.085156249999999;9.0;-434.89093750000006
30622;2018-03-17 00:00:00;05:00;2018-03-17 05:00:00;;;-6.7;-9.2;-9.085156249999999;9.0;-434.89093750000006
30622;2018-03-17 00:00:00;02:00;2018-03-17 02:00:00;;;-6.1;-10.0;-9.085156249999999;9.0;-434.89093750000006
30622;2018-03-16 00:00:00;23:00;2018-03-16 23:00:00;;;-1.3;-7.7;-76.93312499999998;8.0;-425.80578125000005
30622;2018-03-16 00:00:00;20:00;2018-03-16 20:00:00;;0.0;1.8;-7.8;-76.93312499999998;8.0;-425.80578125000005
30622;2018-03-16 00:00:00;17:00;2018-03-16 17:00:00;;;-6.8;-12.7;-76.93312499999998;8.0;-425.80578125000005
30622;2018-03-16 00:00:00;14:00;2018-03-16 14:00:00;;;-11.5;-17.7;-76.93312499999998;8.0;-425.80578125000005
30622;2018-03-16 00:00:00;11:00;2018-03-16 11:00:00;;;-19.4;-24.6;-76.93312499999998;8.0;-425.80578125000005
30622;2018-03-16 00:00:00;08:00;2018-03-16 08:00:00;35.0;0.0;-26.3;-29.3;-76.93312499999998;8.0;-425.80578125000005
30622;2018-03-16 00:00:00;05:00;2018-03-16 05:00:00;;;-27.0;-29.9;-76.93312499999998;8.0;-425.80578125000005
30622;2018-03-16 00:00:00;02:00;2018-03-16 02:00:00;;;-25.9;-29.0;-76.93312499999998;8.0;-425.80578125000005
30622;2018-03-15 00:00:00;23:00;2018-03-15 23:00:00;;;-23.2;-26.6;-114.86031250000002;7.0;-348.8726562500001
30622;2018-03-15 00:00:00;20:00;2018-03-15 20:00:00;;0.0;-18.2;-23.4;-114.86031250000002;7.0;-348.8726562500001
30622;2018-03-15 00:00:00;17:00;2018-03-15 17:00:00;;;-12.3;-21.9;-114.86031250000002;7.0;-348.8726562500001
30622;2018-03-15 00:00:00;14:00;2018-03-15 14:00:00;;;-17.0;-23.7;-114.86031250000002;7.0;-348.8726562500001
30622;2018-03-15 00:00:00;11:00;2018-03-15 11:00:00;;;-23.7;-29.3;-114.86031250000002;7.0;-348.8726562500001
30622;2018-03-15 00:00:00;08:00;2018-03-15 08:00:00;36.0;0.0;-31.3;-34.7;-114.86031250000002;7.0;-348.8726562500001
30622;2018-03-15 00:00:00;05:00;2018-03-15 05:00:00;;;-31.4;-34.4;-114.86031250000002;7.0;-348.8726562500001
30622;2018-03-15 00:00:00;02:00;2018-03-15 02:00:00;;;-27.6;-30.5;-114.86031250000002;7.0;-348.8726562500001
30622;2018-03-14 00:00:00;23:00;2018-03-14 23:00:00;;;-25.4;-28.0;-97.09468750000002;6.0;-234.01234375000007
30622;2018-03-14 00:00:00;20:00;2018-03-14 20:00:00;;0.0;-22.0;-25.6;-97.09468750000002;6.0;-234.01234375000007
30622;2018-03-14 00:00:00;17:00;2018-03-14 17:00:00;;;-15.9;-22.4;-97.09468750000002;6.0;-234.01234375000007
30622;2018-03-14 00:00:00;14:00;2018-03-14 14:00:00;;;-19.4;-25.1;-97.09468750000002;6.0;-234.01234375000007
30622;2018-03-14 00:00:00;11:00;2018-03-14 11:00:00;;;-26.3;-30.2;-97.09468750000002;6.0;-234.01234375000007
30622;2018-03-14 00:00:00;08:00;2018-03-14 08:00:00;36.0;0.0;-31.3;-34.8;-97.09468750000002;6.0;-234.01234375000007
30622;2018-03-14 00:00:00;05:00;2018-03-14 05:00:00;;;-30.1;-33.1;-97.09468750000002;6.0;-234.01234375000007
30622;2018-03-14 00:00:00;02:00;2018-03-14 02:00:00;;;-27.5;-30.1;-97.09468750000002;6.0;-234.01234375000007
30622;2018-03-13 00:00:00;23:00;2018-03-13 23:00:00;;;-24.8;-28.1;-92.60671875000001;5.0;-136.91765625000005
30622;2018-03-13 00:00:00;20:00;2018-03-13 20:00:00;;0.0;-15.7;-21.5;-92.60671875000001;5.0;-136.91765625000005
30622;2018-03-13 00:00:00;17:00;2018-03-13 17:00:00;;;-8.9;-20.1;-92.60671875000001;5.0;-136.91765625000005
30622;2018-03-13 00:00:00;14:00;2018-03-13 14:00:00;;;-9.8;-21.5;-92.60671875000001;5.0;-136.91765625000005
30622;2018-03-13 00:00:00;11:00;2018-03-13 11:00:00;;;-11.6;-18.7;-92.60671875000001;5.0;-136.91765625000005
30622;2018-03-13 00:00:00;08:00;2018-03-13 08:00:00;36.0;0.0;-17.4;-20.1;-92.60671875000001;5.0;-136.91765625000005
30622;2018-03-13 00:00:00;05:00;2018-03-13 05:00:00;;;-18.5;-21.7;-92.60671875000001;5.0;-136.91765625000005
30622;2018-03-13 00:00:00;02:00;2018-03-13 02:00:00;;;-11.6;-16.7;-92.60671875000001;5.0;-136.91765625000005
30622;2018-12-03 00:00:00;23:00;2018-12-03 23:00:00;;;-7.8;-15.2;-39.49171875;24.0;-1273.56171875
30622;2018-12-03 00:00:00;20:00;2018-12-03 20:00:00;;0.0;-7.0;-10.9;-39.49171875;24.0;-1273.56171875
30622;2018-12-03 00:00:00;17:00;2018-12-03 17:00:00;;;-5.5;-11.3;-39.49171875;24.0;-1273.56171875
30622;2018-12-03 00:00:00;14:00;2018-12-03 14:00:00;;;-8.0;-12.7;-39.49171875;24.0;-1273.56171875
30622;2018-12-03 00:00:00;11:00;2018-12-03 11:00:00;;;-11.8;-15.8;-39.49171875;24.0;-1273.56171875
30622;2018-12-03 00:00:00;08:00;2018-12-03 08:00:00;37.0;0.0;-14.1;-16.3;-39.49171875;24.0;-1273.56171875
30622;2018-12-03 00:00:00;05:00;2018-12-03 05:00:00;;;-13.9;-15.6;-39.49171875;24.0;-1273.56171875
30622;2018-12-03 00:00:00;02:00;2018-12-03 02:00:00;;;-7.8;-11.4;-39.49171875;24.0;-1273.56171875
30622;2018-11-03 00:00:00;23:00;2018-11-03 23:00:00;;;-6.4;-8.5;-29.566250000000004;14.0;-275.2082142857142
30622;2018-11-03 00:00:00;20:00;2018-11-03 20:00:00;;0.0;-8.1;-10.5;-29.566250000000004;14.0;-275.2082142857142
30622;2018-11-03 00:00:00;17:00;2018-11-03 17:00:00;;;-3.5;-7.6;-29.566250000000004;14.0;-275.2082142857142
30622;2018-11-03 00:00:00;14:00;2018-11-03 14:00:00;;;-6.6;-9.5;-29.566250000000004;14.0;-275.2082142857142
30622;2018-11-03 00:00:00;11:00;2018-11-03 11:00:00;;;-9.3;-13.7;-29.566250000000004;14.0;-275.2082142857142
30622;2018-11-03 00:00:00;08:00;2018-11-03 08:00:00;38.0;0.0;-17.8;-19.8;-29.566250000000004;14.0;-275.2082142857142
30622;2018-11-03 00:00:00;05:00;2018-11-03 05:00:00;;;-17.6;-19.6;-29.566250000000004;14.0;-275.2082142857142
30622;2018-11-03 00:00:00;02:00;2018-11-03 02:00:00;;;-17.9;-19.7;-29.566250000000004;14.0;-275.2082142857142
30622;2018-10-03 00:00:00;23:00;2018-10-03 23:00:00;;;-16.1;-17.8;-30.958125000000006;7.0;-253.29562499999983
30622;2018-10-03 00:00:00;20:00;2018-10-03 20:00:00;;0.4;-9.6;-12.4;-30.958125000000006;7.0;-253.29562499999983
30622;2018-10-03 00:00:00;17:00;2018-10-03 17:00:00;;;-7.2;-11.9;-30.958125000000006;7.0;-253.29562499999983
30622;2018-10-03 00:00:00;14:00;2018-10-03 14:00:00;;;-7.9;-12.8;-30.958125000000006;7.0;-253.29562499999983
30622;2018-10-03 00:00:00;11:00;2018-10-03 11:00:00;;;-11.5;-13.0;-30.958125000000006;7.0;-253.29562499999983
30622;2018-10-03 00:00:00;08:00;2018-10-03 08:00:00;38.0;0.0;-13.4;-15.1;-30.958125000000006;7.0;-253.29562499999983
30622;2018-10-03 00:00:00;05:00;2018-10-03 05:00:00;;;-14.5;-16.3;-30.958125000000006;7.0;-253.29562499999983
30622;2018-10-03 00:00:00;02:00;2018-10-03 02:00:00;;;-14.6;-16.4;-30.958125000000006;7.0;-253.29562499999983
30622;2018-09-03 00:00:00;23:00;2018-09-03 23:00:00;;;-16.1;-17.8;-31.59187499999999;0.0;-31.59187499999999
30622;2018-09-03 00:00:00;20:00;2018-09-03 20:00:00;;0.0;-9.5;-11.0;-31.59187499999999;0.0;-31.59187499999999
30622;2018-09-03 00:00:00;17:00;2018-09-03 17:00:00;;;-2.7;-8.9;-31.59187499999999;0.0;-31.59187499999999
30622;2018-09-03 00:00:00;14:00;2018-09-03 14:00:00;;;-2.9;-9.1;-31.59187499999999;0.0;-31.59187499999999
30622;2018-09-03 00:00:00;11:00;2018-09-03 11:00:00;;;-10.6;-14.3;-31.59187499999999;0.0;-31.59187499999999
30622;2018-09-03 00:00:00;08:00;2018-09-03 08:00:00;38.0;4.0;-12.7;-14.8;-31.59187499999999;0.0;-31.59187499999999
30622;2018-09-03 00:00:00;05:00;2018-09-03 05:00:00;;;-13.4;-15.1;-31.59187499999999;0.0;-31.59187499999999
30622;2018-09-03 00:00:00;02:00;2018-09-03 02:00:00;;;-13.3;-15.1;-31.59187499999999;0.0;-31.59187499999999
30622;2018-08-03 00:00:00;23:00;2018-08-03 23:00:00;;;-13.3;-15.2;-84.06718749999999;4.0;-81.10484375000003
30622;2018-08-03 00:00:00;20:00;2018-08-03 20:00:00;;0.3;-14.0;-16.3;-84.06718749999999;4.0;-81.10484375000003
30622;2018-08-03 00:00:00;17:00;2018-08-03 17:00:00;;;-13.9;-20.6;-84.06718749999999;4.0;-81.10484375000003
30622;2018-08-03 00:00:00;14:00;2018-08-03 14:00:00;;;-15.0;-22.5;-84.06718749999999;4.0;-81.10484375000003
30622;2018-08-03 00:00:00;11:00;2018-08-03 11:00:00;;;-20.8;-25.9;-84.06718749999999;4.0;-81.10484375000003
30622;2018-08-03 00:00:00;08:00;2018-08-03 08:00:00;33.0;0.0;-26.6;-30.3;-84.06718749999999;4.0;-81.10484375000003
30622;2018-08-03 00:00:00;05:00;2018-08-03 05:00:00;;;-26.3;-29.9;-84.06718749999999;4.0;-81.10484375000003
30622;2018-08-03 00:00:00;02:00;2018-08-03 02:00:00;;;-25.6;-29.4;-84.06718749999999;4.0;-81.10484375000003
30622;2018-07-03 00:00:00;23:00;2018-07-03 23:00:00;;;-24.6;-28.2;-132.43421875000004;3.0;-201.94625000000002
30622;2018-07-03 00:00:00;20:00;2018-07-03 20:00:00;;0.0;-21.4;-26.3;-132.43421875000004;3.0;-201.94625000000002
30622;2018-07-03 00:00:00;17:00;2018-07-03 17:00:00;;;-17.3;-24.9;-132.43421875000004;3.0;-201.94625000000002
30622;2018-07-03 00:00:00;14:00;2018-07-03 14:00:00;;;-23.0;-28.7;-132.43421875000004;3.0;-201.94625000000002
30622;2018-07-03 00:00:00;11:00;2018-07-03 11:00:00;;;-29.0;-34.0;-132.43421875000004;3.0;-201.94625000000002
30622;2018-07-03 00:00:00;08:00;2018-07-03 08:00:00;33.0;0.0;-36.8;-41.0;-132.43421875000004;3.0;-201.94625000000002
30622;2018-07-03 00:00:00;05:00;2018-07-03 05:00:00;;;-36.0;-39.7;-132.43421875000004;3.0;-201.94625000000002
30622;2018-07-03 00:00:00;02:00;2018-07-03 02:00:00;;;-33.2;-36.8;-132.43421875000004;3.0;-201.94625000000002
30622;2018-06-03 00:00:00;23:00;2018-06-03 23:00:00;;;-30.5;-33.7;-136.10187499999992;9.0;1081.2715625
30622;2018-06-03 00:00:00;20:00;2018-06-03 20:00:00;;0.0;-26.3;-30.6;-136.10187499999992;9.0;1081.2715625
30622;2018-06-03 00:00:00;17:00;2018-06-03 17:00:00;;;-21.3;-28.3;-136.10187499999992;9.0;1081.2715625
30622;2018-06-03 00:00:00;14:00;2018-06-03 14:00:00;;;-24.3;-30.5;-136.10187499999992;9.0;1081.2715625
30622;2018-06-03 00:00:00;11:00;2018-06-03 11:00:00;;;-30.3;-34.4;-136.10187499999992;9.0;1081.2715625
30622;2018-06-03 00:00:00;08:00;2018-06-03 08:00:00;33.0;0.0;-37.6;-41.8;-136.10187499999992;9.0;1081.2715625
30622;2018-06-03 00:00:00;05:00;2018-06-03 05:00:00;;;-35.2;-39.0;-136.10187499999992;9.0;1081.2715625
30622;2018-06-03 00:00:00;02:00;2018-06-03 02:00:00;;;-33.8;-37.4;-136.10187499999992;9.0;1081.2715625
30622;2018-05-03 00:00:00;23:00;2018-05-03 23:00:00;;;-31.7;-35.5;-123.67500000000001;6.0;-173.8956250000001
30622;2018-05-03 00:00:00;20:00;2018-05-03 20:00:00;;0.0;-27.2;-31.1;-123.67500000000001;6.0;-173.8956250000001
30622;2018-05-03 00:00:00;17:00;2018-05-03 17:00:00;;;-20.4;-26.9;-123.67500000000001;6.0;-173.8956250000001
30622;2018-05-03 00:00:00;14:00;2018-05-03 14:00:00;;;-24.0;-29.1;-123.67500000000001;6.0;-173.8956250000001
30622;2018-05-03 00:00:00;11:00;2018-05-03 11:00:00;;;-30.1;-33.9;-123.67500000000001;6.0;-173.8956250000001
30622;2018-05-03 00:00:00;08:00;2018-05-03 08:00:00;33.0;0.0;-35.6;-39.5;-123.67500000000001;6.0;-173.8956250000001
30622;2018-05-03 00:00:00;05:00;2018-05-03 05:00:00;;;-33.9;-37.7;-123.67500000000001;6.0;-173.8956250000001
30622;2018-05-03 00:00:00;02:00;2018-05-03 02:00:00;;;-29.9;-33.1;-123.67500000000001;6.0;-173.8956250000001
30622;2018-04-03 00:00:00;23:00;2018-04-03 23:00:00;;;-27.5;-30.3;-97.00624999999997;26.0;-927.9679687500002
30622;2018-04-03 00:00:00;20:00;2018-04-03 20:00:00;;0.0;-21.9;-24.8;-97.00624999999997;26.0;-927.9679687500002
30622;2018-04-03 00:00:00;17:00;2018-04-03 17:00:00;;;-15.9;-21.2;-97.00624999999997;26.0;-927.9679687500002
30622;2018-04-03 00:00:00;14:00;2018-04-03 14:00:00;;;-16.2;-25.0;-97.00624999999997;26.0;-927.9679687500002
30622;2018-04-03 00:00:00;11:00;2018-04-03 11:00:00;;;-24.7;-29.0;-97.00624999999997;26.0;-927.9679687500002
30622;2018-04-03 00:00:00;08:00;2018-04-03 08:00:00;33.0;0.0;-28.5;-31.7;-97.00624999999997;26.0;-927.9679687500002
30622;2018-04-03 00:00:00;05:00;2018-04-03 05:00:00;;;-27.8;-30.7;-97.00624999999997;26.0;-927.9679687500002
30622;2018-04-03 00:00:00;02:00;2018-04-03 02:00:00;;;-24.5;-27.5;-97.00624999999997;26.0;-927.9679687500002
30622;2018-03-03 00:00:00;23:00;2018-03-03 23:00:00;;;-22.1;-25.5;-86.55249999999998;25.0;-1666.3485937499997
30622;2018-03-03 00:00:00;20:00;2018-03-03 20:00:00;;0.0;-16.9;-22.7;-86.55249999999998;25.0;-1666.3485937499997
30622;2018-03-03 00:00:00;17:00;2018-03-03 17:00:00;;;-14.4;-22.8;-86.55249999999998;25.0;-1666.3485937499997
30622;2018-03-03 00:00:00;14:00;2018-03-03 14:00:00;;;-14.4;-21.6;-86.55249999999998;25.0;-1666.3485937499997
30622;2018-03-03 00:00:00;11:00;2018-03-03 11:00:00;;;-19.6;-22.6;-86.55249999999998;25.0;-1666.3485937499997
30622;2018-03-03 00:00:00;08:00;2018-03-03 08:00:00;34.0;0.2;-25.5;-28.4;-86.55249999999998;25.0;-1666.3485937499997
30622;2018-03-03 00:00:00;05:00;2018-03-03 05:00:00;;;-22.9;-25.2;-86.55249999999998;25.0;-1666.3485937499997
30622;2018-03-03 00:00:00;02:00;2018-03-03 02:00:00;;;-19.8;-22.4;-86.55249999999998;25.0;-1666.3485937499997
30622;2018-02-03 00:00:00;23:00;2018-02-03 23:00:00;;;-20.1;-23.7;-98.99000000000002;36.0;-3008.870580357143
30622;2018-02-03 00:00:00;20:00;2018-02-03 20:00:00;;0.0;-20.8;-24.6;-98.99000000000002;36.0;-3008.870580357143
30622;2018-02-03 00:00:00;17:00;2018-02-03 17:00:00;;;-19.0;-24.6;-98.99000000000002;36.0;-3008.870580357143
30622;2018-02-03 00:00:00;14:00;2018-02-03 14:00:00;;;-22.4;-25.5;-98.99000000000002;36.0;-3008.870580357143
30622;2018-02-03 00:00:00;11:00;2018-02-03 11:00:00;;;-28.6;-31.9;-98.99000000000002;36.0;-3008.870580357143
30622;2018-02-03 00:00:00;08:00;2018-02-03 08:00:00;34.0;0.0;-32.5;-36.3;-98.99000000000002;36.0;-3008.870580357143
30622;2018-02-03 00:00:00;05:00;2018-02-03 05:00:00;;;-33.5;-37.2;-98.99000000000002;36.0;-3008.870580357143
30622;2018-02-03 00:00:00;02:00;2018-02-03 02:00:00;;;-31.5;-35.0;-98.99000000000002;36.0;-3008.870580357143
30622;2018-01-03 00:00:00;23:00;2018-01-03 23:00:00;;;-27.8;-30.4;-89.97250000000005;5.0;-517.7684375
30622;2018-01-03 00:00:00;20:00;2018-01-03 20:00:00;;0.3;-22.8;-25.4;-89.97250000000005;5.0;-517.7684375
30622;2018-01-03 00:00:00;17:00;2018-01-03 17:00:00;;;-19.2;-22.9;-89.97250000000005;5.0;-517.7684375
30622;2018-01-03 00:00:00;14:00;2018-01-03 14:00:00;;;-21.6;-26.1;-89.97250000000005;5.0;-517.7684375
30622;2018-01-03 00:00:00;11:00;2018-01-03 11:00:00;;;-26.4;-29.6;-89.97250000000005;5.0;-517.7684375
30622;2018-01-03 00:00:00;08:00;2018-01-03 08:00:00;34.0;0.0;-30.7;-34.3;-89.97250000000005;5.0;-517.7684375
30622;2018-01-03 00:00:00;05:00;2018-01-03 05:00:00;;;-31.0;-34.6;-89.97250000000005;5.0;-517.7684375
30622;2018-01-03 00:00:00;02:00;2018-01-03 02:00:00;;;-32.2;-35.6;-89.97250000000005;5.0;-517.7684375
30622;2018-02-28 00:00:00;23:00;2018-02-28 23:00:00;;;-29.7;-32.7;-111.03749999999998;22.0;-1343.1568749999997
30622;2018-02-28 00:00:00;20:00;2018-02-28 20:00:00;;0.0;-23.4;-27.0;-111.03749999999998;22.0;-1343.1568749999997
30622;2018-02-28 00:00:00;17:00;2018-02-28 17:00:00;;;-17.3;-24.1;-111.03749999999998;22.0;-1343.1568749999997
30622;2018-02-28 00:00:00;14:00;2018-02-28 14:00:00;;;-20.4;-26.8;-111.03749999999998;22.0;-1343.1568749999997
30622;2018-02-28 00:00:00;11:00;2018-02-28 11:00:00;;;-28.0;-31.5;-111.03749999999998;22.0;-1343.1568749999997
30622;2018-02-28 00:00:00;08:00;2018-02-28 08:00:00;34.0;0.0;-32.9;-36.6;-111.03749999999998;22.0;-1343.1568749999997
30622;2018-02-28 00:00:00;05:00;2018-02-28 05:00:00;;;-30.7;-34.1;-111.03749999999998;22.0;-1343.1568749999997
30622;2018-02-28 00:00:00;02:00;2018-02-28 02:00:00;;;-29.1;-32.3;-111.03749999999998;22.0;-1343.1568749999997
30622;2018-02-27 00:00:00;23:00;2018-02-27 23:00:00;;;-27.3;-30.0;-91.01999999999998;21.0;-1232.1193749999998
30622;2018-02-27 00:00:00;20:00;2018-02-27 20:00:00;;0.0;-22.6;-25.8;-91.01999999999998;21.0;-1232.1193749999998
30622;2018-02-27 00:00:00;17:00;2018-02-27 17:00:00;;;-17.4;-23.1;-91.01999999999998;21.0;-1232.1193749999998
30622;2018-02-27 00:00:00;14:00;2018-02-27 14:00:00;;;-19.6;-25.1;-91.01999999999998;21.0;-1232.1193749999998
30622;2018-02-27 00:00:00;11:00;2018-02-27 11:00:00;;;-24.8;-27.9;-91.01999999999998;21.0;-1232.1193749999998
30622;2018-02-27 00:00:00;08:00;2018-02-27 08:00:00;34.0;0.0;-28.4;-31.7;-91.01999999999998;21.0;-1232.1193749999998
30622;2018-02-27 00:00:00;05:00;2018-02-27 05:00:00;;;-29.3;-32.5;-91.01999999999998;21.0;-1232.1193749999998
30622;2018-02-27 00:00:00;02:00;2018-02-27 02:00:00;;;-27.4;-30.3;-91.01999999999998;21.0;-1232.1193749999998
30622;2018-02-26 00:00:00;23:00;2018-02-26 23:00:00;;;-24.7;-27.4;-69.10500000000005;20.0;-1141.0993749999998
30622;2018-02-26 00:00:00;20:00;2018-02-26 20:00:00;;0.0;-20.5;-23.3;-69.10500000000005;20.0;-1141.0993749999998
30622;2018-02-26 00:00:00;17:00;2018-02-26 17:00:00;;;-14.5;-19.7;-69.10500000000005;20.0;-1141.0993749999998
30622;2018-02-26 00:00:00;14:00;2018-02-26 14:00:00;;;-16.0;-21.0;-69.10500000000005;20.0;-1141.0993749999998
30622;2018-02-26 00:00:00;11:00;2018-02-26 11:00:00;;;-22.6;-25.6;-69.10500000000005;20.0;-1141.0993749999998
30622;2018-02-26 00:00:00;08:00;2018-02-26 08:00:00;34.0;0.0;-26.8;-29.7;-69.10500000000005;20.0;-1141.0993749999998
30622;2018-02-26 00:00:00;05:00;2018-02-26 05:00:00;;;-23.7;-26.4;-69.10500000000005;20.0;-1141.0993749999998
30622;2018-02-26 00:00:00;02:00;2018-02-26 02:00:00;;;-13.8;-16.7;-69.10500000000005;20.0;-1141.0993749999998
30622;2018-02-25 00:00:00;23:00;2018-02-25 23:00:00;;;-18.8;-20.4;-76.33000000000004;19.0;-1071.9943749999998
30622;2018-02-25 00:00:00;20:00;2018-02-25 20:00:00;;0.0;-17.6;-20.8;-76.33000000000004;19.0;-1071.9943749999998
30622;2018-02-25 00:00:00;17:00;2018-02-25 17:00:00;;;-15.6;-20.3;-76.33000000000004;19.0;-1071.9943749999998
30622;2018-02-25 00:00:00;14:00;2018-02-25 14:00:00;;;-18.5;-23.8;-76.33000000000004;19.0;-1071.9943749999998
30622;2018-02-25 00:00:00;11:00;2018-02-25 11:00:00;;;-25.2;-28.7;-76.33000000000004;19.0;-1071.9943749999998
30622;2018-02-25 00:00:00;08:00;2018-02-25 08:00:00;34.0;0.0;-29.9;-33.2;-76.33000000000004;19.0;-1071.9943749999998
30622;2018-02-25 00:00:00;05:00;2018-02-25 05:00:00;;;-27.9;-30.8;-76.33000000000004;19.0;-1071.9943749999998
30622;2018-02-25 00:00:00;02:00;2018-02-25 02:00:00;;;-26.1;-28.8;-76.33000000000004;19.0;-1071.9943749999998
30622;2018-02-24 00:00:00;23:00;2018-02-24 23:00:00;;;-22.2;-25.2;-102.22968750000001;18.0;-995.6643749999998
30622;2018-02-24 00:00:00;20:00;2018-02-24 20:00:00;;0.0;-18.8;-22.5;-102.22968750000001;18.0;-995.6643749999998
30622;2018-02-24 00:00:00;17:00;2018-02-24 17:00:00;;;-17.4;-23.8;-102.22968750000001;18.0;-995.6643749999998
30622;2018-02-24 00:00:00;14:00;2018-02-24 14:00:00;;;-20.5;-26.1;-102.22968750000001;18.0;-995.6643749999998
30622;2018-02-24 00:00:00;11:00;2018-02-24 11:00:00;;;-25.8;-31.0;-102.22968750000001;18.0;-995.6643749999998
30622;2018-02-24 00:00:00;08:00;2018-02-24 08:00:00;34.0;0.0;-30.1;-33.5;-102.22968750000001;18.0;-995.6643749999998
30622;2018-02-24 00:00:00;05:00;2018-02-24 05:00:00;;;-28.9;-32.2;-102.22968750000001;18.0;-995.6643749999998
30622;2018-02-24 00:00:00;02:00;2018-02-24 02:00:00;;;-29.3;-32.6;-102.22968750000001;18.0;-995.6643749999998
30622;2018-02-23 00:00:00;23:00;2018-02-23 23:00:00;;;-27.8;-30.8;-118.14249999999991;17.0;-893.4346874999999
30622;2018-02-23 00:00:00;20:00;2018-02-23 20:00:00;;0.0;-24.3;-28.2;-118.14249999999991;17.0;-893.4346874999999
30622;2018-02-23 00:00:00;17:00;2018-02-23 17:00:00;;;-23.8;-28.6;-118.14249999999991;17.0;-893.4346874999999
30622;2018-02-23 00:00:00;14:00;2018-02-23 14:00:00;;;-27.5;-31.7;-118.14249999999991;17.0;-893.4346874999999
30622;2018-02-23 00:00:00;11:00;2018-02-23 11:00:00;;;-31.6;-35.3;-118.14249999999991;17.0;-893.4346874999999
30622;2018-02-23 00:00:00;08:00;2018-02-23 08:00:00;34.0;0.0;-37.2;-41.4;-118.14249999999991;17.0;-893.4346874999999
30622;2018-02-23 00:00:00;05:00;2018-02-23 05:00:00;;;-35.8;-40.0;-118.14249999999991;17.0;-893.4346874999999
30622;2018-02-23 00:00:00;02:00;2018-02-23 02:00:00;;;-32.8;-36.2;-118.14249999999991;17.0;-893.4346874999999
30622;2018-02-22 00:00:00;23:00;2018-02-22 23:00:00;;;-29.6;-32.8;-91.25703124999997;16.0;-775.2921875
30622;2018-02-22 00:00:00;20:00;2018-02-22 20:00:00;;0.3;-25.1;-27.8;-91.25703124999997;16.0;-775.2921875
30622;2018-02-22 00:00:00;17:00;2018-02-22 17:00:00;;;-17.4;-22.1;-91.25703124999997;16.0;-775.2921875
30622;2018-02-22 00:00:00;14:00;2018-02-22 14:00:00;;;-20.6;-26.1;-91.25703124999997;16.0;-775.2921875
30622;2018-02-22 00:00:00;11:00;2018-02-22 11:00:00;;;-26.8;-30.3;-91.25703124999997;16.0;-775.2921875
30622;2018-02-22 00:00:00;08:00;2018-02-22 08:00:00;34.0;0.0;-30.0;-33.3;-91.25703124999997;16.0;-775.2921875
30622;2018-02-22 00:00:00;05:00;2018-02-22 05:00:00;;;-27.6;-30.4;-91.25703124999997;16.0;-775.2921875
30622;2018-02-22 00:00:00;02:00;2018-02-22 02:00:00;;;-26.4;-29.4;-91.25703124999997;16.0;-775.2921875
30622;2018-02-21 00:00:00;23:00;2018-02-21 23:00:00;;;-25.2;-28.0;-62.10000000000002;15.0;-684.03515625
30622;2018-02-21 00:00:00;20:00;2018-02-21 20:00:00;;0.2;-19.6;-21.9;-62.10000000000002;15.0;-684.03515625
30622;2018-02-21 00:00:00;17:00;2018-02-21 17:00:00;;;-11.7;-16.4;-62.10000000000002;15.0;-684.03515625
30622;2018-02-21 00:00:00;14:00;2018-02-21 14:00:00;;;-14.6;-19.0;-62.10000000000002;15.0;-684.03515625
30622;2018-02-21 00:00:00;11:00;2018-02-21 11:00:00;;;-18.0;-21.9;-62.10000000000002;15.0;-684.03515625
30622;2018-02-21 00:00:00;08:00;2018-02-21 08:00:00;33.0;0.0;-19.8;-22.6;-62.10000000000002;15.0;-684.03515625
30622;2018-02-21 00:00:00;05:00;2018-02-21 05:00:00;;;-17.0;-20.0;-62.10000000000002;15.0;-684.03515625
30622;2018-02-21 00:00:00;02:00;2018-02-21 02:00:00;;;-12.1;-17.0;-62.10000000000002;15.0;-684.03515625
30622;2018-02-20 00:00:00;23:00;2018-02-20 23:00:00;;;-11.2;-16.0;-59.36328125;14.0;-621.93515625
30622;2018-02-20 00:00:00;20:00;2018-02-20 20:00:00;;0.0;-10.3;-14.1;-59.36328125;14.0;-621.93515625
30622;2018-02-20 00:00:00;17:00;2018-02-20 17:00:00;;;-8.5;-14.6;-59.36328125;14.0;-621.93515625
30622;2018-02-20 00:00:00;14:00;2018-02-20 14:00:00;;;-8.7;-15.2;-59.36328125;14.0;-621.93515625
30622;2018-02-20 00:00:00;11:00;2018-02-20 11:00:00;;;-15.7;-19.6;-59.36328125;14.0;-621.93515625
30622;2018-02-20 00:00:00;08:00;2018-02-20 08:00:00;34.0;0.3;-22.1;-24.6;-59.36328125;14.0;-621.93515625
30622;2018-02-20 00:00:00;05:00;2018-02-20 05:00:00;;;-20.8;-23.1;-59.36328125;14.0;-621.93515625
30622;2018-02-20 00:00:00;02:00;2018-02-20 02:00:00;;;-19.6;-22.2;-59.36328125;14.0;-621.93515625
30622;2018-02-19 00:00:00;23:00;2018-02-19 23:00:00;;;-20.2;-22.6;-73.79531250000004;13.0;-562.571875
30622;2018-02-19 00:00:00;20:00;2018-02-19 20:00:00;;0.3;-17.4;-19.9;-73.79531250000004;13.0;-562.571875
30622;2018-02-19 00:00:00;17:00;2018-02-19 17:00:00;;;-15.6;-19.7;-73.79531250000004;13.0;-562.571875
30622;2018-02-19 00:00:00;14:00;2018-02-19 14:00:00;;;-17.3;-22.3;-73.79531250000004;13.0;-562.571875
30622;2018-02-19 00:00:00;11:00;2018-02-19 11:00:00;;;-23.4;-27.8;-73.79531250000004;13.0;-562.571875
30622;2018-02-19 00:00:00;08:00;2018-02-19 08:00:00;33.0;0.3;-27.7;-30.6;-73.79531250000004;13.0;-562.571875
30622;2018-02-19 00:00:00;05:00;2018-02-19 05:00:00;;;-27.0;-29.9;-73.79531250000004;13.0;-562.571875
30622;2018-02-19 00:00:00;02:00;2018-02-19 02:00:00;;;-24.4;-27.5;-73.79531250000004;13.0;-562.571875
30622;2018-02-18 00:00:00;23:00;2018-02-18 23:00:00;;;-23.4;-26.4;-102.69874999999995;12.0;-488.77656249999995
30622;2018-02-18 00:00:00;20:00;2018-02-18 20:00:00;;0.3;-22.1;-25.0;-102.69874999999995;12.0;-488.77656249999995
30622;2018-02-18 00:00:00;17:00;2018-02-18 17:00:00;;;-19.7;-24.3;-102.69874999999995;12.0;-488.77656249999995
30622;2018-02-18 00:00:00;14:00;2018-02-18 14:00:00;;;-21.6;-26.8;-102.69874999999995;12.0;-488.77656249999995
30622;2018-02-18 00:00:00;11:00;2018-02-18 11:00:00;;;-30.1;-33.9;-102.69874999999995;12.0;-488.77656249999995
30622;2018-02-18 00:00:00;08:00;2018-02-18 08:00:00;33.0;0.0;-33.2;-37.0;-102.69874999999995;12.0;-488.77656249999995
30622;2018-02-18 00:00:00;05:00;2018-02-18 05:00:00;;;-31.3;-35.0;-102.69874999999995;12.0;-488.77656249999995
30622;2018-02-18 00:00:00;02:00;2018-02-18 02:00:00;;;-32.0;-35.8;-102.69874999999995;12.0;-488.77656249999995
30622;2018-02-17 00:00:00;23:00;2018-02-17 23:00:00;;;-30.4;-33.5;-124.996875;11.0;-386.0778125
30622;2018-02-17 00:00:00;20:00;2018-02-17 20:00:00;;0.0;-27.8;-31.2;-124.996875;11.0;-386.0778125
30622;2018-02-17 00:00:00;17:00;2018-02-17 17:00:00;;;-21.8;-27.3;-124.996875;11.0;-386.0778125
30622;2018-02-17 00:00:00;14:00;2018-02-17 14:00:00;;;-25.3;-31.1;-124.996875;11.0;-386.0778125
30622;2018-02-17 00:00:00;11:00;2018-02-17 11:00:00;;;-29.8;-33.8;-124.996875;11.0;-386.0778125
30622;2018-02-17 00:00:00;08:00;2018-02-17 08:00:00;33.0;0.0;-35.0;-39.0;-124.996875;11.0;-386.0778125
30622;2018-02-17 00:00:00;05:00;2018-02-17 05:00:00;;;-34.9;-38.7;-124.996875;11.0;-386.0778125
30622;2018-02-17 00:00:00;02:00;2018-02-17 02:00:00;;;-33.8;-37.7;-124.996875;11.0;-386.0778125
30622;2018-02-16 00:00:00;23:00;2018-02-16 23:00:00;;;-31.4;-34.9;-147.0218749999999;10.0;-261.0809375
30622;2018-02-16 00:00:00;20:00;2018-02-16 20:00:00;;0.0;-29.6;-33.4;-147.0218749999999;10.0;-261.0809375
30622;2018-02-16 00:00:00;17:00;2018-02-16 17:00:00;;;-25.4;-32.0;-147.0218749999999;10.0;-261.0809375
30622;2018-02-16 00:00:00;14:00;2018-02-16 14:00:00;;;-28.0;-33.9;-147.0218749999999;10.0;-261.0809375
30622;2018-02-16 00:00:00;11:00;2018-02-16 11:00:00;;;-33.8;-38.0;-147.0218749999999;10.0;-261.0809375
30622;2018-02-16 00:00:00;08:00;2018-02-16 08:00:00;33.0;0.0;-38.8;-43.1;-147.0218749999999;10.0;-261.0809375
30622;2018-02-16 00:00:00;05:00;2018-02-16 05:00:00;;;-36.0;-39.9;-147.0218749999999;10.0;-261.0809375
30622;2018-02-16 00:00:00;02:00;2018-02-16 02:00:00;;;-35.5;-39.7;-147.0218749999999;10.0;-261.0809375
30622;2018-02-15 00:00:00;23:00;2018-02-15 23:00:00;;;-32.5;-35.9;-102.96812500000003;9.0;-114.0590625000001
30622;2018-02-15 00:00:00;20:00;2018-02-15 20:00:00;;0.0;-29.1;-32.6;-102.96812500000003;9.0;-114.0590625000001
30622;2018-02-15 00:00:00;17:00;2018-02-15 17:00:00;;;-22.4;-28.1;-102.96812500000003;9.0;-114.0590625000001
30622;2018-02-15 00:00:00;14:00;2018-02-15 14:00:00;;;-25.1;-29.8;-102.96812500000003;9.0;-114.0590625000001
30622;2018-02-15 00:00:00;11:00;2018-02-15 11:00:00;;;-28.7;-32.2;-102.96812500000003;9.0;-114.0590625000001
30622;2018-02-15 00:00:00;08:00;2018-02-15 08:00:00;33.0;0.0;-33.2;-36.8;-102.96812500000003;9.0;-114.0590625000001
30622;2018-02-15 00:00:00;05:00;2018-02-15 05:00:00;;;-28.5;-31.2;-102.96812500000003;9.0;-114.0590625000001
30622;2018-02-15 00:00:00;02:00;2018-02-15 02:00:00;;;-20.9;-23.7;-102.96812500000003;9.0;-114.0590625000001
30622;2018-02-14 00:00:00;23:00;2018-02-14 23:00:00;;;-17.1;-20.5;-76.5046875;8.0;-11.090937500000067
30622;2018-02-14 00:00:00;20:00;2018-02-14 20:00:00;;0.2;-18.9;-21.7;-76.5046875;8.0;-11.090937500000067
30622;2018-02-14 00:00:00;17:00;2018-02-14 17:00:00;;;-18.3;-22.6;-76.5046875;8.0;-11.090937500000067
30622;2018-02-14 00:00:00;14:00;2018-02-14 14:00:00;;;-19.3;-24.2;-76.5046875;8.0;-11.090937500000067
30622;2018-02-14 00:00:00;11:00;2018-02-14 11:00:00;;;-22.0;-26.0;-76.5046875;8.0;-11.090937500000067
30622;2018-02-14 00:00:00;08:00;2018-02-14 08:00:00;33.0;0.3;-24.1;-27.0;-76.5046875;8.0;-11.090937500000067
30622;2018-02-14 00:00:00;05:00;2018-02-14 05:00:00;;;-25.7;-28.8;-76.5046875;8.0;-11.090937500000067
30622;2018-02-14 00:00:00;02:00;2018-02-14 02:00:00;;;-26.4;-29.5;-76.5046875;8.0;-11.090937500000067
30622;2018-02-13 00:00:00;23:00;2018-02-13 23:00:00;;;-28.2;-31.1;-101.70656250000002;7.0;65.41374999999994
30622;2018-02-13 00:00:00;20:00;2018-02-13 20:00:00;;0.0;-24.7;-27.6;-101.70656250000002;7.0;65.41374999999994
30622;2018-02-13 00:00:00;17:00;2018-02-13 17:00:00;;;-17.7;-24.1;-101.70656250000002;7.0;65.41374999999994
30622;2018-02-13 00:00:00;14:00;2018-02-13 14:00:00;;;-21.7;-27.2;-101.70656250000002;7.0;65.41374999999994
30622;2018-02-13 00:00:00;11:00;2018-02-13 11:00:00;;;-27.1;-30.6;-101.70656250000002;7.0;65.41374999999994
30622;2018-02-13 00:00:00;08:00;2018-02-13 08:00:00;33.0;0.0;-30.6;-34.2;-101.70656250000002;7.0;65.41374999999994
30622;2018-02-13 00:00:00;05:00;2018-02-13 05:00:00;;;-28.6;-32.0;-101.70656250000002;7.0;65.41374999999994
30622;2018-02-13 00:00:00;02:00;2018-02-13 02:00:00;;;-28.7;-31.9;-101.70656250000002;7.0;65.41374999999994
30622;2018-12-02 00:00:00;23:00;2018-12-02 23:00:00;;;-27.8;-30.7;-99.421875;23.0;-1234.07
30622;2018-12-02 00:00:00;20:00;2018-12-02 20:00:00;;1.0;-25.3;-28.5;-99.421875;23.0;-1234.07
30622;2018-12-02 00:00:00;17:00;2018-12-02 17:00:00;;;-21.5;-26.2;-99.421875;23.0;-1234.07
30622;2018-12-02 00:00:00;14:00;2018-12-02 14:00:00;;;-22.5;-27.2;-99.421875;23.0;-1234.07
30622;2018-12-02 00:00:00;11:00;2018-12-02 11:00:00;;;-25.5;-29.9;-99.421875;23.0;-1234.07
30622;2018-12-02 00:00:00;08:00;2018-12-02 08:00:00;32.0;0.5;-28.0;-31.5;-99.421875;23.0;-1234.07
30622;2018-12-02 00:00:00;05:00;2018-12-02 05:00:00;;;-29.5;-32.9;-99.421875;23.0;-1234.07
30622;2018-12-02 00:00:00;02:00;2018-12-02 02:00:00;;;-32.0;-35.2;-99.421875;23.0;-1234.07
30622;2018-11-02 00:00:00;23:00;2018-11-02 23:00:00;;;-29.8;-33.6;-136.84156249999998;13.0;-245.64196428571415
30622;2018-11-02 00:00:00;20:00;2018-11-02 20:00:00;;0.2;-28.2;-32.3;-136.84156249999998;13.0;-245.64196428571415
30622;2018-11-02 00:00:00;17:00;2018-11-02 17:00:00;;;-26.4;-31.8;-136.84156249999998;13.0;-245.64196428571415
30622;2018-11-02 00:00:00;14:00;2018-11-02 14:00:00;;;-26.5;-32.8;-136.84156249999998;13.0;-245.64196428571415
30622;2018-11-02 00:00:00;11:00;2018-11-02 11:00:00;;;-29.8;-34.8;-136.84156249999998;13.0;-245.64196428571415
30622;2018-11-02 00:00:00;08:00;2018-11-02 08:00:00;32.0;0.0;-32.1;-35.9;-136.84156249999998;13.0;-245.64196428571415
30622;2018-11-02 00:00:00;05:00;2018-11-02 05:00:00;;;-35.1;-39.0;-136.84156249999998;13.0;-245.64196428571415
30622;2018-11-02 00:00:00;02:00;2018-11-02 02:00:00;;;-34.7;-38.5;-136.84156249999998;13.0;-245.64196428571415
30622;2018-10-02 00:00:00;23:00;2018-10-02 23:00:00;;;-33.8;-37.6;-150.7756249999999;6.0;-222.33749999999984
30622;2018-10-02 00:00:00;20:00;2018-10-02 20:00:00;;0.0;-32.5;-36.7;-150.7756249999999;6.0;-222.33749999999984
30622;2018-10-02 00:00:00;17:00;2018-10-02 17:00:00;;;-29.9;-36.1;-150.7756249999999;6.0;-222.33749999999984
30622;2018-10-02 00:00:00;14:00;2018-10-02 14:00:00;;;-31.3;-37.4;-150.7756249999999;6.0;-222.33749999999984
30622;2018-10-02 00:00:00;11:00;2018-10-02 11:00:00;;;-35.0;-39.6;-150.7756249999999;6.0;-222.33749999999984
30622;2018-10-02 00:00:00;08:00;2018-10-02 08:00:00;32.0;0.2;-36.9;-41.0;-150.7756249999999;6.0;-222.33749999999984
30622;2018-10-02 00:00:00;05:00;2018-10-02 05:00:00;;;-34.1;-37.8;-150.7756249999999;6.0;-222.33749999999984
30622;2018-10-02 00:00:00;02:00;2018-10-02 02:00:00;;;-31.6;-35.3;-150.7756249999999;6.0;-222.33749999999984
30622;2018-09-02 00:00:00;23:00;2018-09-02 23:00:00;;;-32.6;-36.3;-144.37125000000003;9.0;242.18843749999985
30622;2018-09-02 00:00:00;20:00;2018-09-02 20:00:00;;0.0;-31.6;-35.5;-144.37125000000003;9.0;242.18843749999985
30622;2018-09-02 00:00:00;17:00;2018-09-02 17:00:00;;;-28.4;-33.9;-144.37125000000003;9.0;242.18843749999985
30622;2018-09-02 00:00:00;14:00;2018-09-02 14:00:00;;;-30.8;-36.7;-144.37125000000003;9.0;242.18843749999985
30622;2018-09-02 00:00:00;11:00;2018-09-02 11:00:00;;;-35.2;-40.4;-144.37125000000003;9.0;242.18843749999985
30622;2018-09-02 00:00:00;08:00;2018-09-02 08:00:00;32.0;0.0;-38.2;-42.1;-144.37125000000003;9.0;242.18843749999985
30622;2018-09-02 00:00:00;05:00;2018-09-02 05:00:00;;;-27.6;-31.7;-144.37125000000003;9.0;242.18843749999985
30622;2018-09-02 00:00:00;02:00;2018-09-02 02:00:00;;;-26.0;-30.7;-144.37125000000003;9.0;242.18843749999985
30622;2018-08-02 00:00:00;23:00;2018-08-02 23:00:00;;;-22.9;-30.3;-104.38124999999998;3.0;2.9623437499999596
30622;2018-08-02 00:00:00;20:00;2018-08-02 20:00:00;;0.0;-21.1;-27.8;-104.38124999999998;3.0;2.9623437499999596
30622;2018-08-02 00:00:00;17:00;2018-08-02 17:00:00;;;-19.0;-25.9;-104.38124999999998;3.0;2.9623437499999596
30622;2018-08-02 00:00:00;14:00;2018-08-02 14:00:00;;;-16.5;-23.7;-104.38124999999998;3.0;2.9623437499999596
30622;2018-08-02 00:00:00;11:00;2018-08-02 11:00:00;;;-16.8;-24.2;-104.38124999999998;3.0;2.9623437499999596
30622;2018-08-02 00:00:00;08:00;2018-08-02 08:00:00;33.0;0.0;-15.8;-21.2;-104.38124999999998;3.0;2.9623437499999596
30622;2018-08-02 00:00:00;05:00;2018-08-02 05:00:00;;;-16.4;-19.0;-104.38124999999998;3.0;2.9623437499999596
30622;2018-08-02 00:00:00;02:00;2018-08-02 02:00:00;;;-18.0;-20.0;-104.38124999999998;3.0;2.9623437499999596
30622;2018-07-02 00:00:00;23:00;2018-07-02 23:00:00;;;-14.9;-17.6;-93.75328125000003;2.0;-69.51203124999998
30622;2018-07-02 00:00:00;20:00;2018-07-02 20:00:00;;0.2;-14.7;-18.9;-93.75328125000003;2.0;-69.51203124999998
30622;2018-07-02 00:00:00;17:00;2018-07-02 17:00:00;;;-14.1;-20.5;-93.75328125000003;2.0;-69.51203124999998
30622;2018-07-02 00:00:00;14:00;2018-07-02 14:00:00;;;-23.5;-28.2;-93.75328125000003;2.0;-69.51203124999998
30622;2018-07-02 00:00:00;11:00;2018-07-02 11:00:00;;;-29.0;-32.4;-93.75328125000003;2.0;-69.51203124999998
30622;2018-07-02 00:00:00;08:00;2018-07-02 08:00:00;33.0;0.0;-34.9;-38.6;-93.75328125000003;2.0;-69.51203124999998
30622;2018-07-02 00:00:00;05:00;2018-07-02 05:00:00;;;-31.9;-35.2;-93.75328125000003;2.0;-69.51203124999998
30622;2018-07-02 00:00:00;02:00;2018-07-02 02:00:00;;;-28.7;-31.6;-93.75328125000003;2.0;-69.51203124999998
30622;2018-06-02 00:00:00;23:00;2018-06-02 23:00:00;;;-27.5;-30.7;-88.60281249999998;8.0;1217.3734375
30622;2018-06-02 00:00:00;20:00;2018-06-02 20:00:00;;0.0;-25.7;-29.0;-88.60281249999998;8.0;1217.3734375
30622;2018-06-02 00:00:00;17:00;2018-06-02 17:00:00;;;-24.0;-28.3;-88.60281249999998;8.0;1217.3734375
30622;2018-06-02 00:00:00;14:00;2018-06-02 14:00:00;;;-25.0;-30.1;-88.60281249999998;8.0;1217.3734375
30622;2018-06-02 00:00:00;11:00;2018-06-02 11:00:00;;;-29.5;-33.3;-88.60281249999998;8.0;1217.3734375
30622;2018-06-02 00:00:00;08:00;2018-06-02 08:00:00;33.0;0.0;-28.1;-30.8;-88.60281249999998;8.0;1217.3734375
30622;2018-06-02 00:00:00;05:00;2018-06-02 05:00:00;;;-23.4;-26.2;-88.60281249999998;8.0;1217.3734375
30622;2018-06-02 00:00:00;02:00;2018-06-02 02:00:00;;;-18.6;-21.5;-88.60281249999998;8.0;1217.3734375
30622;2018-05-02 00:00:00;23:00;2018-05-02 23:00:00;;;-30.2;-33.8;-132.3125;5.0;-50.22062500000011
30622;2018-05-02 00:00:00;20:00;2018-05-02 20:00:00;;0.0;-27.7;-31.8;-132.3125;5.0;-50.22062500000011
30622;2018-05-02 00:00:00;17:00;2018-05-02 17:00:00;;;-24.2;-30.0;-132.3125;5.0;-50.22062500000011
30622;2018-05-02 00:00:00;14:00;2018-05-02 14:00:00;;;-25.0;-31.1;-132.3125;5.0;-50.22062500000011
30622;2018-05-02 00:00:00;11:00;2018-05-02 11:00:00;;;-27.4;-33.0;-132.3125;5.0;-50.22062500000011
30622;2018-05-02 00:00:00;08:00;2018-05-02 08:00:00;33.0;0.0;-30.6;-34.2;-132.3125;5.0;-50.22062500000011
30622;2018-05-02 00:00:00;05:00;2018-05-02 05:00:00;;;-33.2;-37.1;-132.3125;5.0;-50.22062500000011
30622;2018-05-02 00:00:00;02:00;2018-05-02 02:00:00;;;-33.7;-37.5;-132.3125;5.0;-50.22062500000011
30622;2018-04-02 00:00:00;23:00;2018-04-02 23:00:00;;;-32.4;-35.8;-137.51859375000006;25.0;-830.9617187500003
30622;2018-04-02 00:00:00;20:00;2018-04-02 20:00:00;;0.0;-31.4;-35.1;-137.51859375000006;25.0;-830.9617187500003
30622;2018-04-02 00:00:00;17:00;2018-04-02 17:00:00;;;-27.8;-33.1;-137.51859375000006;25.0;-830.9617187500003
30622;2018-04-02 00:00:00;14:00;2018-04-02 14:00:00;;;-29.5;-34.3;-137.51859375000006;25.0;-830.9617187500003
30622;2018-04-02 00:00:00;11:00;2018-04-02 11:00:00;;;-34.0;-38.3;-137.51859375000006;25.0;-830.9617187500003
30622;2018-04-02 00:00:00;08:00;2018-04-02 08:00:00;33.0;0.0;-37.5;-41.7;-137.51859375000006;25.0;-830.9617187500003
30622;2018-04-02 00:00:00;05:00;2018-04-02 05:00:00;;;-35.8;-39.6;-137.51859375000006;25.0;-830.9617187500003
30622;2018-04-02 00:00:00;02:00;2018-04-02 02:00:00;;;-35.9;-39.7;-137.51859375000006;25.0;-830.9617187500003
30622;2018-03-02 00:00:00;23:00;2018-03-02 23:00:00;;;-31.6;-34.8;-97.83453125000003;24.0;-1579.7960937499997
30622;2018-03-02 00:00:00;20:00;2018-03-02 20:00:00;;0.0;-28.8;-31.8;-97.83453125000003;24.0;-1579.7960937499997
30622;2018-03-02 00:00:00;17:00;2018-03-02 17:00:00;;;-24.0;-29.1;-97.83453125000003;24.0;-1579.7960937499997
30622;2018-03-02 00:00:00;14:00;2018-03-02 14:00:00;;;-23.9;-29.2;-97.83453125000003;24.0;-1579.7960937499997
30622;2018-03-02 00:00:00;11:00;2018-03-02 11:00:00;;;-25.1;-28.6;-97.83453125000003;24.0;-1579.7960937499997
30622;2018-03-02 00:00:00;08:00;2018-03-02 08:00:00;33.0;0.2;-29.2;-32.4;-97.83453125000003;24.0;-1579.7960937499997
30622;2018-03-02 00:00:00;05:00;2018-03-02 05:00:00;;;-25.1;-28.1;-97.83453125000003;24.0;-1579.7960937499997
30622;2018-03-02 00:00:00;02:00;2018-03-02 02:00:00;;;-26.0;-29.0;-97.83453125000003;24.0;-1579.7960937499997
30622;2018-02-02 00:00:00;23:00;2018-02-02 23:00:00;;;-27.3;-30.4;-103.37406249999995;35.0;-2909.8805803571427
30622;2018-02-02 00:00:00;20:00;2018-02-02 20:00:00;;0.3;-25.9;-29.2;-103.37406249999995;35.0;-2909.8805803571427
30622;2018-02-02 00:00:00;17:00;2018-02-02 17:00:00;;;-25.0;-29.1;-103.37406249999995;35.0;-2909.8805803571427
30622;2018-02-02 00:00:00;14:00;2018-02-02 14:00:00;;;-25.1;-30.4;-103.37406249999995;35.0;-2909.8805803571427
30622;2018-02-02 00:00:00;11:00;2018-02-02 11:00:00;;;-29.3;-32.8;-103.37406249999995;35.0;-2909.8805803571427
30622;2018-02-02 00:00:00;08:00;2018-02-02 08:00:00;33.0;0.2;-32.8;-36.3;-103.37406249999995;35.0;-2909.8805803571427
30622;2018-02-02 00:00:00;05:00;2018-02-02 05:00:00;;;-31.1;-34.5;-103.37406249999995;35.0;-2909.8805803571427
30622;2018-02-02 00:00:00;02:00;2018-02-02 02:00:00;;;-29.3;-32.4;-103.37406249999995;35.0;-2909.8805803571427
30622;2018-01-02 00:00:00;23:00;2018-01-02 23:00:00;;;-25.9;-29.1;-95.83749999999996;4.0;-427.7959375
30622;2018-01-02 00:00:00;20:00;2018-01-02 20:00:00;;0.6;-25.7;-28.8;-95.83749999999996;4.0;-427.7959375
30622;2018-01-02 00:00:00;17:00;2018-01-02 17:00:00;;;-25.1;-28.7;-95.83749999999996;4.0;-427.7959375
30622;2018-01-02 00:00:00;14:00;2018-01-02 14:00:00;;;-26.0;-29.9;-95.83749999999996;4.0;-427.7959375
30622;2018-01-02 00:00:00;11:00;2018-01-02 11:00:00;;;-31.6;-35.2;-95.83749999999996;4.0;-427.7959375
30622;2018-01-02 00:00:00;08:00;2018-01-02 08:00:00;33.0;0.2;-33.1;-36.8;-95.83749999999996;4.0;-427.7959375
30622;2018-01-02 00:00:00;05:00;2018-01-02 05:00:00;;;-31.3;-34.6;-95.83749999999996;4.0;-427.7959375
30622;2018-01-02 00:00:00;02:00;2018-01-02 02:00:00;;;-26.8;-29.6;-95.83749999999996;4.0;-427.7959375
30622;2018-01-31 00:00:00;23:00;2018-01-31 23:00:00;;;-21.3;-24.3;-65.87901785714287;33.0;-2691.6869866071424
30622;2018-01-31 00:00:00;20:00;2018-01-31 20:00:00;;0.2;-16.6;-19.6;-65.87901785714287;33.0;-2691.6869866071424
30622;2018-01-31 00:00:00;17:00;2018-01-31 17:00:00;;;-15.1;-18.7;-65.87901785714287;33.0;-2691.6869866071424
30622;2018-01-31 00:00:00;14:00;2018-01-31 14:00:00;;;-16.4;-22.2;-65.87901785714287;33.0;-2691.6869866071424
30622;2018-01-31 00:00:00;11:00;2018-01-31 11:00:00;;;-25.7;-29.0;-65.87901785714287;33.0;-2691.6869866071424
30622;2018-01-31 00:00:00;08:00;2018-01-31 08:00:00;33.0;0.2;-26.6;-29.6;-65.87901785714287;33.0;-2691.6869866071424
30622;2018-01-31 00:00:00;05:00;2018-01-31 05:00:00;;;-24.8;-27.5;-65.87901785714287;33.0;-2691.6869866071424
30622;2018-01-31 00:00:00;02:00;2018-01-31 02:00:00;;;-24.1;;-65.87901785714287;33.0;-2691.6869866071424
30622;2018-01-30 00:00:00;23:00;2018-01-30 23:00:00;;;-21.7;-24.0;-68.25874999999996;32.0;-2625.8079687499994
30622;2018-01-30 00:00:00;20:00;2018-01-30 20:00:00;;1.0;-21.6;-24.3;-68.25874999999996;32.0;-2625.8079687499994
30622;2018-01-30 00:00:00;17:00;2018-01-30 17:00:00;;;-19.7;-22.8;-68.25874999999996;32.0;-2625.8079687499994
30622;2018-01-30 00:00:00;14:00;2018-01-30 14:00:00;;;-21.5;-24.7;-68.25874999999996;32.0;-2625.8079687499994
30622;2018-01-30 00:00:00;11:00;2018-01-30 11:00:00;;;-25.9;-29.0;-68.25874999999996;32.0;-2625.8079687499994
30622;2018-01-30 00:00:00;08:00;2018-01-30 08:00:00;31.0;0.0;-27.9;-31.0;-68.25874999999996;32.0;-2625.8079687499994
30622;2018-01-30 00:00:00;05:00;2018-01-30 05:00:00;;;-25.6;-28.6;-68.25874999999996;32.0;-2625.8079687499994
30622;2018-01-30 00:00:00;02:00;2018-01-30 02:00:00;;;-24.4;-27.1;-68.25874999999996;32.0;-2625.8079687499994
30622;2018-01-29 00:00:00;23:00;2018-01-29 23:00:00;;;-26.1;-28.8;-64.816875;31.0;-2557.5492187499995
30622;2018-01-29 00:00:00;20:00;2018-01-29 20:00:00;;0.2;-20.8;-23.2;-64.816875;31.0;-2557.5492187499995
30622;2018-01-29 00:00:00;17:00;2018-01-29 17:00:00;;;-13.4;-17.9;-64.816875;31.0;-2557.5492187499995
30622;2018-01-29 00:00:00;14:00;2018-01-29 14:00:00;;;-13.1;-17.8;-64.816875;31.0;-2557.5492187499995
30622;2018-01-29 00:00:00;11:00;2018-01-29 11:00:00;;;-15.3;-19.3;-64.816875;31.0;-2557.5492187499995
30622;2018-01-29 00:00:00;08:00;2018-01-29 08:00:00;31.0;0.2;-20.1;-22.7;-64.816875;31.0;-2557.5492187499995
30622;2018-01-29 00:00:00;05:00;2018-01-29 05:00:00;;;-20.7;-23.6;-64.816875;31.0;-2557.5492187499995
30622;2018-01-29 00:00:00;02:00;2018-01-29 02:00:00;;;-20.8;-24.6;-64.816875;31.0;-2557.5492187499995
30622;2018-01-28 00:00:00;23:00;2018-01-28 23:00:00;;;-23.8;-26.7;-91.14062499999997;30.0;-2492.7323437499995
30622;2018-01-28 00:00:00;20:00;2018-01-28 20:00:00;;0.0;-22.7;-25.5;-91.14062499999997;30.0;-2492.7323437499995
30622;2018-01-28 00:00:00;17:00;2018-01-28 17:00:00;;;-18.5;-23.6;-91.14062499999997;30.0;-2492.7323437499995
30622;2018-01-28 00:00:00;14:00;2018-01-28 14:00:00;;;-18.0;-23.9;-91.14062499999997;30.0;-2492.7323437499995
30622;2018-01-28 00:00:00;11:00;2018-01-28 11:00:00;;;-23.5;-27.2;-91.14062499999997;30.0;-2492.7323437499995
30622;2018-01-28 00:00:00;08:00;2018-01-28 08:00:00;31.0;0.3;-26.1;-29.3;-91.14062499999997;30.0;-2492.7323437499995
30622;2018-01-28 00:00:00;05:00;2018-01-28 05:00:00;;;-28.0;-31.5;-91.14062499999997;30.0;-2492.7323437499995
30622;2018-01-28 00:00:00;02:00;2018-01-28 02:00:00;;;-29.4;-33.0;-91.14062499999997;30.0;-2492.7323437499995
30622;2018-01-27 00:00:00;23:00;2018-01-27 23:00:00;;;-30.3;-34.0;-159.58765624999995;29.0;-2401.5917187499995
30622;2018-01-27 00:00:00;20:00;2018-01-27 20:00:00;;0.6;-30.4;-34.2;-159.58765624999995;29.0;-2401.5917187499995
30622;2018-01-27 00:00:00;17:00;2018-01-27 17:00:00;;;-30.6;-35.0;-159.58765624999995;29.0;-2401.5917187499995
30622;2018-01-27 00:00:00;14:00;2018-01-27 14:00:00;;;-32.4;-38.1;-159.58765624999995;29.0;-2401.5917187499995
30622;2018-01-27 00:00:00;11:00;2018-01-27 11:00:00;;;-35.5;-40.4;-159.58765624999995;29.0;-2401.5917187499995
30622;2018-01-27 00:00:00;08:00;2018-01-27 08:00:00;30.0;0.5;-38.3;-42.9;-159.58765624999995;29.0;-2401.5917187499995
30622;2018-01-27 00:00:00;05:00;2018-01-27 05:00:00;;;-39.5;-44.3;-159.58765624999995;29.0;-2401.5917187499995
30622;2018-01-27 00:00:00;02:00;2018-01-27 02:00:00;;;-41.3;-46.1;-159.58765624999995;29.0;-2401.5917187499995
30622;2018-01-26 00:00:00;23:00;2018-01-26 23:00:00;;;-42.9;-48.0;-223.33031249999993;28.0;-2242.0040624999997
30622;2018-01-26 00:00:00;20:00;2018-01-26 20:00:00;;0.0;-43.6;-48.7;-223.33031249999993;28.0;-2242.0040624999997
30622;2018-01-26 00:00:00;17:00;2018-01-26 17:00:00;;;-39.8;-45.8;-223.33031249999993;28.0;-2242.0040624999997
30622;2018-01-26 00:00:00;14:00;2018-01-26 14:00:00;;;-39.7;-45.4;-223.33031249999993;28.0;-2242.0040624999997
30622;2018-01-26 00:00:00;11:00;2018-01-26 11:00:00;;;-44.1;-49.3;-223.33031249999993;28.0;-2242.0040624999997
30622;2018-01-26 00:00:00;08:00;2018-01-26 08:00:00;30.0;0.0;-44.8;-50.0;-223.33031249999993;28.0;-2242.0040624999997
30622;2018-01-26 00:00:00;05:00;2018-01-26 05:00:00;;;-42.3;-47.4;-223.33031249999993;28.0;-2242.0040624999997
30622;2018-01-26 00:00:00;02:00;2018-01-26 02:00:00;;;-41.5;-46.3;-223.33031249999993;28.0;-2242.0040624999997
30622;2018-01-25 00:00:00;23:00;2018-01-25 23:00:00;;;-40.7;-45.4;-185.521875;27.0;-2018.6737499999997
30622;2018-01-25 00:00:00;20:00;2018-01-25 20:00:00;;0.3;-39.3;-43.9;-185.521875;27.0;-2018.6737499999997
30622;2018-01-25 00:00:00;17:00;2018-01-25 17:00:00;;;-34.4;-39.4;-185.521875;27.0;-2018.6737499999997
30622;2018-01-25 00:00:00;14:00;2018-01-25 14:00:00;;;-35.1;-40.6;-185.521875;27.0;-2018.6737499999997
30622;2018-01-25 00:00:00;11:00;2018-01-25 11:00:00;;;-36.8;-41.3;-185.521875;27.0;-2018.6737499999997
30622;2018-01-25 00:00:00;08:00;2018-01-25 08:00:00;30.0;0.0;-39.9;-44.6;-185.521875;27.0;-2018.6737499999997
30622;2018-01-25 00:00:00;05:00;2018-01-25 05:00:00;;;-42.3;-47.2;-185.521875;27.0;-2018.6737499999997
30622;2018-01-25 00:00:00;02:00;2018-01-25 02:00:00;;;-39.9;-44.5;-185.521875;27.0;-2018.6737499999997
30622;2018-01-24 00:00:00;23:00;2018-01-24 23:00:00;;;-37.4;-41.6;-185.82046874999995;26.0;-1833.1518749999998
30622;2018-01-24 00:00:00;20:00;2018-01-24 20:00:00;;0.4;-35.5;-39.7;-185.82046874999995;26.0;-1833.1518749999998
30622;2018-01-24 00:00:00;17:00;2018-01-24 17:00:00;;;-33.5;-38.3;-185.82046874999995;26.0;-1833.1518749999998
30622;2018-01-24 00:00:00;14:00;2018-01-24 14:00:00;;;-34.3;-40.1;-185.82046874999995;26.0;-1833.1518749999998
30622;2018-01-24 00:00:00;11:00;2018-01-24 11:00:00;;;-39.0;-43.7;-185.82046874999995;26.0;-1833.1518749999998
30622;2018-01-24 00:00:00;08:00;2018-01-24 08:00:00;30.0;0.0;-42.1;-47.0;-185.82046874999995;26.0;-1833.1518749999998
30622;2018-01-24 00:00:00;05:00;2018-01-24 05:00:00;;;-42.2;-47.2;-185.82046874999995;26.0;-1833.1518749999998
30622;2018-01-24 00:00:00;02:00;2018-01-24 02:00:00;;;-43.3;-48.4;-185.82046874999995;26.0;-1833.1518749999998
30622;2018-01-23 00:00:00;23:00;2018-01-23 23:00:00;;;-42.0;-46.9;-177.72000000000014;25.0;-1647.3314062499999
30622;2018-01-23 00:00:00;20:00;2018-01-23 20:00:00;;0.0;-40.2;-44.9;-177.72000000000014;25.0;-1647.3314062499999
30622;2018-01-23 00:00:00;17:00;2018-01-23 17:00:00;;;-34.3;-40.1;-177.72000000000014;25.0;-1647.3314062499999
30622;2018-01-23 00:00:00;14:00;2018-01-23 14:00:00;;;-34.7;-40.7;-177.72000000000014;25.0;-1647.3314062499999
30622;2018-01-23 00:00:00;11:00;2018-01-23 11:00:00;;;-36.4;-41.0;-177.72000000000014;25.0;-1647.3314062499999
30622;2018-01-23 00:00:00;08:00;2018-01-23 08:00:00;30.0;0.4;-39.1;-43.5;-177.72000000000014;25.0;-1647.3314062499999
30622;2018-01-23 00:00:00;05:00;2018-01-23 05:00:00;;;-35.7;-39.7;-177.72000000000014;25.0;-1647.3314062499999
30622;2018-01-23 00:00:00;02:00;2018-01-23 02:00:00;;;-33.8;-37.8;-177.72000000000014;25.0;-1647.3314062499999
30622;2018-01-22 00:00:00;23:00;2018-01-22 23:00:00;;;-32.4;-36.5;-159.90218749999994;24.0;-1469.6114062499996
30622;2018-01-22 00:00:00;20:00;2018-01-22 20:00:00;;0.4;-31.9;-36.0;-159.90218749999994;24.0;-1469.6114062499996
30622;2018-01-22 00:00:00;17:00;2018-01-22 17:00:00;;;-31.9;-36.4;-159.90218749999994;24.0;-1469.6114062499996
30622;2018-01-22 00:00:00;14:00;2018-01-22 14:00:00;;;-33.8;-39.3;-159.90218749999994;24.0;-1469.6114062499996
30622;2018-01-22 00:00:00;11:00;2018-01-22 11:00:00;;;-35.9;-40.2;-159.90218749999994;24.0;-1469.6114062499996
30622;2018-01-22 00:00:00;08:00;2018-01-22 08:00:00;29.0;0.3;-38.4;-42.9;-159.90218749999994;24.0;-1469.6114062499996
30622;2018-01-22 00:00:00;05:00;2018-01-22 05:00:00;;;-38.4;-42.9;-159.90218749999994;24.0;-1469.6114062499996
30622;2018-01-22 00:00:00;02:00;2018-01-22 02:00:00;;;-40.0;-44.7;-159.90218749999994;24.0;-1469.6114062499996
30622;2018-01-21 00:00:00;23:00;2018-01-21 23:00:00;;;-42.6;-47.5;-241.3600000000001;23.0;-1309.7092187499998
30622;2018-01-21 00:00:00;20:00;2018-01-21 20:00:00;;0.0;-43.2;-48.3;-241.3600000000001;23.0;-1309.7092187499998
30622;2018-01-21 00:00:00;17:00;2018-01-21 17:00:00;;;-42.9;-48.5;-241.3600000000001;23.0;-1309.7092187499998
30622;2018-01-21 00:00:00;14:00;2018-01-21 14:00:00;;;-43.2;-48.9;-241.3600000000001;23.0;-1309.7092187499998
30622;2018-01-21 00:00:00;11:00;2018-01-21 11:00:00;;;-46.8;-52.3;-241.3600000000001;23.0;-1309.7092187499998
30622;2018-01-21 00:00:00;08:00;2018-01-21 08:00:00;29.0;0.0;-47.8;-53.4;-241.3600000000001;23.0;-1309.7092187499998
30622;2018-01-21 00:00:00;05:00;2018-01-21 05:00:00;;;-45.9;-51.2;-241.3600000000001;23.0;-1309.7092187499998
30622;2018-01-21 00:00:00;02:00;2018-01-21 02:00:00;;;-46.0;-51.4;-241.3600000000001;23.0;-1309.7092187499998
30622;2018-01-20 00:00:00;23:00;2018-01-20 23:00:00;;;-44.9;-50.0;-204.84734374999982;22.0;-1068.3492187499996
30622;2018-01-20 00:00:00;20:00;2018-01-20 20:00:00;;0.0;-43.1;-48.1;-204.84734374999982;22.0;-1068.3492187499996
30622;2018-01-20 00:00:00;17:00;2018-01-20 17:00:00;;;-39.6;-44.4;-204.84734374999982;22.0;-1068.3492187499996
30622;2018-01-20 00:00:00;14:00;2018-01-20 14:00:00;;;-39.4;-44.5;-204.84734374999982;22.0;-1068.3492187499996
30622;2018-01-20 00:00:00;11:00;2018-01-20 11:00:00;;;-42.7;-47.5;-204.84734374999982;22.0;-1068.3492187499996
30622;2018-01-20 00:00:00;08:00;2018-01-20 08:00:00;29.0;0.0;-43.4;-48.3;-204.84734374999982;22.0;-1068.3492187499996
30622;2018-01-20 00:00:00;05:00;2018-01-20 05:00:00;;;-40.9;-45.6;-204.84734374999982;22.0;-1068.3492187499996
30622;2018-01-20 00:00:00;02:00;2018-01-20 02:00:00;;;-41.3;-46.0;-204.84734374999982;22.0;-1068.3492187499996
30622;2018-01-19 00:00:00;23:00;2018-01-19 23:00:00;;;-41.4;-46.3;-167.31999999999985;21.0;-863.5018749999997
30622;2018-01-19 00:00:00;20:00;2018-01-19 20:00:00;;0.0;-38.6;-42.9;-167.31999999999985;21.0;-863.5018749999997
30622;2018-01-19 00:00:00;17:00;2018-01-19 17:00:00;;;-35.5;-40.5;-167.31999999999985;21.0;-863.5018749999997
30622;2018-01-19 00:00:00;14:00;2018-01-19 14:00:00;;;-34.0;-39.9;-167.31999999999985;21.0;-863.5018749999997
30622;2018-01-19 00:00:00;11:00;2018-01-19 11:00:00;;;-35.8;-40.1;-167.31999999999985;21.0;-863.5018749999997
30622;2018-01-19 00:00:00;08:00;2018-01-19 08:00:00;29.0;0.0;-36.8;-40.9;-167.31999999999985;21.0;-863.5018749999997
30622;2018-01-19 00:00:00;05:00;2018-01-19 05:00:00;;;-34.8;-38.3;-167.31999999999985;21.0;-863.5018749999997
30622;2018-01-19 00:00:00;02:00;2018-01-19 02:00:00;;;-27.9;-33.5;-167.31999999999985;21.0;-863.5018749999997
30622;2018-01-18 00:00:00;23:00;2018-01-18 23:00:00;;;-24.8;-32.6;-112.39921875000003;20.0;-696.1818749999999
30622;2018-01-18 00:00:00;20:00;2018-01-18 20:00:00;;0.4;-23.3;-31.1;-112.39921875000003;20.0;-696.1818749999999
30622;2018-01-18 00:00:00;17:00;2018-01-18 17:00:00;;;-20.9;-30.6;-112.39921875000003;20.0;-696.1818749999999
30622;2018-01-18 00:00:00;14:00;2018-01-18 14:00:00;;;-16.3;-22.0;-112.39921875000003;20.0;-696.1818749999999
30622;2018-01-18 00:00:00;11:00;2018-01-18 11:00:00;;;-21.9;-24.8;-112.39921875000003;20.0;-696.1818749999999
30622;2018-01-18 00:00:00;08:00;2018-01-18 08:00:00;33.0;0.2;-23.5;-24.7;-112.39921875000003;20.0;-696.1818749999999
30622;2018-01-18 00:00:00;05:00;2018-01-18 05:00:00;;;-23.7;-25.6;-112.39921875000003;20.0;-696.1818749999999
30622;2018-01-18 00:00:00;02:00;2018-01-18 02:00:00;;;-24.1;-27.4;-112.39921875000003;20.0;-696.1818749999999
30622;2018-01-17 00:00:00;23:00;2018-01-17 23:00:00;;;-24.4;-27.7;-92.33062499999998;19.0;-583.7826562499998
30622;2018-01-17 00:00:00;20:00;2018-01-17 20:00:00;;0.3;-25.0;-28.3;-92.33062499999998;19.0;-583.7826562499998
30622;2018-01-17 00:00:00;17:00;2018-01-17 17:00:00;;;-25.4;-29.0;-92.33062499999998;19.0;-583.7826562499998
30622;2018-01-17 00:00:00;14:00;2018-01-17 14:00:00;;;-24.3;-28.1;-92.33062499999998;19.0;-583.7826562499998
30622;2018-01-17 00:00:00;11:00;2018-01-17 11:00:00;;;-26.8;-30.2;-92.33062499999998;19.0;-583.7826562499998
30622;2018-01-17 00:00:00;08:00;2018-01-17 08:00:00;33.0;0.2;-28.0;-31.3;-92.33062499999998;19.0;-583.7826562499998
30622;2018-01-17 00:00:00;05:00;2018-01-17 05:00:00;;;-29.8;-33.3;-92.33062499999998;19.0;-583.7826562499998
30622;2018-01-17 00:00:00;02:00;2018-01-17 02:00:00;;;-30.4;-33.8;-92.33062499999998;19.0;-583.7826562499998
30622;2018-01-16 00:00:00;23:00;2018-01-16 23:00:00;;;-30.0;-33.5;-112.375;18.0;-491.45203124999983
30622;2018-01-16 00:00:00;20:00;2018-01-16 20:00:00;;0.0;-32.5;-36.2;-112.375;18.0;-491.45203124999983
30622;2018-01-16 00:00:00;17:00;2018-01-16 17:00:00;;;-29.5;-33.2;-112.375;18.0;-491.45203124999983
30622;2018-01-16 00:00:00;14:00;2018-01-16 14:00:00;;;-28.2;-31.7;-112.375;18.0;-491.45203124999983
30622;2018-01-16 00:00:00;11:00;2018-01-16 11:00:00;;;-30.9;-34.5;-112.375;18.0;-491.45203124999983
30622;2018-01-16 00:00:00;08:00;2018-01-16 08:00:00;33.0;0.0;-32.9;-36.6;-112.375;18.0;-491.45203124999983
30622;2018-01-16 00:00:00;05:00;2018-01-16 05:00:00;;;-33.3;-37.0;-112.375;18.0;-491.45203124999983
30622;2018-01-16 00:00:00;02:00;2018-01-16 02:00:00;;;-30.7;-34.3;-112.375;18.0;-491.45203124999983
30622;2018-01-15 00:00:00;23:00;2018-01-15 23:00:00;;;-30.1;-33.6;-122.68749999999996;17.0;-379.07703124999983
30622;2018-01-15 00:00:00;20:00;2018-01-15 20:00:00;;0.0;-30.2;-33.7;-122.68749999999996;17.0;-379.07703124999983
30622;2018-01-15 00:00:00;17:00;2018-01-15 17:00:00;;;-28.3;-31.6;-122.68749999999996;17.0;-379.07703124999983
30622;2018-01-15 00:00:00;14:00;2018-01-15 14:00:00;;;-29.9;-33.4;-122.68749999999996;17.0;-379.07703124999983
30622;2018-01-15 00:00:00;11:00;2018-01-15 11:00:00;;;-31.7;-35.4;-122.68749999999996;17.0;-379.07703124999983
30622;2018-01-15 00:00:00;08:00;2018-01-15 08:00:00;33.0;0.0;-35.0;-39.0;-122.68749999999996;17.0;-379.07703124999983
30622;2018-01-15 00:00:00;05:00;2018-01-15 05:00:00;;;-38.5;-43.0;-122.68749999999996;17.0;-379.07703124999983
30622;2018-01-15 00:00:00;02:00;2018-01-15 02:00:00;;;-36.3;-40.5;-122.68749999999996;17.0;-379.07703124999983
30622;2018-01-14 00:00:00;23:00;2018-01-14 23:00:00;;;-34.5;-38.3;-109.73937499999991;16.0;-256.3895312499999
30622;2018-01-14 00:00:00;20:00;2018-01-14 20:00:00;;0.0;-32.1;-35.7;-109.73937499999991;16.0;-256.3895312499999
30622;2018-01-14 00:00:00;17:00;2018-01-14 17:00:00;;;-27.6;-30.9;-109.73937499999991;16.0;-256.3895312499999
30622;2018-01-14 00:00:00;14:00;2018-01-14 14:00:00;;;-27.5;-30.8;-109.73937499999991;16.0;-256.3895312499999
30622;2018-01-14 00:00:00;11:00;2018-01-14 11:00:00;;;-30.8;-34.3;-109.73937499999991;16.0;-256.3895312499999
30622;2018-01-14 00:00:00;08:00;2018-01-14 08:00:00;33.0;0.0;-33.1;-36.9;-109.73937499999991;16.0;-256.3895312499999
30622;2018-01-14 00:00:00;05:00;2018-01-14 05:00:00;;;-32.9;-36.7;-109.73937499999991;16.0;-256.3895312499999
30622;2018-01-14 00:00:00;02:00;2018-01-14 02:00:00;;;-28.8;-32.1;-109.73937499999991;16.0;-256.3895312499999
30622;2018-01-13 00:00:00;23:00;2018-01-13 23:00:00;;;-26.9;-30.0;-54.28125;15.0;-146.65015624999995
30622;2018-01-13 00:00:00;20:00;2018-01-13 20:00:00;;0.0;-24.8;-27.4;-54.28125;15.0;-146.65015624999995
30622;2018-01-13 00:00:00;17:00;2018-01-13 17:00:00;;;-20.9;-23.4;-54.28125;15.0;-146.65015624999995
30622;2018-01-13 00:00:00;14:00;2018-01-13 14:00:00;;;-19.4;-22.0;-54.28125;15.0;-146.65015624999995
30622;2018-01-13 00:00:00;11:00;2018-01-13 11:00:00;;;-24.8;-27.5;-54.28125;15.0;-146.65015624999995
30622;2018-01-13 00:00:00;08:00;2018-01-13 08:00:00;33.0;0.4;-23.7;-26.2;-54.28125;15.0;-146.65015624999995
30622;2018-01-13 00:00:00;05:00;2018-01-13 05:00:00;;;-21.2;-23.3;-54.28125;15.0;-146.65015624999995
30622;2018-01-13 00:00:00;02:00;2018-01-13 02:00:00;;;-12.0;-13.9;-54.28125;15.0;-146.65015624999995
30622;2018-12-01 00:00:00;23:00;2018-12-01 23:00:00;;;-13.8;-15.7;-53.17812499999999;22.0;-1134.648125
30622;2018-12-01 00:00:00;20:00;2018-12-01 20:00:00;;1.0;-13.4;-15.5;-53.17812499999999;22.0;-1134.648125
30622;2018-12-01 00:00:00;17:00;2018-12-01 17:00:00;;;-16.7;-19.5;-53.17812499999999;22.0;-1134.648125
30622;2018-12-01 00:00:00;14:00;2018-12-01 14:00:00;;;-18.7;-22.5;-53.17812499999999;22.0;-1134.648125
30622;2018-12-01 00:00:00;11:00;2018-12-01 11:00:00;;;-23.0;-26.0;-53.17812499999999;22.0;-1134.648125
30622;2018-12-01 00:00:00;08:00;2018-12-01 08:00:00;32.0;0.0;-24.7;-27.2;-53.17812499999999;22.0;-1134.648125
30622;2018-12-01 00:00:00;05:00;2018-12-01 05:00:00;;;-23.1;-26.0;-53.17812499999999;22.0;-1134.648125
30622;2018-12-01 00:00:00;02:00;2018-12-01 02:00:00;;;-20.6;-23.7;-53.17812499999999;22.0;-1134.648125
30622;2018-11-01 00:00:00;23:00;2018-11-01 23:00:00;;;-21.0;-24.2;-86.34821428571418;12.0;-108.80040178571419
30622;2018-11-01 00:00:00;20:00;2018-11-01 20:00:00;;0.0;-29.4;;-86.34821428571418;12.0;-108.80040178571419
30622;2018-11-01 00:00:00;17:00;2018-11-01 17:00:00;;;-21.5;-25.5;-86.34821428571418;12.0;-108.80040178571419
30622;2018-11-01 00:00:00;14:00;2018-11-01 14:00:00;;;-22.5;-27.0;-86.34821428571418;12.0;-108.80040178571419
30622;2018-11-01 00:00:00;11:00;2018-11-01 11:00:00;;;-25.1;-29.5;-86.34821428571418;12.0;-108.80040178571419
30622;2018-11-01 00:00:00;08:00;2018-11-01 08:00:00;32.0;0.2;-26.8;-30.5;-86.34821428571418;12.0;-108.80040178571419
30622;2018-11-01 00:00:00;05:00;2018-11-01 05:00:00;;;-28.0;-31.9;-86.34821428571418;12.0;-108.80040178571419
30622;2018-11-01 00:00:00;02:00;2018-11-01 02:00:00;;;-29.3;-33.3;-86.34821428571418;12.0;-108.80040178571419
30622;2018-10-01 00:00:00;23:00;2018-10-01 23:00:00;;;-30.6;-34.7;-158.46781249999992;5.0;-71.56187499999993
30622;2018-10-01 00:00:00;20:00;2018-10-01 20:00:00;;0.0;-33.0;-37.2;-158.46781249999992;5.0;-71.56187499999993
30622;2018-10-01 00:00:00;17:00;2018-10-01 17:00:00;;;-34.4;-38.9;-158.46781249999992;5.0;-71.56187499999993
30622;2018-10-01 00:00:00;14:00;2018-10-01 14:00:00;;;-34.5;-38.9;-158.46781249999992;5.0;-71.56187499999993
30622;2018-10-01 00:00:00;11:00;2018-10-01 11:00:00;;;-39.1;-43.6;-158.46781249999992;5.0;-71.56187499999993
30622;2018-10-01 00:00:00;08:00;2018-10-01 08:00:00;32.0;0.0;-40.5;-45.0;-158.46781249999992;5.0;-71.56187499999993
30622;2018-10-01 00:00:00;05:00;2018-10-01 05:00:00;;;-39.4;-43.7;-158.46781249999992;5.0;-71.56187499999993
30622;2018-10-01 00:00:00;02:00;2018-10-01 02:00:00;;;-39.1;-43.5;-158.46781249999992;5.0;-71.56187499999993
30622;2018-09-01 00:00:00;23:00;2018-09-01 23:00:00;;;-37.8;-41.8;-124.22953124999995;8.0;386.5596874999999
30622;2018-09-01 00:00:00;20:00;2018-09-01 20:00:00;;0.0;-34.6;-38.3;-124.22953124999995;8.0;386.5596874999999
30622;2018-09-01 00:00:00;17:00;2018-09-01 17:00:00;;;-33.3;-37.3;-124.22953124999995;8.0;386.5596874999999
30622;2018-09-01 00:00:00;14:00;2018-09-01 14:00:00;;;-31.3;-35.3;-124.22953124999995;8.0;386.5596874999999
30622;2018-09-01 00:00:00;11:00;2018-09-01 11:00:00;;;-35.7;-39.9;-124.22953124999995;8.0;386.5596874999999
30622;2018-09-01 00:00:00;08:00;2018-09-01 08:00:00;32.0;0.0;-34.8;-38.5;-124.22953124999995;8.0;386.5596874999999
30622;2018-09-01 00:00:00;05:00;2018-09-01 05:00:00;;;-32.3;-35.6;-124.22953124999995;8.0;386.5596874999999
30622;2018-09-01 00:00:00;02:00;2018-09-01 02:00:00;;;-27.9;-30.7;-124.22953124999995;8.0;386.5596874999999
30622;2018-08-01 00:00:00;23:00;2018-08-01 23:00:00;;;-19.0;-23.4;-53.87125000000001;2.0;107.34359374999994
30622;2018-08-01 00:00:00;20:00;2018-08-01 20:00:00;;0.0;-16.3;-19.9;-53.87125000000001;2.0;107.34359374999994
30622;2018-08-01 00:00:00;17:00;2018-08-01 17:00:00;;;-13.7;-17.5;-53.87125000000001;2.0;107.34359374999994
30622;2018-08-01 00:00:00;14:00;2018-08-01 14:00:00;;;-12.3;-18.0;-53.87125000000001;2.0;107.34359374999994
30622;2018-08-01 00:00:00;11:00;2018-08-01 11:00:00;;;-17.6;-20.2;-53.87125000000001;2.0;107.34359374999994
30622;2018-08-01 00:00:00;08:00;2018-08-01 08:00:00;32.0;0.9;-12.9;-17.4;-53.87125000000001;2.0;107.34359374999994
30622;2018-08-01 00:00:00;05:00;2018-08-01 05:00:00;;;-14.7;-16.6;-53.87125000000001;2.0;107.34359374999994
30622;2018-08-01 00:00:00;02:00;2018-08-01 02:00:00;;;-14.9;-16.8;-53.87125000000001;2.0;107.34359374999994
30622;2018-07-01 00:00:00;23:00;2018-07-01 23:00:00;;;-15.2;-17.2;-53.84484374999996;1.0;24.241250000000058
30622;2018-07-01 00:00:00;20:00;2018-07-01 20:00:00;;0.5;-15.5;-17.7;-53.84484374999996;1.0;24.241250000000058
30622;2018-07-01 00:00:00;17:00;2018-07-01 17:00:00;;;-15.2;-18.2;-53.84484374999996;1.0;24.241250000000058
30622;2018-07-01 00:00:00;14:00;2018-07-01 14:00:00;;;-15.2;-19.3;-53.84484374999996;1.0;24.241250000000058
30622;2018-07-01 00:00:00;11:00;2018-07-01 11:00:00;;;-19.5;-22.5;-53.84484374999996;1.0;24.241250000000058
30622;2018-07-01 00:00:00;08:00;2018-07-01 08:00:00;31.0;0.4;-21.1;-24.0;-53.84484374999996;1.0;24.241250000000058
30622;2018-07-01 00:00:00;05:00;2018-07-01 05:00:00;;;-22.2;-25.2;-53.84484374999996;1.0;24.241250000000058
30622;2018-07-01 00:00:00;02:00;2018-07-01 02:00:00;;;-24.0;-27.1;-53.84484374999996;1.0;24.241250000000058
30622;2018-06-01 00:00:00;23:00;2018-06-01 23:00:00;;;-26.1;-29.2;-91.83890624999995;7.0;1305.97625
30622;2018-06-01 00:00:00;20:00;2018-06-01 20:00:00;;0.0;-27.7;-30.5;-91.83890624999995;7.0;1305.97625
30622;2018-06-01 00:00:00;17:00;2018-06-01 17:00:00;;;-25.1;-28.6;-91.83890624999995;7.0;1305.97625
30622;2018-06-01 00:00:00;14:00;2018-06-01 14:00:00;;;-23.5;-28.0;-91.83890624999995;7.0;1305.97625
30622;2018-06-01 00:00:00;11:00;2018-06-01 11:00:00;;;-29.5;-33.2;-91.83890624999995;7.0;1305.97625
30622;2018-06-01 00:00:00;08:00;2018-06-01 08:00:00;31.0;0.0;-29.1;-32.3;-91.83890624999995;7.0;1305.97625
30622;2018-06-01 00:00:00;05:00;2018-06-01 05:00:00;;;-27.8;-31.0;-91.83890624999995;7.0;1305.97625
30622;2018-06-01 00:00:00;02:00;2018-06-01 02:00:00;;;-26.5;-29.8;-91.83890624999995;7.0;1305.97625
30622;2018-05-01 00:00:00;23:00;2018-05-01 23:00:00;;;-27.8;-31.0;-113.9906250000001;4.0;82.09187499999989
30622;2018-05-01 00:00:00;20:00;2018-05-01 20:00:00;;0.0;-31.6;-35.0;-113.9906250000001;4.0;82.09187499999989
30622;2018-05-01 00:00:00;17:00;2018-05-01 17:00:00;;;-28.7;-32.8;-113.9906250000001;4.0;82.09187499999989
30622;2018-05-01 00:00:00;14:00;2018-05-01 14:00:00;;;-27.2;-32.4;-113.9906250000001;4.0;82.09187499999989
30622;2018-05-01 00:00:00;11:00;2018-05-01 11:00:00;;;-27.6;-32.5;-113.9906250000001;4.0;82.09187499999989
30622;2018-05-01 00:00:00;08:00;2018-05-01 08:00:00;31.0;0.0;-29.7;-33.0;-113.9906250000001;4.0;82.09187499999989
30622;2018-05-01 00:00:00;05:00;2018-05-01 05:00:00;;;-30.6;-34.1;-113.9906250000001;4.0;82.09187499999989
30622;2018-05-01 00:00:00;02:00;2018-05-01 02:00:00;;;-28.4;-32.3;-113.9906250000001;4.0;82.09187499999989
30622;2018-04-01 00:00:00;23:00;2018-04-01 23:00:00;;;-30.0;-33.6;-122.80125000000007;24.0;-693.4431250000002
30622;2018-04-01 00:00:00;20:00;2018-04-01 20:00:00;;0.0;-30.4;-34.1;-122.80125000000007;24.0;-693.4431250000002
30622;2018-04-01 00:00:00;17:00;2018-04-01 17:00:00;;;-30.1;-34.2;-122.80125000000007;24.0;-693.4431250000002
30622;2018-04-01 00:00:00;14:00;2018-04-01 14:00:00;;;-30.4;-35.0;-122.80125000000007;24.0;-693.4431250000002
30622;2018-04-01 00:00:00;11:00;2018-04-01 11:00:00;;;-32.3;-36.4;-122.80125000000007;24.0;-693.4431250000002
30622;2018-04-01 00:00:00;08:00;2018-04-01 08:00:00;31.0;0.0;-34.0;-37.8;-122.80125000000007;24.0;-693.4431250000002
30622;2018-04-01 00:00:00;05:00;2018-04-01 05:00:00;;;-32.6;-36.2;-122.80125000000007;24.0;-693.4431250000002
30622;2018-04-01 00:00:00;02:00;2018-04-01 02:00:00;;;-32.1;-35.8;-122.80125000000007;24.0;-693.4431250000002
30622;2018-03-01 00:00:00;23:00;2018-03-01 23:00:00;;;-32.4;-36.1;-138.80468750000009;23.0;-1481.9615624999997
30622;2018-03-01 00:00:00;20:00;2018-03-01 20:00:00;;0.0;-31.5;-35.3;-138.80468750000009;23.0;-1481.9615624999997
30622;2018-03-01 00:00:00;17:00;2018-03-01 17:00:00;;;-31.4;-35.6;-138.80468750000009;23.0;-1481.9615624999997
30622;2018-03-01 00:00:00;14:00;2018-03-01 14:00:00;;;-31.7;-35.9;-138.80468750000009;23.0;-1481.9615624999997
30622;2018-03-01 00:00:00;11:00;2018-03-01 11:00:00;;;-34.9;-39.0;-138.80468750000009;23.0;-1481.9615624999997
30622;2018-03-01 00:00:00;08:00;2018-03-01 08:00:00;32.0;0.0;-36.8;-41.1;-138.80468750000009;23.0;-1481.9615624999997
30622;2018-03-01 00:00:00;05:00;2018-03-01 05:00:00;;;-37.4;-41.7;-138.80468750000009;23.0;-1481.9615624999997
30622;2018-03-01 00:00:00;02:00;2018-03-01 02:00:00;;;-36.4;-40.4;-138.80468750000009;23.0;-1481.9615624999997
30622;2018-02-01 00:00:00;23:00;2018-02-01 23:00:00;;;-34.3;-38.1;-114.81953125000011;34.0;-2806.5065178571426
30622;2018-02-01 00:00:00;20:00;2018-02-01 20:00:00;;0.2;-31.7;-35.0;-114.81953125000011;34.0;-2806.5065178571426
30622;2018-02-01 00:00:00;17:00;2018-02-01 17:00:00;;;-28.0;-31.6;-114.81953125000011;34.0;-2806.5065178571426
30622;2018-02-01 00:00:00;14:00;2018-02-01 14:00:00;;;-27.6;-31.5;-114.81953125000011;34.0;-2806.5065178571426
30622;2018-02-01 00:00:00;11:00;2018-02-01 11:00:00;;;-29.0;-32.5;-114.81953125000011;34.0;-2806.5065178571426
30622;2018-02-01 00:00:00;08:00;2018-02-01 08:00:00;32.0;0.3;-31.3;-34.9;-114.81953125000011;34.0;-2806.5065178571426
30622;2018-02-01 00:00:00;05:00;2018-02-01 05:00:00;;;-32.8;-36.6;-114.81953125000011;34.0;-2806.5065178571426
30622;2018-02-01 00:00:00;02:00;2018-02-01 02:00:00;;;-34.4;-38.4;-114.81953125000011;34.0;-2806.5065178571426
30622;2018-01-01 00:00:00;23:00;2018-01-01 23:00:00;;;-33.8;-37.7;-116.22187500000014;3.0;-331.9584375
30622;2018-01-01 00:00:00;20:00;2018-01-01 20:00:00;;0.0;-32.6;-36.4;-116.22187500000014;3.0;-331.9584375
30622;2018-01-01 00:00:00;17:00;2018-01-01 17:00:00;;;-32.0;-35.7;-116.22187500000014;3.0;-331.9584375
30622;2018-01-01 00:00:00;14:00;2018-01-01 14:00:00;;;-30.9;-34.7;-116.22187500000014;3.0;-331.9584375
30622;2018-01-01 00:00:00;11:00;2018-01-01 11:00:00;;;-32.9;-36.7;-116.22187500000014;3.0;-331.9584375
30622;2018-01-01 00:00:00;08:00;2018-01-01 08:00:00;32.0;0.5;-33.2;-36.9;-116.22187500000014;3.0;-331.9584375
30622;2018-01-01 00:00:00;05:00;2018-01-01 05:00:00;;;-29.7;-33.1;-116.22187500000014;3.0;-331.9584375
30622;2018-01-01 00:00:00;02:00;2018-01-01 02:00:00;;;-27.9;-31.2;-116.22187500000014;3.0;-331.9584375
30622;2017-12-31 00:00:00;23:00;2017-12-31 23:00:00;;;-28.5;-31.8;-112.85999999999983;2.0;-215.73656249999985
30622;2017-12-31 00:00:00;20:00;2017-12-31 20:00:00;;0.4;-30.3;-33.9;-112.85999999999983;2.0;-215.73656249999985
30622;2017-12-31 00:00:00;17:00;2017-12-31 17:00:00;;;-28.4;-31.8;-112.85999999999983;2.0;-215.73656249999985
30622;2017-12-31 00:00:00;14:00;2017-12-31 14:00:00;;;-28.9;-32.3;-112.85999999999983;2.0;-215.73656249999985
30622;2017-12-31 00:00:00;11:00;2017-12-31 11:00:00;;;-31.7;-35.3;-112.85999999999983;2.0;-215.73656249999985
30622;2017-12-31 00:00:00;08:00;2017-12-31 08:00:00;31.0;0.0;-33.5;-37.3;-112.85999999999983;2.0;-215.73656249999985
30622;2017-12-31 00:00:00;05:00;2017-12-31 05:00:00;;;-35.8;-39.8;-112.85999999999983;2.0;-215.73656249999985
30622;2017-12-31 00:00:00;02:00;2017-12-31 02:00:00;;;-33.7;-37.4;-112.85999999999983;2.0;-215.73656249999985
30622;2017-12-30 00:00:00;23:00;2017-12-30 23:00:00;;;-32.8;-36.3;-70.84828125000001;1.0;-102.87656250000002
30622;2017-12-30 00:00:00;20:00;2017-12-30 20:00:00;;0.0;-30.3;-33.4;-70.84828125000001;1.0;-102.87656250000002
30622;2017-12-30 00:00:00;17:00;2017-12-30 17:00:00;;;-25.8;-28.3;-70.84828125000001;1.0;-102.87656250000002
30622;2017-12-30 00:00:00;14:00;2017-12-30 14:00:00;;;-22.4;-25.9;-70.84828125000001;1.0;-102.87656250000002
30622;2017-12-30 00:00:00;11:00;2017-12-30 11:00:00;;;-24.7;-28.1;-70.84828125000001;1.0;-102.87656250000002
30622;2017-12-30 00:00:00;08:00;2017-12-30 08:00:00;31.0;0.0;-17.9;-20.4;-70.84828125000001;1.0;-102.87656250000002
30622;2017-12-30 00:00:00;05:00;2017-12-30 05:00:00;;;-15.3;-17.8;-70.84828125000001;1.0;-102.87656250000002
30622;2017-12-30 00:00:00;02:00;2017-12-30 02:00:00;;;-12.9;-16.8;-70.84828125000001;1.0;-102.87656250000002
30622;2017-12-29 00:00:00;23:00;2017-12-29 23:00:00;;;-12.0;-16.0;-32.028281250000006;0.0;-32.028281250000006
30622;2017-12-29 00:00:00;20:00;2017-12-29 20:00:00;;0.8;-11.4;-15.1;-32.028281250000006;0.0;-32.028281250000006
30622;2017-12-29 00:00:00;17:00;2017-12-29 17:00:00;;;-10.4;-13.9;-32.028281250000006;0.0;-32.028281250000006
30622;2017-12-29 00:00:00;14:00;2017-12-29 14:00:00;;;-9.2;-13.3;-32.028281250000006;0.0;-32.028281250000006
30622;2017-12-29 00:00:00;11:00;2017-12-29 11:00:00;;;-8.7;-11.0;-32.028281250000006;0.0;-32.028281250000006
30622;2017-12-29 00:00:00;08:00;2017-12-29 08:00:00;35.0;6.0;-12.3;-13.9;-32.028281250000006;0.0;-32.028281250000006
30622;2017-12-29 00:00:00;05:00;2017-12-29 05:00:00;;;-13.0;-14.8;-32.028281250000006;0.0;-32.028281250000006
30622;2017-12-29 00:00:00;02:00;2017-12-29 02:00:00;;;-13.3;-15.0;-32.028281250000006;0.0;-32.028281250000006
30622;2017-12-28 00:00:00;23:00;2017-12-28 23:00:00;;;-14.4;-16.2;-54.08203125000003;0.0;-54.08203125000003
30622;2017-12-28 00:00:00;20:00;2017-12-28 20:00:00;;3.0;-15.0;-17.0;-54.08203125000003;0.0;-54.08203125000003
30622;2017-12-28 00:00:00;17:00;2017-12-28 17:00:00;;;-14.7;-17.4;-54.08203125000003;0.0;-54.08203125000003
30622;2017-12-28 00:00:00;14:00;2017-12-28 14:00:00;;;-18.3;-21.7;-54.08203125000003;0.0;-54.08203125000003
30622;2017-12-28 00:00:00;11:00;2017-12-28 11:00:00;;;-23.2;-26.1;-54.08203125000003;0.0;-54.08203125000003
30622;2017-12-28 00:00:00;08:00;2017-12-28 08:00:00;28.0;0.0;-25.9;-28.7;-54.08203125000003;0.0;-54.08203125000003
30622;2017-12-28 00:00:00;05:00;2017-12-28 05:00:00;;;-26.6;-29.5;-54.08203125000003;0.0;-54.08203125000003
30622;2017-12-28 00:00:00;02:00;2017-12-28 02:00:00;;;-24.4;-27.2;-54.08203125000003;0.0;-54.08203125000003
30622;2017-12-27 00:00:00;23:00;2017-12-27 23:00:00;;;-23.6;-26.3;-92.7140625;9.0;-752.55765625
30622;2017-12-27 00:00:00;20:00;2017-12-27 20:00:00;;0.0;-19.6;-23.1;-92.7140625;9.0;-752.55765625
30622;2017-12-27 00:00:00;17:00;2017-12-27 17:00:00;;;-20.8;-24.9;-92.7140625;9.0;-752.55765625
30622;2017-12-27 00:00:00;14:00;2017-12-27 14:00:00;;;-22.3;-26.1;-92.7140625;9.0;-752.55765625
30622;2017-12-27 00:00:00;11:00;2017-12-27 11:00:00;;;-26.3;-29.6;-92.7140625;9.0;-752.55765625
30622;2017-12-27 00:00:00;08:00;2017-12-27 08:00:00;27.0;0.0;-29.2;-32.7;-92.7140625;9.0;-752.55765625
30622;2017-12-27 00:00:00;05:00;2017-12-27 05:00:00;;;-32.0;-35.7;-92.7140625;9.0;-752.55765625
30622;2017-12-27 00:00:00;02:00;2017-12-27 02:00:00;;;-34.4;-38.3;-92.7140625;9.0;-752.55765625
30622;2017-12-26 00:00:00;23:00;2017-12-26 23:00:00;;;-36.7;-40.9;-171.5240624999999;8.0;-659.8435937500001
30622;2017-12-26 00:00:00;20:00;2017-12-26 20:00:00;;0.0;-36.2;-40.4;-171.5240624999999;8.0;-659.8435937500001
30622;2017-12-26 00:00:00;17:00;2017-12-26 17:00:00;;;-35.7;-39.9;-171.5240624999999;8.0;-659.8435937500001
30622;2017-12-26 00:00:00;14:00;2017-12-26 14:00:00;;;-34.7;-38.8;-171.5240624999999;8.0;-659.8435937500001
30622;2017-12-26 00:00:00;11:00;2017-12-26 11:00:00;;;-39.7;-44.1;-171.5240624999999;8.0;-659.8435937500001
30622;2017-12-26 00:00:00;08:00;2017-12-26 08:00:00;27.0;0.0;-42.5;-47.3;-171.5240624999999;8.0;-659.8435937500001
30622;2017-12-26 00:00:00;05:00;2017-12-26 05:00:00;;;-42.2;-46.9;-171.5240624999999;8.0;-659.8435937500001
30622;2017-12-26 00:00:00;02:00;2017-12-26 02:00:00;;;-42.4;-47.2;-171.5240624999999;8.0;-659.8435937500001
30622;2017-12-25 00:00:00;23:00;2017-12-25 23:00:00;;;-41.2;-45.8;-152.00828125000015;7.0;-488.3195312500001
30622;2017-12-25 00:00:00;20:00;2017-12-25 20:00:00;;0.0;-39.0;-43.2;-152.00828125000015;7.0;-488.3195312500001
30622;2017-12-25 00:00:00;17:00;2017-12-25 17:00:00;;;-36.6;-40.7;-152.00828125000015;7.0;-488.3195312500001
30622;2017-12-25 00:00:00;14:00;2017-12-25 14:00:00;;;-33.1;-36.8;-152.00828125000015;7.0;-488.3195312500001
30622;2017-12-25 00:00:00;11:00;2017-12-25 11:00:00;;;-37.5;-41.6;-152.00828125000015;7.0;-488.3195312500001
30622;2017-12-25 00:00:00;08:00;2017-12-25 08:00:00;27.0;0.0;-38.1;-42.5;-152.00828125000015;7.0;-488.3195312500001
30622;2017-12-25 00:00:00;05:00;2017-12-25 05:00:00;;;-36.3;-40.3;-152.00828125000015;7.0;-488.3195312500001
30622;2017-12-25 00:00:00;02:00;2017-12-25 02:00:00;;;-33.9;-37.7;-152.00828125000015;7.0;-488.3195312500001
30622;2017-12-24 00:00:00;23:00;2017-12-24 23:00:00;;;-30.8;-34.0;-67.01625000000004;6.0;-336.31125
30622;2017-12-24 00:00:00;20:00;2017-12-24 20:00:00;;0.3;-28.6;-31.5;-67.01625000000004;6.0;-336.31125
30622;2017-12-24 00:00:00;17:00;2017-12-24 17:00:00;;;-23.5;-26.1;-67.01625000000004;6.0;-336.31125
30622;2017-12-24 00:00:00;14:00;2017-12-24 14:00:00;;;-20.4;-23.3;-67.01625000000004;6.0;-336.31125
30622;2017-12-24 00:00:00;11:00;2017-12-24 11:00:00;;;-20.9;-23.4;-67.01625000000004;6.0;-336.31125
30622;2017-12-24 00:00:00;08:00;2017-12-24 08:00:00;28.0;0.3;-22.1;-24.7;-67.01625000000004;6.0;-336.31125
30622;2017-12-24 00:00:00;05:00;2017-12-24 05:00:00;;;-22.8;-25.5;-67.01625000000004;6.0;-336.31125
30622;2017-12-24 00:00:00;02:00;2017-12-24 02:00:00;;;-24.1;-26.9;-67.01625000000004;6.0;-336.31125
30622;2017-12-23 00:00:00;23:00;2017-12-23 23:00:00;;;-26.4;-29.3;-62.31968749999997;5.0;-269.2949999999999
30622;2017-12-23 00:00:00;20:00;2017-12-23 20:00:00;;0.4;-29.0;-32.0;-62.31968749999997;5.0;-269.2949999999999
30622;2017-12-23 00:00:00;17:00;2017-12-23 17:00:00;;;-23.6;-25.8;-62.31968749999997;5.0;-269.2949999999999
30622;2017-12-23 00:00:00;14:00;2017-12-23 14:00:00;;;-19.4;-23.2;-62.31968749999997;5.0;-269.2949999999999
30622;2017-12-23 00:00:00;11:00;2017-12-23 11:00:00;;;-23.5;-26.2;-62.31968749999997;5.0;-269.2949999999999
30622;2017-12-23 00:00:00;08:00;2017-12-23 08:00:00;28.0;0.3;-22.2;-24.7;-62.31968749999997;5.0;-269.2949999999999
30622;2017-12-23 00:00:00;05:00;2017-12-23 05:00:00;;;-17.5;-19.6;-62.31968749999997;5.0;-269.2949999999999
30622;2017-12-23 00:00:00;02:00;2017-12-23 02:00:00;;;-22.2;-24.7;-62.31968749999997;5.0;-269.2949999999999
30622;2017-12-22 00:00:00;23:00;2017-12-22 23:00:00;;;-21.3;-23.7;-54.53031249999999;4.0;-206.97531249999994
30622;2017-12-22 00:00:00;20:00;2017-12-22 20:00:00;;0.0;-21.2;-23.7;-54.53031249999999;4.0;-206.97531249999994
30622;2017-12-22 00:00:00;17:00;2017-12-22 17:00:00;;;-21.7;-24.3;-54.53031249999999;4.0;-206.97531249999994
30622;2017-12-22 00:00:00;14:00;2017-12-22 14:00:00;;;-19.3;-22.8;-54.53031249999999;4.0;-206.97531249999994
30622;2017-12-22 00:00:00;11:00;2017-12-22 11:00:00;;;-21.0;-23.3;-54.53031249999999;4.0;-206.97531249999994
30622;2017-12-22 00:00:00;08:00;2017-12-22 08:00:00;28.0;0.0;-23.0;-25.5;-54.53031249999999;4.0;-206.97531249999994
30622;2017-12-22 00:00:00;05:00;2017-12-22 05:00:00;;;-22.1;-24.2;-54.53031249999999;4.0;-206.97531249999994
30622;2017-12-22 00:00:00;02:00;2017-12-22 02:00:00;;;-15.8;-19.0;-54.53031249999999;4.0;-206.97531249999994
30622;2017-12-21 00:00:00;23:00;2017-12-21 23:00:00;;;-16.8;-18.7;-45.671875;3.0;-152.44499999999996
30622;2017-12-21 00:00:00;20:00;2017-12-21 20:00:00;;0.0;-16.7;-19.2;-45.671875;3.0;-152.44499999999996
30622;2017-12-21 00:00:00;17:00;2017-12-21 17:00:00;;;-18.1;-20.7;-45.671875;3.0;-152.44499999999996
30622;2017-12-21 00:00:00;14:00;2017-12-21 14:00:00;;;-16.4;-18.7;-45.671875;3.0;-152.44499999999996
30622;2017-12-21 00:00:00;11:00;2017-12-21 11:00:00;;;-20.3;-22.6;-45.671875;3.0;-152.44499999999996
30622;2017-12-21 00:00:00;08:00;2017-12-21 08:00:00;28.0;0.0;-26.0;-28.7;-45.671875;3.0;-152.44499999999996
30622;2017-12-21 00:00:00;05:00;2017-12-21 05:00:00;;;-24.4;-26.7;-45.671875;3.0;-152.44499999999996
30622;2017-12-21 00:00:00;02:00;2017-12-21 02:00:00;;;-19.3;-21.2;-45.671875;3.0;-152.44499999999996
30622;2017-12-20 00:00:00;23:00;2017-12-20 23:00:00;;;-13.5;-15.3;-41.16156250000001;2.0;-106.77312499999996
30622;2017-12-20 00:00:00;20:00;2017-12-20 20:00:00;;0.0;-12.9;-14.7;-41.16156250000001;2.0;-106.77312499999996
30622;2017-12-20 00:00:00;17:00;2017-12-20 17:00:00;;;-10.4;-13.3;-41.16156250000001;2.0;-106.77312499999996
30622;2017-12-20 00:00:00;14:00;2017-12-20 14:00:00;;;-11.4;-16.2;-41.16156250000001;2.0;-106.77312499999996
30622;2017-12-20 00:00:00;11:00;2017-12-20 11:00:00;;;-19.2;-21.5;-41.16156250000001;2.0;-106.77312499999996
30622;2017-12-20 00:00:00;08:00;2017-12-20 08:00:00;29.0;0.0;-22.8;-24.9;-41.16156250000001;2.0;-106.77312499999996
30622;2017-12-20 00:00:00;05:00;2017-12-20 05:00:00;;;-18.9;-22.0;-41.16156250000001;2.0;-106.77312499999996
30622;2017-12-20 00:00:00;02:00;2017-12-20 02:00:00;;;-14.0;-16.6;-41.16156250000001;2.0;-106.77312499999996
30622;2017-12-19 00:00:00;23:00;2017-12-19 23:00:00;;;-13.3;-14.5;-23.93312499999999;1.0;-65.61156249999996
30622;2017-12-19 00:00:00;20:00;2017-12-19 20:00:00;;2.0;-11.5;-13.1;-23.93312499999999;1.0;-65.61156249999996
30622;2017-12-19 00:00:00;17:00;2017-12-19 17:00:00;;;-9.3;-10.9;-23.93312499999999;1.0;-65.61156249999996
30622;2017-12-19 00:00:00;14:00;2017-12-19 14:00:00;;;-10.9;-13.3;-23.93312499999999;1.0;-65.61156249999996
30622;2017-12-19 00:00:00;11:00;2017-12-19 11:00:00;;;-12.8;-15.2;-23.93312499999999;1.0;-65.61156249999996
30622;2017-12-19 00:00:00;08:00;2017-12-19 08:00:00;27.0;1.0;-14.3;-16.2;-23.93312499999999;1.0;-65.61156249999996
30622;2017-12-19 00:00:00;05:00;2017-12-19 05:00:00;;;-14.9;-16.8;-23.93312499999999;1.0;-65.61156249999996
30622;2017-12-19 00:00:00;02:00;2017-12-19 02:00:00;;;-15.8;-17.7;-23.93312499999999;1.0;-65.61156249999996
30622;2017-12-18 00:00:00;23:00;2017-12-18 23:00:00;;;-14.7;-17.1;-41.678437499999966;0.0;-41.678437499999966
30622;2017-12-18 00:00:00;20:00;2017-12-18 20:00:00;;3.0;-14.9;-16.9;-41.678437499999966;0.0;-41.678437499999966
30622;2017-12-18 00:00:00;17:00;2017-12-18 17:00:00;;;-15.9;-18.0;-41.678437499999966;0.0;-41.678437499999966
30622;2017-12-18 00:00:00;14:00;2017-12-18 14:00:00;;;-16.0;-18.7;-41.678437499999966;0.0;-41.678437499999966
30622;2017-12-18 00:00:00;11:00;2017-12-18 11:00:00;;;-18.4;-21.2;-41.678437499999966;0.0;-41.678437499999966
30622;2017-12-18 00:00:00;08:00;2017-12-18 08:00:00;23.0;0.0;-20.8;-22.9;-41.678437499999966;0.0;-41.678437499999966
30622;2017-12-18 00:00:00;05:00;2017-12-18 05:00:00;;;-17.1;-19.6;-41.678437499999966;0.0;-41.678437499999966
30622;2017-12-18 00:00:00;02:00;2017-12-18 02:00:00;;;-13.6;-17.3;-41.678437499999966;0.0;-41.678437499999966
30622;2017-12-17 00:00:00;23:00;2017-12-17 23:00:00;;;-13.6;-17.5;-46.873593750000005;47.0;-1376.5746875000002
30622;2017-12-17 00:00:00;20:00;2017-12-17 20:00:00;;0.0;-13.1;-17.3;-46.873593750000005;47.0;-1376.5746875000002
30622;2017-12-17 00:00:00;17:00;2017-12-17 17:00:00;;;-12.4;-16.5;-46.873593750000005;47.0;-1376.5746875000002
30622;2017-12-17 00:00:00;14:00;2017-12-17 14:00:00;;;-12.0;-17.2;-46.873593750000005;47.0;-1376.5746875000002
30622;2017-12-17 00:00:00;11:00;2017-12-17 11:00:00;;;-13.2;-17.6;-46.873593750000005;47.0;-1376.5746875000002
30622;2017-12-17 00:00:00;08:00;2017-12-17 08:00:00;25.0;2.0;-13.6;-15.6;-46.873593750000005;47.0;-1376.5746875000002
30622;2017-12-17 00:00:00;05:00;2017-12-17 05:00:00;;;-14.3;-16.3;-46.873593750000005;47.0;-1376.5746875000002
30622;2017-12-17 00:00:00;02:00;2017-12-17 02:00:00;;;-16.1;-18.0;-46.873593750000005;47.0;-1376.5746875000002
30622;2017-12-16 00:00:00;23:00;2017-12-16 23:00:00;;;-15.5;-17.6;-57.7515625;46.0;-1329.7010937500002
30622;2017-12-16 00:00:00;20:00;2017-12-16 20:00:00;;0.6;-16.2;-18.4;-57.7515625;46.0;-1329.7010937500002
30622;2017-12-16 00:00:00;17:00;2017-12-16 17:00:00;;;-17.3;-20.2;-57.7515625;46.0;-1329.7010937500002
30622;2017-12-16 00:00:00;14:00;2017-12-16 14:00:00;;;-18.3;-21.9;-57.7515625;46.0;-1329.7010937500002
30622;2017-12-16 00:00:00;11:00;2017-12-16 11:00:00;;;-20.9;-24.1;-57.7515625;46.0;-1329.7010937500002
30622;2017-12-16 00:00:00;08:00;2017-12-16 08:00:00;22.0;1.0;-22.8;-25.8;-57.7515625;46.0;-1329.7010937500002
30622;2017-12-16 00:00:00;05:00;2017-12-16 05:00:00;;;-24.1;-27.0;-57.7515625;46.0;-1329.7010937500002
30622;2017-12-16 00:00:00;02:00;2017-12-16 02:00:00;;;-25.6;-28.7;-57.7515625;46.0;-1329.7010937500002
30622;2017-12-15 00:00:00;23:00;2017-12-15 23:00:00;;;-27.4;-30.6;-104.42375000000003;45.0;-1271.94953125
30622;2017-12-15 00:00:00;20:00;2017-12-15 20:00:00;;0.2;-28.1;-31.3;-104.42375000000003;45.0;-1271.94953125
30622;2017-12-15 00:00:00;17:00;2017-12-15 17:00:00;;;-27.7;-31.0;-104.42375000000003;45.0;-1271.94953125
30622;2017-12-15 00:00:00;14:00;2017-12-15 14:00:00;;;-27.9;-31.3;-104.42375000000003;45.0;-1271.94953125
30622;2017-12-15 00:00:00;11:00;2017-12-15 11:00:00;;;-29.9;-33.4;-104.42375000000003;45.0;-1271.94953125
30622;2017-12-15 00:00:00;08:00;2017-12-15 08:00:00;21.0;0.0;-33.4;-37.1;-104.42375000000003;45.0;-1271.94953125
30622;2017-12-15 00:00:00;05:00;2017-12-15 05:00:00;;;-33.7;-37.5;-104.42375000000003;45.0;-1271.94953125
30622;2017-12-15 00:00:00;02:00;2017-12-15 02:00:00;;;-32.3;-36.0;-104.42375000000003;45.0;-1271.94953125
30622;2017-12-14 00:00:00;23:00;2017-12-14 23:00:00;;;-32.3;-35.7;-91.7562500000001;44.0;-1167.5257812500001
30622;2017-12-14 00:00:00;20:00;2017-12-14 20:00:00;;0.0;-29.4;-32.7;-91.7562500000001;44.0;-1167.5257812500001
30622;2017-12-14 00:00:00;17:00;2017-12-14 17:00:00;;;-27.5;-30.1;-91.7562500000001;44.0;-1167.5257812500001
30622;2017-12-14 00:00:00;14:00;2017-12-14 14:00:00;;;-22.9;-27.5;-91.7562500000001;44.0;-1167.5257812500001
30622;2017-12-14 00:00:00;11:00;2017-12-14 11:00:00;;;-27.5;-30.6;-91.7562500000001;44.0;-1167.5257812500001
30622;2017-12-14 00:00:00;08:00;2017-12-14 08:00:00;21.0;0.4;-29.8;-33.0;-91.7562500000001;44.0;-1167.5257812500001
30622;2017-12-14 00:00:00;05:00;2017-12-14 05:00:00;;;-26.2;-29.3;-91.7562500000001;44.0;-1167.5257812500001
30622;2017-12-14 00:00:00;02:00;2017-12-14 02:00:00;;;-26.0;-29.2;-91.7562500000001;44.0;-1167.5257812500001
30622;2017-12-13 00:00:00;23:00;2017-12-13 23:00:00;;;-25.3;-28.6;-108.71249999999996;43.0;-1075.76953125
30622;2017-12-13 00:00:00;20:00;2017-12-13 20:00:00;;0.2;-25.8;-29.3;-108.71249999999996;43.0;-1075.76953125
30622;2017-12-13 00:00:00;17:00;2017-12-13 17:00:00;;;-25.8;-29.1;-108.71249999999996;43.0;-1075.76953125
30622;2017-12-13 00:00:00;14:00;2017-12-13 14:00:00;;;-25.7;-30.3;-108.71249999999996;43.0;-1075.76953125
30622;2017-12-13 00:00:00;11:00;2017-12-13 11:00:00;;;-28.4;-32.7;-108.71249999999996;43.0;-1075.76953125
30622;2017-12-13 00:00:00;08:00;2017-12-13 08:00:00;21.0;0.0;-29.2;-33.3;-108.71249999999996;43.0;-1075.76953125
30622;2017-12-13 00:00:00;05:00;2017-12-13 05:00:00;;;-31.0;-35.1;-108.71249999999996;43.0;-1075.76953125
30622;2017-12-13 00:00:00;02:00;2017-12-13 02:00:00;;;-31.8;-35.8;-108.71249999999996;43.0;-1075.76953125
30622;2017-12-12 00:00:00;23:00;2017-12-12 23:00:00;;;-32.8;-36.7;-151.246875;42.0;-967.0570312500001
30622;2017-12-12 00:00:00;20:00;2017-12-12 20:00:00;;0.0;-32.6;-36.5;-151.246875;42.0;-967.0570312500001
30622;2017-12-12 00:00:00;17:00;2017-12-12 17:00:00;;;-33.1;-37.3;-151.246875;42.0;-967.0570312500001
30622;2017-12-12 00:00:00;14:00;2017-12-12 14:00:00;;;-32.9;-37.3;-151.246875;42.0;-967.0570312500001
30622;2017-12-12 00:00:00;11:00;2017-12-12 11:00:00;;;-36.4;-40.6;-151.246875;42.0;-967.0570312500001
30622;2017-12-12 00:00:00;08:00;2017-12-12 08:00:00;21.0;0.0;-38.0;-42.4;-151.246875;42.0;-967.0570312500001
30622;2017-12-12 00:00:00;05:00;2017-12-12 05:00:00;;;-39.5;-44.0;-151.246875;42.0;-967.0570312500001
30622;2017-12-12 00:00:00;02:00;2017-12-12 02:00:00;;;-39.4;-43.9;-151.246875;42.0;-967.0570312500001
30622;2017-11-12 00:00:00;23:00;2017-11-12 23:00:00;;;-38.9;-43.3;-185.19187500000015;12.0;90.86828124999982
30622;2017-11-12 00:00:00;20:00;2017-11-12 20:00:00;;0.0;-39.6;-44.2;-185.19187500000015;12.0;90.86828124999982
30622;2017-11-12 00:00:00;17:00;2017-11-12 17:00:00;;;-36.7;-40.9;-185.19187500000015;12.0;90.86828124999982
30622;2017-11-12 00:00:00;14:00;2017-11-12 14:00:00;;;-36.5;-40.9;-185.19187500000015;12.0;90.86828124999982
30622;2017-11-12 00:00:00;11:00;2017-11-12 11:00:00;;;-41.8;-46.6;-185.19187500000015;12.0;90.86828124999982
30622;2017-11-12 00:00:00;08:00;2017-11-12 08:00:00;21.0;0.0;-43.2;-48.2;-185.19187500000015;12.0;90.86828124999982
30622;2017-11-12 00:00:00;05:00;2017-11-12 05:00:00;;;-42.5;-47.3;-185.19187500000015;12.0;90.86828124999982
30622;2017-11-12 00:00:00;02:00;2017-11-12 02:00:00;;;-42.0;-46.7;-185.19187500000015;12.0;90.86828124999982
30622;2017-10-12 00:00:00;23:00;2017-10-12 23:00:00;;;-39.9;-44.4;-151.90312500000002;7.0;443.9843750000002
30622;2017-10-12 00:00:00;20:00;2017-10-12 20:00:00;;0.0;-40.3;-44.8;-151.90312500000002;7.0;443.9843750000002
30622;2017-10-12 00:00:00;17:00;2017-10-12 17:00:00;;;-35.6;-39.6;-151.90312500000002;7.0;443.9843750000002
30622;2017-10-12 00:00:00;14:00;2017-10-12 14:00:00;;;-33.9;-37.9;-151.90312500000002;7.0;443.9843750000002
30622;2017-10-12 00:00:00;11:00;2017-10-12 11:00:00;;;-36.5;-40.5;-151.90312500000002;7.0;443.9843750000002
30622;2017-10-12 00:00:00;08:00;2017-10-12 08:00:00;21.0;0.0;-39.4;-43.9;-151.90312500000002;7.0;443.9843750000002
30622;2017-10-12 00:00:00;05:00;2017-10-12 05:00:00;;;-35.9;-39.8;-151.90312500000002;7.0;443.9843750000002
30622;2017-10-12 00:00:00;02:00;2017-10-12 02:00:00;;;-33.1;-36.7;-151.90312500000002;7.0;443.9843750000002
30622;2017-09-12 00:00:00;23:00;2017-09-12 23:00:00;;;-29.7;-32.5;-68.68218749999998;3.0;-64.62171874999999
30622;2017-09-12 00:00:00;20:00;2017-09-12 20:00:00;;0.0;-24.6;-27.3;-68.68218749999998;3.0;-64.62171874999999
30622;2017-09-12 00:00:00;17:00;2017-09-12 17:00:00;;;-15.6;-23.1;-68.68218749999998;3.0;-64.62171874999999
30622;2017-09-12 00:00:00;14:00;2017-09-12 14:00:00;;;-12.8;-20.4;-68.68218749999998;3.0;-64.62171874999999
30622;2017-09-12 00:00:00;11:00;2017-09-12 11:00:00;;;-11.1;-18.0;-68.68218749999998;3.0;-64.62171874999999
30622;2017-09-12 00:00:00;08:00;2017-09-12 08:00:00;;0.0;-9.2;-13.1;-68.68218749999998;3.0;-64.62171874999999
30622;2017-09-12 00:00:00;05:00;2017-09-12 05:00:00;;;-9.0;-11.6;-68.68218749999998;3.0;-64.62171874999999
30622;2017-09-12 00:00:00;02:00;2017-09-12 02:00:00;;;-8.1;-10.7;-68.68218749999998;3.0;-64.62171874999999
30622;2017-08-12 00:00:00;23:00;2017-08-12 23:00:00;;;-8.2;-10.6;-13.839062499999999;15.0;862.67046875
30622;2017-08-12 00:00:00;20:00;2017-08-12 20:00:00;;0.2;-7.6;-9.6;-13.839062499999999;15.0;862.67046875
30622;2017-08-12 00:00:00;17:00;2017-08-12 17:00:00;;;-6.3;-8.8;-13.839062499999999;15.0;862.67046875
30622;2017-08-12 00:00:00;14:00;2017-08-12 14:00:00;;;-5.1;-8.9;-13.839062499999999;15.0;862.67046875
30622;2017-08-12 00:00:00;11:00;2017-08-12 11:00:00;;;-5.6;-8.2;-13.839062499999999;15.0;862.67046875
30622;2017-08-12 00:00:00;08:00;2017-08-12 08:00:00;22.0;1.0;-7.2;-8.5;-13.839062499999999;15.0;862.67046875
30622;2017-08-12 00:00:00;05:00;2017-08-12 05:00:00;;;-5.8;-7.1;-13.839062499999999;15.0;862.67046875
30622;2017-08-12 00:00:00;02:00;2017-08-12 02:00:00;;;-6.3;-7.4;-13.839062499999999;15.0;862.67046875
30622;2017-07-12 00:00:00;23:00;2017-07-12 23:00:00;;;-5.5;-6.8;-13.791406250000005;24.0;3619.50609375
30622;2017-07-12 00:00:00;20:00;2017-07-12 20:00:00;;2.0;-6.2;-7.2;-13.791406250000005;24.0;3619.50609375
30622;2017-07-12 00:00:00;17:00;2017-07-12 17:00:00;;;-5.2;-7.6;-13.791406250000005;24.0;3619.50609375
30622;2017-07-12 00:00:00;14:00;2017-07-12 14:00:00;;;-4.9;-6.9;-13.791406250000005;24.0;3619.50609375
30622;2017-07-12 00:00:00;11:00;2017-07-12 11:00:00;;;-7.1;-8.8;-13.791406250000005;24.0;3619.50609375
30622;2017-07-12 00:00:00;08:00;2017-07-12 08:00:00;18.0;0.3;-9.4;-11.4;-13.791406250000005;24.0;3619.50609375
30622;2017-07-12 00:00:00;05:00;2017-07-12 05:00:00;;;-13.5;-15.2;-13.791406250000005;24.0;3619.50609375
30622;2017-07-12 00:00:00;02:00;2017-07-12 02:00:00;;;-11.7;-13.5;-13.791406250000005;24.0;3619.50609375
30622;2017-06-12 00:00:00;23:00;2017-06-12 23:00:00;;;-12.6;-14.2;-25.784375;7.0;393.57109375
30622;2017-06-12 00:00:00;20:00;2017-06-12 20:00:00;;0.0;-11.2;-13.3;-25.784375;7.0;393.57109375
30622;2017-06-12 00:00:00;17:00;2017-06-12 17:00:00;;;-10.3;-13.0;-25.784375;7.0;393.57109375
30622;2017-06-12 00:00:00;14:00;2017-06-12 14:00:00;;;-10.0;-13.7;-25.784375;7.0;393.57109375
30622;2017-06-12 00:00:00;11:00;2017-06-12 11:00:00;;;-10.9;-13.7;-25.784375;7.0;393.57109375
30622;2017-06-12 00:00:00;08:00;2017-06-12 08:00:00;18.0;0.0;-13.2;-14.7;-25.784375;7.0;393.57109375
30622;2017-06-12 00:00:00;05:00;2017-06-12 05:00:00;;;-10.8;-13.0;-25.784375;7.0;393.57109375
30622;2017-06-12 00:00:00;02:00;2017-06-12 02:00:00;;;-10.2;-12.1;-25.784375;7.0;393.57109375
30622;2017-05-12 00:00:00;23:00;2017-05-12 23:00:00;;;-12.4;-13.9;-21.0;5.0;272.50640625000005
30622;2017-05-12 00:00:00;20:00;2017-05-12 20:00:00;;0.2;-11.2;-12.9;-21.0;5.0;272.50640625000005
30622;2017-05-12 00:00:00;17:00;2017-05-12 17:00:00;;;-7.5;-11.5;-21.0;5.0;272.50640625000005
30622;2017-05-12 00:00:00;14:00;2017-05-12 14:00:00;;;-6.8;-11.3;-21.0;5.0;272.50640625000005
30622;2017-05-12 00:00:00;11:00;2017-05-12 11:00:00;;;-8.3;-9.9;-21.0;5.0;272.50640625000005
30622;2017-05-12 00:00:00;08:00;2017-05-12 08:00:00;18.0;0.6;-9.3;-10.5;-21.0;5.0;272.50640625000005
30622;2017-05-12 00:00:00;05:00;2017-05-12 05:00:00;;;-9.4;-10.7;-21.0;5.0;272.50640625000005
30622;2017-05-12 00:00:00;02:00;2017-05-12 02:00:00;;;-11.9;-13.6;-21.0;5.0;272.50640625000005
30622;2017-04-12 00:00:00;23:00;2017-04-12 23:00:00;;;-13.1;-14.9;-37.31484375000002;0.0;-37.31484375000002
30622;2017-04-12 00:00:00;20:00;2017-04-12 20:00:00;;3.0;-13.6;-15.4;-37.31484375000002;0.0;-37.31484375000002
30622;2017-04-12 00:00:00;17:00;2017-04-12 17:00:00;;;-14.6;-16.6;-37.31484375000002;0.0;-37.31484375000002
30622;2017-04-12 00:00:00;14:00;2017-04-12 14:00:00;;;-15.4;-18.4;-37.31484375000002;0.0;-37.31484375000002
30622;2017-04-12 00:00:00;11:00;2017-04-12 11:00:00;;;-17.6;-20.3;-37.31484375000002;0.0;-37.31484375000002
30622;2017-04-12 00:00:00;08:00;2017-04-12 08:00:00;14.0;1.0;-18.7;-21.0;-37.31484375000002;0.0;-37.31484375000002
30622;2017-04-12 00:00:00;05:00;2017-04-12 05:00:00;;;-19.1;-21.5;-37.31484375000002;0.0;-37.31484375000002
30622;2017-04-12 00:00:00;02:00;2017-04-12 02:00:00;;;-18.4;-20.7;-37.31484375000002;0.0;-37.31484375000002
30622;2017-03-12 00:00:00;23:00;2017-03-12 23:00:00;;;-18.4;-20.7;-47.977343749999974;3.0;-81.41671874999997
30622;2017-03-12 00:00:00;20:00;2017-03-12 20:00:00;;0.2;-18.6;-20.8;-47.977343749999974;3.0;-81.41671874999997
30622;2017-03-12 00:00:00;17:00;2017-03-12 17:00:00;;;-17.4;-20.0;-47.977343749999974;3.0;-81.41671874999997
30622;2017-03-12 00:00:00;14:00;2017-03-12 14:00:00;;;-13.8;-18.3;-47.977343749999974;3.0;-81.41671874999997
30622;2017-03-12 00:00:00;11:00;2017-03-12 11:00:00;;;-16.3;-19.2;-47.977343749999974;3.0;-81.41671874999997
30622;2017-03-12 00:00:00;08:00;2017-03-12 08:00:00;13.0;1.0;-18.2;-20.5;-47.977343749999974;3.0;-81.41671874999997
30622;2017-03-12 00:00:00;05:00;2017-03-12 05:00:00;;;-18.9;-21.3;-47.977343749999974;3.0;-81.41671874999997
30622;2017-03-12 00:00:00;02:00;2017-03-12 02:00:00;;;-19.9;-22.4;-47.977343749999974;3.0;-81.41671874999997
30622;2017-02-12 00:00:00;23:00;2017-02-12 23:00:00;;;-21.1;-23.9;-75.82781250000004;5.0;290.4259374999999
30622;2017-02-12 00:00:00;20:00;2017-02-12 20:00:00;;0.0;-22.6;-25.5;-75.82781250000004;5.0;290.4259374999999
30622;2017-02-12 00:00:00;17:00;2017-02-12 17:00:00;;;-22.9;-26.7;-75.82781250000004;5.0;290.4259374999999
30622;2017-02-12 00:00:00;14:00;2017-02-12 14:00:00;;;-23.2;-27.4;-75.82781250000004;5.0;290.4259374999999
30622;2017-02-12 00:00:00;11:00;2017-02-12 11:00:00;;;-28.3;-31.7;-75.82781250000004;5.0;290.4259374999999
30622;2017-02-12 00:00:00;08:00;2017-02-12 08:00:00;11.0;0.3;-27.9;-30.7;-75.82781250000004;5.0;290.4259374999999
30622;2017-02-12 00:00:00;05:00;2017-02-12 05:00:00;;;-22.4;-25.3;-75.82781250000004;5.0;290.4259374999999
30622;2017-02-12 00:00:00;02:00;2017-02-12 02:00:00;;;-19.7;-22.7;-75.82781250000004;5.0;290.4259374999999
30622;2017-01-12 00:00:00;23:00;2017-01-12 23:00:00;;;-16.9;-19.6;-48.14906249999999;6.0;462.07249999999993
30622;2017-01-12 00:00:00;20:00;2017-01-12 20:00:00;;0.2;-14.9;-17.9;-48.14906249999999;6.0;462.07249999999993
30622;2017-01-12 00:00:00;17:00;2017-01-12 17:00:00;;;-14.1;-17.8;-48.14906249999999;6.0;462.07249999999993
30622;2017-01-12 00:00:00;14:00;2017-01-12 14:00:00;;;-12.6;-16.4;-48.14906249999999;6.0;462.07249999999993
30622;2017-01-12 00:00:00;11:00;2017-01-12 11:00:00;;;-17.5;-20.1;-48.14906249999999;6.0;462.07249999999993
30622;2017-01-12 00:00:00;08:00;2017-01-12 08:00:00;11.0;1.0;-18.3;-20.6;-48.14906249999999;6.0;462.07249999999993
30622;2017-01-12 00:00:00;05:00;2017-01-12 05:00:00;;;-19.4;-21.8;-48.14906249999999;6.0;462.07249999999993
30622;2017-01-12 00:00:00;02:00;2017-01-12 02:00:00;;;-19.7;-22.3;-48.14906249999999;6.0;462.07249999999993
30622;2017-11-30 00:00:00;23:00;2017-11-30 23:00:00;;;-21.2;-23.9;-82.06687499999998;30.0;-1344.17484375
30622;2017-11-30 00:00:00;20:00;2017-11-30 20:00:00;;0.3;-21.4;-24.2;-82.06687499999998;30.0;-1344.17484375
30622;2017-11-30 00:00:00;17:00;2017-11-30 17:00:00;;;-23.6;-26.9;-82.06687499999998;30.0;-1344.17484375
30622;2017-11-30 00:00:00;14:00;2017-11-30 14:00:00;;;-21.4;-25.7;-82.06687499999998;30.0;-1344.17484375
30622;2017-11-30 00:00:00;11:00;2017-11-30 11:00:00;;;-22.9;-27.1;-82.06687499999998;30.0;-1344.17484375
30622;2017-11-30 00:00:00;08:00;2017-11-30 08:00:00;9.0;1.0;-25.7;-29.0;-82.06687499999998;30.0;-1344.17484375
30622;2017-11-30 00:00:00;05:00;2017-11-30 05:00:00;;;-26.8;-30.2;-82.06687499999998;30.0;-1344.17484375
30622;2017-11-30 00:00:00;02:00;2017-11-30 02:00:00;;;-27.3;-30.9;-82.06687499999998;30.0;-1344.17484375
30622;2017-11-29 00:00:00;23:00;2017-11-29 23:00:00;;;-29.0;-32.7;-139.19500000000005;29.0;-1262.10796875
30622;2017-11-29 00:00:00;20:00;2017-11-29 20:00:00;;0.9;-29.8;-33.7;-139.19500000000005;29.0;-1262.10796875
30622;2017-11-29 00:00:00;17:00;2017-11-29 17:00:00;;;-30.8;-34.8;-139.19500000000005;29.0;-1262.10796875
30622;2017-11-29 00:00:00;14:00;2017-11-29 14:00:00;;;-32.4;-36.6;-139.19500000000005;29.0;-1262.10796875
30622;2017-11-29 00:00:00;11:00;2017-11-29 11:00:00;;;-35.9;-40.2;-139.19500000000005;29.0;-1262.10796875
30622;2017-11-29 00:00:00;08:00;2017-11-29 08:00:00;7.0;0.0;-38.3;-42.6;-139.19500000000005;29.0;-1262.10796875
30622;2017-11-29 00:00:00;05:00;2017-11-29 05:00:00;;;-38.4;-42.7;-139.19500000000005;29.0;-1262.10796875
30622;2017-11-29 00:00:00;02:00;2017-11-29 02:00:00;;;-37.0;-41.1;-139.19500000000005;29.0;-1262.10796875
30622;2017-11-28 00:00:00;23:00;2017-11-28 23:00:00;;;-35.9;-39.8;-133.60875000000004;28.0;-1122.91296875
30622;2017-11-28 00:00:00;20:00;2017-11-28 20:00:00;;0.0;-34.7;-38.4;-133.60875000000004;28.0;-1122.91296875
30622;2017-11-28 00:00:00;17:00;2017-11-28 17:00:00;;;-29.6;-34.2;-133.60875000000004;28.0;-1122.91296875
30622;2017-11-28 00:00:00;14:00;2017-11-28 14:00:00;;;-28.7;-34.4;-133.60875000000004;28.0;-1122.91296875
30622;2017-11-28 00:00:00;11:00;2017-11-28 11:00:00;;;-32.7;-36.9;-133.60875000000004;28.0;-1122.91296875
30622;2017-11-28 00:00:00;08:00;2017-11-28 08:00:00;7.0;0.0;-35.7;-39.6;-133.60875000000004;28.0;-1122.91296875
30622;2017-11-28 00:00:00;05:00;2017-11-28 05:00:00;;;-33.1;-36.7;-133.60875000000004;28.0;-1122.91296875
30622;2017-11-28 00:00:00;02:00;2017-11-28 02:00:00;;;-30.3;-33.5;-133.60875000000004;28.0;-1122.91296875
30622;2017-11-27 00:00:00;23:00;2017-11-27 23:00:00;;;-28.5;-32.5;-122.99296875;27.0;-989.3042187499999
30622;2017-11-27 00:00:00;20:00;2017-11-27 20:00:00;;0.0;-24.2;-29.5;-122.99296875;27.0;-989.3042187499999
30622;2017-11-27 00:00:00;17:00;2017-11-27 17:00:00;;;-22.9;-30.0;-122.99296875;27.0;-989.3042187499999
30622;2017-11-27 00:00:00;14:00;2017-11-27 14:00:00;;;-21.0;-27.6;-122.99296875;27.0;-989.3042187499999
30622;2017-11-27 00:00:00;11:00;2017-11-27 11:00:00;;;-19.1;-26.2;-122.99296875;27.0;-989.3042187499999
30622;2017-11-27 00:00:00;08:00;2017-11-27 08:00:00;9.0;0.2;-17.7;-24.1;-122.99296875;27.0;-989.3042187499999
30622;2017-11-27 00:00:00;05:00;2017-11-27 05:00:00;;;-15.9;-21.9;-122.99296875;27.0;-989.3042187499999
30622;2017-11-27 00:00:00;02:00;2017-11-27 02:00:00;;;-13.0;-19.0;-122.99296875;27.0;-989.3042187499999
30622;2017-11-26 00:00:00;23:00;2017-11-26 23:00:00;;;-9.2;-16.3;-61.60750000000001;26.0;-866.3112499999999
30622;2017-11-26 00:00:00;20:00;2017-11-26 20:00:00;;1.0;-9.1;-11.0;-61.60750000000001;26.0;-866.3112499999999
30622;2017-11-26 00:00:00;17:00;2017-11-26 17:00:00;;;-13.4;-16.0;-61.60750000000001;26.0;-866.3112499999999
30622;2017-11-26 00:00:00;14:00;2017-11-26 14:00:00;;;-14.7;-19.5;-61.60750000000001;26.0;-866.3112499999999
30622;2017-11-26 00:00:00;11:00;2017-11-26 11:00:00;;;-18.7;-23.0;-61.60750000000001;26.0;-866.3112499999999
30622;2017-11-26 00:00:00;08:00;2017-11-26 08:00:00;7.0;0.2;-20.3;-23.6;-61.60750000000001;26.0;-866.3112499999999
30622;2017-11-26 00:00:00;05:00;2017-11-26 05:00:00;;;-21.3;-24.6;-61.60750000000001;26.0;-866.3112499999999
30622;2017-11-26 00:00:00;02:00;2017-11-26 02:00:00;;;-23.0;-26.1;-61.60750000000001;26.0;-866.3112499999999
30622;2017-11-25 00:00:00;23:00;2017-11-25 23:00:00;;;-24.4;-27.6;-110.49124999999998;25.0;-804.7037499999999
30622;2017-11-25 00:00:00;20:00;2017-11-25 20:00:00;;0.0;-25.6;-28.8;-110.49124999999998;25.0;-804.7037499999999
30622;2017-11-25 00:00:00;17:00;2017-11-25 17:00:00;;;-26.9;-31.1;-110.49124999999998;25.0;-804.7037499999999
30622;2017-11-25 00:00:00;14:00;2017-11-25 14:00:00;;;-28.2;-32.3;-110.49124999999998;25.0;-804.7037499999999
30622;2017-11-25 00:00:00;11:00;2017-11-25 11:00:00;;;-31.8;-35.7;-110.49124999999998;25.0;-804.7037499999999
30622;2017-11-25 00:00:00;08:00;2017-11-25 08:00:00;7.0;0.0;-35.0;-38.9;-110.49124999999998;25.0;-804.7037499999999
30622;2017-11-25 00:00:00;05:00;2017-11-25 05:00:00;;;-34.3;-38.0;-110.49124999999998;25.0;-804.7037499999999
30622;2017-11-25 00:00:00;02:00;2017-11-25 02:00:00;;;-32.7;-36.1;-110.49124999999998;25.0;-804.7037499999999
30622;2017-11-24 00:00:00;23:00;2017-11-24 23:00:00;;;-31.8;-35.0;-76.55765624999995;24.0;-694.2125
30622;2017-11-24 00:00:00;20:00;2017-11-24 20:00:00;;0.0;-27.8;-30.6;-76.55765624999995;24.0;-694.2125
30622;2017-11-24 00:00:00;17:00;2017-11-24 17:00:00;;;-22.4;-26.0;-76.55765624999995;24.0;-694.2125
30622;2017-11-24 00:00:00;14:00;2017-11-24 14:00:00;;;-17.8;-23.2;-76.55765624999995;24.0;-694.2125
30622;2017-11-24 00:00:00;11:00;2017-11-24 11:00:00;;;-21.2;-24.4;-76.55765624999995;24.0;-694.2125
30622;2017-11-24 00:00:00;08:00;2017-11-24 08:00:00;7.0;0.2;-21.3;-24.0;-76.55765624999995;24.0;-694.2125
30622;2017-11-24 00:00:00;05:00;2017-11-24 05:00:00;;;-21.4;-24.1;-76.55765624999995;24.0;-694.2125
30622;2017-11-24 00:00:00;02:00;2017-11-24 02:00:00;;;-22.6;-25.3;-76.55765624999995;24.0;-694.2125
30622;2017-11-23 00:00:00;23:00;2017-11-23 23:00:00;;;-24.0;-26.6;-71.69187499999998;23.0;-617.65484375
30622;2017-11-23 00:00:00;20:00;2017-11-23 20:00:00;;0.2;-26.9;-29.6;-71.69187499999998;23.0;-617.65484375
30622;2017-11-23 00:00:00;17:00;2017-11-23 17:00:00;;;-22.5;-26.1;-71.69187499999998;23.0;-617.65484375
30622;2017-11-23 00:00:00;14:00;2017-11-23 14:00:00;;;-19.4;-24.3;-71.69187499999998;23.0;-617.65484375
30622;2017-11-23 00:00:00;11:00;2017-11-23 11:00:00;;;-21.6;-25.3;-71.69187499999998;23.0;-617.65484375
30622;2017-11-23 00:00:00;08:00;2017-11-23 08:00:00;7.0;0.7;-24.1;-26.8;-71.69187499999998;23.0;-617.65484375
30622;2017-11-23 00:00:00;05:00;2017-11-23 05:00:00;;;-22.5;-25.1;-71.69187499999998;23.0;-617.65484375
30622;2017-11-23 00:00:00;02:00;2017-11-23 02:00:00;;;-21.8;-24.1;-71.69187499999998;23.0;-617.65484375
30622;2017-11-22 00:00:00;23:00;2017-11-22 23:00:00;;;-20.2;-22.4;-60.49921875000001;22.0;-545.9629687500001
30622;2017-11-22 00:00:00;20:00;2017-11-22 20:00:00;;0.2;-18.9;-21.1;-60.49921875000001;22.0;-545.9629687500001
30622;2017-11-22 00:00:00;17:00;2017-11-22 17:00:00;;;-17.6;-20.7;-60.49921875000001;22.0;-545.9629687500001
30622;2017-11-22 00:00:00;14:00;2017-11-22 14:00:00;;;-17.7;-22.7;-60.49921875000001;22.0;-545.9629687500001
30622;2017-11-22 00:00:00;11:00;2017-11-22 11:00:00;;;-21.4;-25.0;-60.49921875000001;22.0;-545.9629687500001
30622;2017-11-22 00:00:00;08:00;2017-11-22 08:00:00;6.0;0.0;-23.8;-26.6;-60.49921875000001;22.0;-545.9629687500001
30622;2017-11-22 00:00:00;05:00;2017-11-22 05:00:00;;;-18.7;-21.2;-60.49921875000001;22.0;-545.9629687500001
30622;2017-11-22 00:00:00;02:00;2017-11-22 02:00:00;;;-17.2;-20.7;-60.49921875000001;22.0;-545.9629687500001
30622;2017-11-21 00:00:00;23:00;2017-11-21 23:00:00;;;-14.6;-19.6;-49.25828125000001;21.0;-485.4637500000001
30622;2017-11-21 00:00:00;20:00;2017-11-21 20:00:00;;0.3;-12.0;-17.6;-49.25828125000001;21.0;-485.4637500000001
30622;2017-11-21 00:00:00;17:00;2017-11-21 17:00:00;;;-10.6;-15.8;-49.25828125000001;21.0;-485.4637500000001
30622;2017-11-21 00:00:00;14:00;2017-11-21 14:00:00;;;-9.1;-17.0;-49.25828125000001;21.0;-485.4637500000001
30622;2017-11-21 00:00:00;11:00;2017-11-21 11:00:00;;;-8.8;-12.1;-49.25828125000001;21.0;-485.4637500000001
30622;2017-11-21 00:00:00;08:00;2017-11-21 08:00:00;5.0;0.2;-10.4;-14.3;-49.25828125000001;21.0;-485.4637500000001
30622;2017-11-21 00:00:00;05:00;2017-11-21 05:00:00;;;-11.6;-14.6;-49.25828125000001;21.0;-485.4637500000001
30622;2017-11-21 00:00:00;02:00;2017-11-21 02:00:00;;;-8.8;-11.6;-49.25828125000001;21.0;-485.4637500000001
30622;2017-11-20 00:00:00;23:00;2017-11-20 23:00:00;;;-7.4;-12.5;-27.214687500000007;20.0;-436.2054687500001
30622;2017-11-20 00:00:00;20:00;2017-11-20 20:00:00;;0.0;-15.0;-16.4;-27.214687500000007;20.0;-436.2054687500001
30622;2017-11-20 00:00:00;17:00;2017-11-20 17:00:00;;;-11.8;-13.7;-27.214687500000007;20.0;-436.2054687500001
30622;2017-11-20 00:00:00;14:00;2017-11-20 14:00:00;;;-9.3;-11.7;-27.214687500000007;20.0;-436.2054687500001
30622;2017-11-20 00:00:00;11:00;2017-11-20 11:00:00;;;-11.8;-13.3;-27.214687500000007;20.0;-436.2054687500001
30622;2017-11-20 00:00:00;08:00;2017-11-20 08:00:00;5.0;0.0;-13.6;-15.2;-27.214687500000007;20.0;-436.2054687500001
30622;2017-11-20 00:00:00;05:00;2017-11-20 05:00:00;;;-15.6;-17.4;-27.214687500000007;20.0;-436.2054687500001
30622;2017-11-20 00:00:00;02:00;2017-11-20 02:00:00;;;-15.6;-17.3;-27.214687500000007;20.0;-436.2054687500001
30622;2017-11-19 00:00:00;23:00;2017-11-19 23:00:00;;;-14.5;-16.1;-24.251249999999988;19.0;-408.99078125000005
30622;2017-11-19 00:00:00;20:00;2017-11-19 20:00:00;;0.0;-10.9;-12.5;-24.251249999999988;19.0;-408.99078125000005
30622;2017-11-19 00:00:00;17:00;2017-11-19 17:00:00;;;-7.4;-10.1;-24.251249999999988;19.0;-408.99078125000005
30622;2017-11-19 00:00:00;14:00;2017-11-19 14:00:00;;;-7.7;-11.0;-24.251249999999988;19.0;-408.99078125000005
30622;2017-11-19 00:00:00;11:00;2017-11-19 11:00:00;;;-10.0;-12.8;-24.251249999999988;19.0;-408.99078125000005
30622;2017-11-19 00:00:00;08:00;2017-11-19 08:00:00;5.0;1.0;-12.1;-14.0;-24.251249999999988;19.0;-408.99078125000005
30622;2017-11-19 00:00:00;05:00;2017-11-19 05:00:00;;;-12.9;-14.7;-24.251249999999988;19.0;-408.99078125000005
30622;2017-11-19 00:00:00;02:00;2017-11-19 02:00:00;;;-13.7;-15.4;-24.251249999999988;19.0;-408.99078125000005
30622;2017-11-18 00:00:00;23:00;2017-11-18 23:00:00;;;-12.8;-14.6;-42.36187500000001;18.0;-384.7395312500001
30622;2017-11-18 00:00:00;20:00;2017-11-18 20:00:00;;0.8;-13.7;-15.8;-42.36187500000001;18.0;-384.7395312500001
30622;2017-11-18 00:00:00;17:00;2017-11-18 17:00:00;;;-14.3;-16.7;-42.36187500000001;18.0;-384.7395312500001
30622;2017-11-18 00:00:00;14:00;2017-11-18 14:00:00;;;-15.1;-18.3;-42.36187500000001;18.0;-384.7395312500001
30622;2017-11-18 00:00:00;11:00;2017-11-18 11:00:00;;;-17.8;-21.3;-42.36187500000001;18.0;-384.7395312500001
30622;2017-11-18 00:00:00;08:00;2017-11-18 08:00:00;2.0;0.9;-20.7;-23.0;-42.36187500000001;18.0;-384.7395312500001
30622;2017-11-18 00:00:00;05:00;2017-11-18 05:00:00;;;-19.3;-21.8;-42.36187500000001;18.0;-384.7395312500001
30622;2017-11-18 00:00:00;02:00;2017-11-18 02:00:00;;;-19.2;-21.8;-42.36187500000001;18.0;-384.7395312500001
30622;2017-11-17 00:00:00;23:00;2017-11-17 23:00:00;;;-19.9;-22.8;-79.00937499999996;17.0;-342.3776562500001
30622;2017-11-17 00:00:00;20:00;2017-11-17 20:00:00;;0.4;-21.5;-24.4;-79.00937499999996;17.0;-342.3776562500001
30622;2017-11-17 00:00:00;17:00;2017-11-17 17:00:00;;;-20.9;-24.1;-79.00937499999996;17.0;-342.3776562500001
30622;2017-11-17 00:00:00;14:00;2017-11-17 14:00:00;;;-21.3;-25.4;-79.00937499999996;17.0;-342.3776562500001
30622;2017-11-17 00:00:00;11:00;2017-11-17 11:00:00;;;-24.8;-28.5;-79.00937499999996;17.0;-342.3776562500001
30622;2017-11-17 00:00:00;08:00;2017-11-17 08:00:00;1.0;0.0;-27.6;-30.7;-79.00937499999996;17.0;-342.3776562500001
30622;2017-11-17 00:00:00;05:00;2017-11-17 05:00:00;;;-29.3;-32.5;-79.00937499999996;17.0;-342.3776562500001
30622;2017-11-17 00:00:00;02:00;2017-11-17 02:00:00;;;-27.7;-30.8;-79.00937499999996;17.0;-342.3776562500001
30622;2017-11-16 00:00:00;23:00;2017-11-16 23:00:00;;;-26.6;-29.5;-87.33843749999994;16.0;-263.3682812500001
30622;2017-11-16 00:00:00;20:00;2017-11-16 20:00:00;;0.0;-21.6;-24.9;-87.33843749999994;16.0;-263.3682812500001
30622;2017-11-16 00:00:00;17:00;2017-11-16 17:00:00;;;-16.7;-23.3;-87.33843749999994;16.0;-263.3682812500001
30622;2017-11-16 00:00:00;14:00;2017-11-16 14:00:00;;;-15.0;-23.2;-87.33843749999994;16.0;-263.3682812500001
30622;2017-11-16 00:00:00;11:00;2017-11-16 11:00:00;;;-16.6;-22.2;-87.33843749999994;16.0;-263.3682812500001
30622;2017-11-16 00:00:00;08:00;2017-11-16 08:00:00;1.0;0.0;-17.8;-21.4;-87.33843749999994;16.0;-263.3682812500001
30622;2017-11-16 00:00:00;05:00;2017-11-16 05:00:00;;;-22.6;-24.9;-87.33843749999994;16.0;-263.3682812500001
30622;2017-11-16 00:00:00;02:00;2017-11-16 02:00:00;;;-21.0;-23.9;-87.33843749999994;16.0;-263.3682812500001
30622;2017-11-15 00:00:00;23:00;2017-11-15 23:00:00;;;-19.9;-22.7;-83.43124999999999;15.0;-176.02984375000014
30622;2017-11-15 00:00:00;20:00;2017-11-15 20:00:00;;0.2;-18.8;-21.5;-83.43124999999999;15.0;-176.02984375000014
30622;2017-11-15 00:00:00;17:00;2017-11-15 17:00:00;;;-18.6;-22.4;-83.43124999999999;15.0;-176.02984375000014
30622;2017-11-15 00:00:00;14:00;2017-11-15 14:00:00;;;-20.9;-25.9;-83.43124999999999;15.0;-176.02984375000014
30622;2017-11-15 00:00:00;11:00;2017-11-15 11:00:00;;;-25.8;-29.6;-83.43124999999999;15.0;-176.02984375000014
30622;2017-11-15 00:00:00;08:00;2017-11-15 08:00:00;1.0;0.0;-29.8;-33.1;-83.43124999999999;15.0;-176.02984375000014
30622;2017-11-15 00:00:00;05:00;2017-11-15 05:00:00;;;-28.7;-32.0;-83.43124999999999;15.0;-176.02984375000014
30622;2017-11-15 00:00:00;02:00;2017-11-15 02:00:00;;;-28.2;-31.5;-83.43124999999999;15.0;-176.02984375000014
30622;2017-11-14 00:00:00;23:00;2017-11-14 23:00:00;;;-26.7;-29.5;-94.30374999999998;14.0;-92.59859375000015
30622;2017-11-14 00:00:00;20:00;2017-11-14 20:00:00;;0.0;-24.8;-27.7;-94.30374999999998;14.0;-92.59859375000015
30622;2017-11-14 00:00:00;17:00;2017-11-14 17:00:00;;;-19.5;-24.5;-94.30374999999998;14.0;-92.59859375000015
30622;2017-11-14 00:00:00;14:00;2017-11-14 14:00:00;;;-20.1;-25.7;-94.30374999999998;14.0;-92.59859375000015
30622;2017-11-14 00:00:00;11:00;2017-11-14 11:00:00;;;-25.9;-29.5;-94.30374999999998;14.0;-92.59859375000015
30622;2017-11-14 00:00:00;08:00;2017-11-14 08:00:00;1.0;0.0;-30.3;-33.7;-94.30374999999998;14.0;-92.59859375000015
30622;2017-11-14 00:00:00;05:00;2017-11-14 05:00:00;;;-28.7;-31.9;-94.30374999999998;14.0;-92.59859375000015
30622;2017-11-14 00:00:00;02:00;2017-11-14 02:00:00;;;-27.9;-31.0;-94.30374999999998;14.0;-92.59859375000015
30622;2017-11-13 00:00:00;23:00;2017-11-13 23:00:00;;;-26.0;-28.9;-89.163125;13.0;1.7051562499998312
30622;2017-11-13 00:00:00;20:00;2017-11-13 20:00:00;;0.0;-24.1;-26.7;-89.163125;13.0;1.7051562499998312
30622;2017-11-13 00:00:00;17:00;2017-11-13 17:00:00;;;-16.6;-23.2;-89.163125;13.0;1.7051562499998312
30622;2017-11-13 00:00:00;14:00;2017-11-13 14:00:00;;;-15.3;-22.0;-89.163125;13.0;1.7051562499998312
30622;2017-11-13 00:00:00;11:00;2017-11-13 11:00:00;;;-21.1;-25.6;-89.163125;13.0;1.7051562499998312
30622;2017-11-13 00:00:00;08:00;2017-11-13 08:00:00;1.0;0.0;-26.1;-29.0;-89.163125;13.0;1.7051562499998312
30622;2017-11-13 00:00:00;05:00;2017-11-13 05:00:00;;;-24.0;-27.4;-89.163125;13.0;1.7051562499998312
30622;2017-11-13 00:00:00;02:00;2017-11-13 02:00:00;;;-19.2;-22.7;-89.163125;13.0;1.7051562499998312
30622;2017-12-11 00:00:00;23:00;2017-12-11 23:00:00;;;-20.2;-23.3;-67.6334375;41.0;-815.8101562500001
30622;2017-12-11 00:00:00;20:00;2017-12-11 20:00:00;;0.0;-13.4;-20.7;-67.6334375;41.0;-815.8101562500001
30622;2017-12-11 00:00:00;17:00;2017-12-11 17:00:00;;;-9.9;-20.2;-67.6334375;41.0;-815.8101562500001
30622;2017-12-11 00:00:00;14:00;2017-12-11 14:00:00;;;-7.8;-19.3;-67.6334375;41.0;-815.8101562500001
30622;2017-12-11 00:00:00;11:00;2017-12-11 11:00:00;;;-8.3;-14.8;-67.6334375;41.0;-815.8101562500001
30622;2017-12-11 00:00:00;08:00;2017-12-11 08:00:00;1.0;0.0;-13.6;-15.4;-67.6334375;41.0;-815.8101562500001
30622;2017-12-11 00:00:00;05:00;2017-12-11 05:00:00;;;-11.3;-13.2;-67.6334375;41.0;-815.8101562500001
30622;2017-12-11 00:00:00;02:00;2017-12-11 02:00:00;;;-14.1;-15.6;-67.6334375;41.0;-815.8101562500001
30622;2017-11-11 00:00:00;23:00;2017-11-11 23:00:00;;;-12.6;-14.2;-30.615;11.0;276.06015625
30622;2017-11-11 00:00:00;20:00;2017-11-11 20:00:00;;0.0;-9.9;-12.2;-30.615;11.0;276.06015625
30622;2017-11-11 00:00:00;17:00;2017-11-11 17:00:00;;;-2.3;-8.4;-30.615;11.0;276.06015625
30622;2017-11-11 00:00:00;14:00;2017-11-11 14:00:00;;;-7.1;-10.4;-30.615;11.0;276.06015625
30622;2017-11-11 00:00:00;11:00;2017-11-11 11:00:00;;;-12.1;-14.2;-30.615;11.0;276.06015625
30622;2017-11-11 00:00:00;08:00;2017-11-11 08:00:00;1.0;0.0;-17.0;-18.8;-30.615;11.0;276.06015625
30622;2017-11-11 00:00:00;05:00;2017-11-11 05:00:00;;;-16.5;-18.2;-30.615;11.0;276.06015625
30622;2017-11-11 00:00:00;02:00;2017-11-11 02:00:00;;;-16.7;-18.6;-30.615;11.0;276.06015625
30622;2017-10-11 00:00:00;23:00;2017-10-11 23:00:00;;;-14.9;-16.4;-40.234375;6.0;595.8875000000003
30622;2017-10-11 00:00:00;20:00;2017-10-11 20:00:00;;0.0;-12.3;-14.3;-40.234375;6.0;595.8875000000003
30622;2017-10-11 00:00:00;17:00;2017-10-11 17:00:00;;;-5.6;-11.5;-40.234375;6.0;595.8875000000003
30622;2017-10-11 00:00:00;14:00;2017-10-11 14:00:00;;;-5.0;-12.0;-40.234375;6.0;595.8875000000003
30622;2017-10-11 00:00:00;11:00;2017-10-11 11:00:00;;;-13.4;-16.4;-40.234375;6.0;595.8875000000003
30622;2017-10-11 00:00:00;08:00;2017-10-11 08:00:00;1.0;0.0;-18.6;-20.5;-40.234375;6.0;595.8875000000003
30622;2017-10-11 00:00:00;05:00;2017-10-11 05:00:00;;;-15.9;-17.8;-40.234375;6.0;595.8875000000003
30622;2017-10-11 00:00:00;02:00;2017-10-11 02:00:00;;;-17.3;-19.1;-40.234375;6.0;595.8875000000003
30622;2017-09-11 00:00:00;23:00;2017-09-11 23:00:00;;;-15.2;-17.0;-34.30546875;2.0;4.060468749999998
30622;2017-09-11 00:00:00;20:00;2017-09-11 20:00:00;;0.0;-11.4;-14.5;-34.30546875;2.0;4.060468749999998
30622;2017-09-11 00:00:00;17:00;2017-09-11 17:00:00;;;-5.4;-12.4;-34.30546875;2.0;4.060468749999998
30622;2017-09-11 00:00:00;14:00;2017-09-11 14:00:00;;;-3.0;-11.7;-34.30546875;2.0;4.060468749999998
30622;2017-09-11 00:00:00;11:00;2017-09-11 11:00:00;;;-6.8;-9.3;-34.30546875;2.0;4.060468749999998
30622;2017-09-11 00:00:00;08:00;2017-09-11 08:00:00;1.0;0.0;-12.6;-14.2;-34.30546875;2.0;4.060468749999998
30622;2017-09-11 00:00:00;05:00;2017-09-11 05:00:00;;;-10.3;-12.4;-34.30546875;2.0;4.060468749999998
30622;2017-09-11 00:00:00;02:00;2017-09-11 02:00:00;;;-5.0;-9.7;-34.30546875;2.0;4.060468749999998
30622;2017-08-11 00:00:00;23:00;2017-08-11 23:00:00;;;-4.8;-10.3;-14.144374999999998;14.0;876.50953125
30622;2017-08-11 00:00:00;20:00;2017-08-11 20:00:00;;0.0;-2.6;-6.9;-14.144374999999998;14.0;876.50953125
30622;2017-08-11 00:00:00;17:00;2017-08-11 17:00:00;;;-0.8;-6.8;-14.144374999999998;14.0;876.50953125
30622;2017-08-11 00:00:00;14:00;2017-08-11 14:00:00;;;-3.8;-5.5;-14.144374999999998;14.0;876.50953125
30622;2017-08-11 00:00:00;11:00;2017-08-11 11:00:00;;;-7.1;-8.0;-14.144374999999998;14.0;876.50953125
30622;2017-08-11 00:00:00;08:00;2017-08-11 08:00:00;1.0;0.0;-7.5;-8.5;-14.144374999999998;14.0;876.50953125
30622;2017-08-11 00:00:00;05:00;2017-08-11 05:00:00;;;-8.0;-8.9;-14.144374999999998;14.0;876.50953125
30622;2017-08-11 00:00:00;02:00;2017-08-11 02:00:00;;;-8.1;-9.0;-14.144374999999998;14.0;876.50953125
30622;2017-07-11 00:00:00;23:00;2017-07-11 23:00:00;;;-6.6;-7.6;-14.754687500000001;23.0;3633.2975
30622;2017-07-11 00:00:00;20:00;2017-07-11 20:00:00;;0.0;-5.3;-6.6;-14.754687500000001;23.0;3633.2975
30622;2017-07-11 00:00:00;17:00;2017-07-11 17:00:00;;;-2.1;-5.0;-14.754687500000001;23.0;3633.2975
30622;2017-07-11 00:00:00;14:00;2017-07-11 14:00:00;;;-2.0;-7.2;-14.754687500000001;23.0;3633.2975
30622;2017-07-11 00:00:00;11:00;2017-07-11 11:00:00;;;-6.3;-9.7;-14.754687500000001;23.0;3633.2975
30622;2017-07-11 00:00:00;08:00;2017-07-11 08:00:00;1.0;0.0;-10.2;-11.7;-14.754687500000001;23.0;3633.2975
30622;2017-07-11 00:00:00;05:00;2017-07-11 05:00:00;;;-7.9;-10.0;-14.754687500000001;23.0;3633.2975
30622;2017-07-11 00:00:00;02:00;2017-07-11 02:00:00;;;-9.3;-10.9;-14.754687500000001;23.0;3633.2975
30622;2017-06-11 00:00:00;23:00;2017-06-11 23:00:00;;;-5.8;-8.5;-19.230937500000003;6.0;419.35546875
30622;2017-06-11 00:00:00;20:00;2017-06-11 20:00:00;;0.0;-4.5;-7.8;-19.230937500000003;6.0;419.35546875
30622;2017-06-11 00:00:00;17:00;2017-06-11 17:00:00;;;-1.1;-7.6;-19.230937500000003;6.0;419.35546875
30622;2017-06-11 00:00:00;14:00;2017-06-11 14:00:00;;;0.9;-7.9;-19.230937500000003;6.0;419.35546875
30622;2017-06-11 00:00:00;11:00;2017-06-11 11:00:00;;;-4.0;-7.4;-19.230937500000003;6.0;419.35546875
30622;2017-06-11 00:00:00;08:00;2017-06-11 08:00:00;2.0;0.0;-11.1;-12.2;-19.230937500000003;6.0;419.35546875
30622;2017-06-11 00:00:00;05:00;2017-06-11 05:00:00;;;-10.4;-11.3;-19.230937500000003;6.0;419.35546875
30622;2017-06-11 00:00:00;02:00;2017-06-11 02:00:00;;;-7.8;-9.2;-19.230937500000003;6.0;419.35546875
30622;2017-05-11 00:00:00;23:00;2017-05-11 23:00:00;;;-7.8;-9.1;-17.6171875;4.0;293.50640625000005
30622;2017-05-11 00:00:00;20:00;2017-05-11 20:00:00;;0.0;-2.1;-4.9;-17.6171875;4.0;293.50640625000005
30622;2017-05-11 00:00:00;17:00;2017-05-11 17:00:00;;;0.1;-5.7;-17.6171875;4.0;293.50640625000005
30622;2017-05-11 00:00:00;14:00;2017-05-11 14:00:00;;;-1.1;-5.8;-17.6171875;4.0;293.50640625000005
30622;2017-05-11 00:00:00;11:00;2017-05-11 11:00:00;;;-8.3;-10.3;-17.6171875;4.0;293.50640625000005
30622;2017-05-11 00:00:00;08:00;2017-05-11 08:00:00;3.0;0.0;-13.0;-14.3;-17.6171875;4.0;293.50640625000005
30622;2017-05-11 00:00:00;05:00;2017-05-11 05:00:00;;;-12.6;-13.9;-17.6171875;4.0;293.50640625000005
30622;2017-05-11 00:00:00;02:00;2017-05-11 02:00:00;;;-10.2;-11.5;-17.6171875;4.0;293.50640625000005
30622;2017-04-11 00:00:00;23:00;2017-04-11 23:00:00;;;-8.8;-10.2;-20.383281250000007;4.0;305.12375
30622;2017-04-11 00:00:00;20:00;2017-04-11 20:00:00;;0.0;-6.3;-8.3;-20.383281250000007;4.0;305.12375
30622;2017-04-11 00:00:00;17:00;2017-04-11 17:00:00;;;-2.6;-6.2;-20.383281250000007;4.0;305.12375
30622;2017-04-11 00:00:00;14:00;2017-04-11 14:00:00;;;-3.6;-7.8;-20.383281250000007;4.0;305.12375
30622;2017-04-11 00:00:00;11:00;2017-04-11 11:00:00;;;-7.9;-10.9;-20.383281250000007;4.0;305.12375
30622;2017-04-11 00:00:00;08:00;2017-04-11 08:00:00;3.0;0.0;-13.3;-14.8;-20.383281250000007;4.0;305.12375
30622;2017-04-11 00:00:00;05:00;2017-04-11 05:00:00;;;-13.1;-14.7;-20.383281250000007;4.0;305.12375
30622;2017-04-11 00:00:00;02:00;2017-04-11 02:00:00;;;-12.7;-14.5;-20.383281250000007;4.0;305.12375
30622;2017-03-11 00:00:00;23:00;2017-03-11 23:00:00;;;-11.9;-13.5;-52.675625;2.0;-33.439375
30622;2017-03-11 00:00:00;20:00;2017-03-11 20:00:00;;0.0;-11.2;-13.5;-52.675625;2.0;-33.439375
30622;2017-03-11 00:00:00;17:00;2017-03-11 17:00:00;;;-6.8;-12.5;-52.675625;2.0;-33.439375
30622;2017-03-11 00:00:00;14:00;2017-03-11 14:00:00;;;-3.0;-14.2;-52.675625;2.0;-33.439375
30622;2017-03-11 00:00:00;11:00;2017-03-11 11:00:00;;;-15.3;-19.1;-52.675625;2.0;-33.439375
30622;2017-03-11 00:00:00;08:00;2017-03-11 08:00:00;;0.0;-20.2;-22.6;-52.675625;2.0;-33.439375
30622;2017-03-11 00:00:00;05:00;2017-03-11 05:00:00;;;-20.4;-22.7;-52.675625;2.0;-33.439375
30622;2017-03-11 00:00:00;02:00;2017-03-11 02:00:00;;;-19.6;-21.4;-52.675625;2.0;-33.439375
30622;2017-02-11 00:00:00;23:00;2017-02-11 23:00:00;;;-17.5;-19.5;-45.022499999999994;4.0;366.25374999999997
30622;2017-02-11 00:00:00;20:00;2017-02-11 20:00:00;;0.0;-15.1;-17.0;-45.022499999999994;4.0;366.25374999999997
30622;2017-02-11 00:00:00;17:00;2017-02-11 17:00:00;;;-8.4;-14.4;-45.022499999999994;4.0;366.25374999999997
30622;2017-02-11 00:00:00;14:00;2017-02-11 14:00:00;;;-6.7;-15.0;-45.022499999999994;4.0;366.25374999999997
30622;2017-02-11 00:00:00;11:00;2017-02-11 11:00:00;;;-7.7;-13.1;-45.022499999999994;4.0;366.25374999999997
30622;2017-02-11 00:00:00;08:00;2017-02-11 08:00:00;3.0;0.0;-9.6;-13.2;-45.022499999999994;4.0;366.25374999999997
30622;2017-02-11 00:00:00;05:00;2017-02-11 05:00:00;;;-9.0;-12.7;-45.022499999999994;4.0;366.25374999999997
30622;2017-02-11 00:00:00;02:00;2017-02-11 02:00:00;;;-8.8;-12.7;-45.022499999999994;4.0;366.25374999999997
30622;2017-01-11 00:00:00;23:00;2017-01-11 23:00:00;;;-8.3;-12.6;-45.74250000000001;5.0;510.22156249999995
30622;2017-01-11 00:00:00;20:00;2017-01-11 20:00:00;;0.0;-7.4;-12.6;-45.74250000000001;5.0;510.22156249999995
30622;2017-01-11 00:00:00;17:00;2017-01-11 17:00:00;;;-6.5;-13.7;-45.74250000000001;5.0;510.22156249999995
30622;2017-01-11 00:00:00;14:00;2017-01-11 14:00:00;;;-7.2;-11.8;-45.74250000000001;5.0;510.22156249999995
30622;2017-01-11 00:00:00;11:00;2017-01-11 11:00:00;;;-12.6;-16.3;-45.74250000000001;5.0;510.22156249999995
30622;2017-01-11 00:00:00;08:00;2017-01-11 08:00:00;3.0;0.0;-19.8;-21.9;-45.74250000000001;5.0;510.22156249999995
30622;2017-01-11 00:00:00;05:00;2017-01-11 05:00:00;;;-18.3;-20.0;-45.74250000000001;5.0;510.22156249999995
30622;2017-01-11 00:00:00;02:00;2017-01-11 02:00:00;;;-16.2;-17.8;-45.74250000000001;5.0;510.22156249999995
30622;2017-10-31 00:00:00;23:00;2017-10-31 23:00:00;;;-13.0;-14.6;-23.56;0.0;-23.56
30622;2017-10-31 00:00:00;20:00;2017-10-31 20:00:00;;0.2;-11.3;-13.4;-23.56;0.0;-23.56
30622;2017-10-31 00:00:00;17:00;2017-10-31 17:00:00;;;-5.1;-11.5;-23.56;0.0;-23.56
30622;2017-10-31 00:00:00;14:00;2017-10-31 14:00:00;;;-3.3;-9.4;-23.56;0.0;-23.56
30622;2017-10-31 00:00:00;11:00;2017-10-31 11:00:00;;;-4.6;-10.1;-23.56;0.0;-23.56
30622;2017-10-31 00:00:00;08:00;2017-10-31 08:00:00;3.0;3.0;-6.1;-9.9;-23.56;0.0;-23.56
30622;2017-10-31 00:00:00;05:00;2017-10-31 05:00:00;;;-3.3;-7.4;-23.56;0.0;-23.56
30622;2017-10-31 00:00:00;02:00;2017-10-31 02:00:00;;;-2.9;-3.7;-23.56;0.0;-23.56
30622;2017-10-30 00:00:00;23:00;2017-10-30 23:00:00;;;-3.8;-4.9;-12.070625000000005;25.0;239.47703125000038
30622;2017-10-30 00:00:00;20:00;2017-10-30 20:00:00;;0.5;-4.9;-5.7;-12.070625000000005;25.0;239.47703125000038
30622;2017-10-30 00:00:00;17:00;2017-10-30 17:00:00;;;-2.7;-4.7;-12.070625000000005;25.0;239.47703125000038
30622;2017-10-30 00:00:00;14:00;2017-10-30 14:00:00;;;-3.9;-6.1;-12.070625000000005;25.0;239.47703125000038
30622;2017-10-30 00:00:00;11:00;2017-10-30 11:00:00;;;-7.9;-9.8;-12.070625000000005;25.0;239.47703125000038
30622;2017-10-30 00:00:00;08:00;2017-10-30 08:00:00;;0.0;-11.6;-13.1;-12.070625000000005;25.0;239.47703125000038
30622;2017-10-30 00:00:00;05:00;2017-10-30 05:00:00;;;-13.8;-15.4;-12.070625000000005;25.0;239.47703125000038
30622;2017-10-30 00:00:00;02:00;2017-10-30 02:00:00;;;-13.7;-15.0;-12.070625000000005;25.0;239.47703125000038
30622;2017-10-29 00:00:00;23:00;2017-10-29 23:00:00;;;-11.7;-13.2;-18.48515625;24.0;251.5476562500004
30622;2017-10-29 00:00:00;20:00;2017-10-29 20:00:00;;0.0;-9.2;-10.7;-18.48515625;24.0;251.5476562500004
30622;2017-10-29 00:00:00;17:00;2017-10-29 17:00:00;;;-1.4;-7.0;-18.48515625;24.0;251.5476562500004
30622;2017-10-29 00:00:00;14:00;2017-10-29 14:00:00;;;-3.8;-7.1;-18.48515625;24.0;251.5476562500004
30622;2017-10-29 00:00:00;11:00;2017-10-29 11:00:00;;;-9.0;-9.9;-18.48515625;24.0;251.5476562500004
30622;2017-10-29 00:00:00;08:00;2017-10-29 08:00:00;;0.0;-12.2;-13.5;-18.48515625;24.0;251.5476562500004
30622;2017-10-29 00:00:00;05:00;2017-10-29 05:00:00;;;-13.4;-14.5;-18.48515625;24.0;251.5476562500004
30622;2017-10-29 00:00:00;02:00;2017-10-29 02:00:00;;;-11.0;-12.3;-18.48515625;24.0;251.5476562500004
30622;2017-10-28 00:00:00;23:00;2017-10-28 23:00:00;;;-7.1;-8.7;-13.6875;23.0;270.0328125000004
30622;2017-10-28 00:00:00;20:00;2017-10-28 20:00:00;;0.0;-3.9;-7.3;-13.6875;23.0;270.0328125000004
30622;2017-10-28 00:00:00;17:00;2017-10-28 17:00:00;;;-0.4;-6.3;-13.6875;23.0;270.0328125000004
30622;2017-10-28 00:00:00;14:00;2017-10-28 14:00:00;;;-0.6;-8.0;-13.6875;23.0;270.0328125000004
30622;2017-10-28 00:00:00;11:00;2017-10-28 11:00:00;;;-1.7;-8.9;-13.6875;23.0;270.0328125000004
30622;2017-10-28 00:00:00;08:00;2017-10-28 08:00:00;Менее 0.5;0.0;-3.3;-7.6;-13.6875;23.0;270.0328125000004
30622;2017-10-28 00:00:00;05:00;2017-10-28 05:00:00;;;-3.7;-6.8;-13.6875;23.0;270.0328125000004
30622;2017-10-28 00:00:00;02:00;2017-10-28 02:00:00;;;-3.3;-6.9;-13.6875;23.0;270.0328125000004
30622;2017-10-27 00:00:00;23:00;2017-10-27 23:00:00;;;-4.8;-6.7;-19.237500000000004;22.0;283.7203125000004
30622;2017-10-27 00:00:00;20:00;2017-10-27 20:00:00;;0.0;-3.6;-7.9;-19.237500000000004;22.0;283.7203125000004
30622;2017-10-27 00:00:00;17:00;2017-10-27 17:00:00;;;-2.4;-9.0;-19.237500000000004;22.0;283.7203125000004
30622;2017-10-27 00:00:00;14:00;2017-10-27 14:00:00;;;-2.4;-9.7;-19.237500000000004;22.0;283.7203125000004
30622;2017-10-27 00:00:00;11:00;2017-10-27 11:00:00;;;-2.8;-9.1;-19.237500000000004;22.0;283.7203125000004
30622;2017-10-27 00:00:00;08:00;2017-10-27 08:00:00;Менее 0.5;0.0;-7.4;-9.9;-19.237500000000004;22.0;283.7203125000004
30622;2017-10-27 00:00:00;05:00;2017-10-27 05:00:00;;;-5.6;-9.7;-19.237500000000004;22.0;283.7203125000004
30622;2017-10-27 00:00:00;02:00;2017-10-27 02:00:00;;;-3.4;-8.4;-19.237500000000004;22.0;283.7203125000004
30622;2017-10-26 00:00:00;23:00;2017-10-26 23:00:00;;;-2.8;-8.3;-9.450000000000001;21.0;302.9578125000004
30622;2017-10-26 00:00:00;20:00;2017-10-26 20:00:00;;0.0;-1.5;-4.4;-9.450000000000001;21.0;302.9578125000004
30622;2017-10-26 00:00:00;17:00;2017-10-26 17:00:00;;;1.0;-5.1;-9.450000000000001;21.0;302.9578125000004
30622;2017-10-26 00:00:00;14:00;2017-10-26 14:00:00;;;1.9;-4.5;-9.450000000000001;21.0;302.9578125000004
30622;2017-10-26 00:00:00;11:00;2017-10-26 11:00:00;;;-1.3;-3.8;-9.450000000000001;21.0;302.9578125000004
30622;2017-10-26 00:00:00;08:00;2017-10-26 08:00:00;;0.0;-4.4;-6.6;-9.450000000000001;21.0;302.9578125000004
30622;2017-10-26 00:00:00;05:00;2017-10-26 05:00:00;;;-7.3;-8.4;-9.450000000000001;21.0;302.9578125000004
30622;2017-10-26 00:00:00;02:00;2017-10-26 02:00:00;;;-7.2;-8.5;-9.450000000000001;21.0;302.9578125000004
30622;2017-10-25 00:00:00;23:00;2017-10-25 23:00:00;;;-5.8;-8.0;-19.42875;20.0;312.4078125000004
30622;2017-10-25 00:00:00;20:00;2017-10-25 20:00:00;;0.0;-4.4;-7.3;-19.42875;20.0;312.4078125000004
30622;2017-10-25 00:00:00;17:00;2017-10-25 17:00:00;;;3.7;-5.9;-19.42875;20.0;312.4078125000004
30622;2017-10-25 00:00:00;14:00;2017-10-25 14:00:00;;;2.3;-6.5;-19.42875;20.0;312.4078125000004
30622;2017-10-25 00:00:00;11:00;2017-10-25 11:00:00;;;-4.7;-8.4;-19.42875;20.0;312.4078125000004
30622;2017-10-25 00:00:00;08:00;2017-10-25 08:00:00;;0.0;-10.9;-12.2;-19.42875;20.0;312.4078125000004
30622;2017-10-25 00:00:00;05:00;2017-10-25 05:00:00;;;-10.5;-12.0;-19.42875;20.0;312.4078125000004
30622;2017-10-25 00:00:00;02:00;2017-10-25 02:00:00;;;-9.3;-10.7;-19.42875;20.0;312.4078125000004
30622;2017-10-24 00:00:00;23:00;2017-10-24 23:00:00;;;-7.8;-9.7;-12.747656249999999;19.0;331.83656250000035
30622;2017-10-24 00:00:00;20:00;2017-10-24 20:00:00;;0.0;-4.6;-8.7;-12.747656249999999;19.0;331.83656250000035
30622;2017-10-24 00:00:00;17:00;2017-10-24 17:00:00;;;3.0;-8.2;-12.747656249999999;19.0;331.83656250000035
30622;2017-10-24 00:00:00;14:00;2017-10-24 14:00:00;;;3.3;-8.4;-12.747656249999999;19.0;331.83656250000035
30622;2017-10-24 00:00:00;11:00;2017-10-24 11:00:00;;;0.3;-7.0;-12.747656249999999;19.0;331.83656250000035
30622;2017-10-24 00:00:00;08:00;2017-10-24 08:00:00;;0.0;-8.2;-9.7;-12.747656249999999;19.0;331.83656250000035
30622;2017-10-24 00:00:00;05:00;2017-10-24 05:00:00;;;-3.7;-7.8;-12.747656249999999;19.0;331.83656250000035
30622;2017-10-24 00:00:00;02:00;2017-10-24 02:00:00;;;-0.8;-3.1;-12.747656249999999;19.0;331.83656250000035
30622;2017-10-23 00:00:00;23:00;2017-10-23 23:00:00;;;1.2;-2.0;-3.7490625;18.0;344.58421875000033
30622;2017-10-23 00:00:00;20:00;2017-10-23 20:00:00;;0.0;3.6;-1.2;-3.7490625;18.0;344.58421875000033
30622;2017-10-23 00:00:00;17:00;2017-10-23 17:00:00;;;6.0;-0.2;-3.7490625;18.0;344.58421875000033
30622;2017-10-23 00:00:00;14:00;2017-10-23 14:00:00;;;0.9;-0.5;-3.7490625;18.0;344.58421875000033
30622;2017-10-23 00:00:00;11:00;2017-10-23 11:00:00;;;-4.3;-4.9;-3.7490625;18.0;344.58421875000033
30622;2017-10-23 00:00:00;08:00;2017-10-23 08:00:00;;0.0;-6.2;-7.0;-3.7490625;18.0;344.58421875000033
30622;2017-10-23 00:00:00;05:00;2017-10-23 05:00:00;;;-7.5;-8.3;-3.7490625;18.0;344.58421875000033
30622;2017-10-23 00:00:00;02:00;2017-10-23 02:00:00;;;-6.6;-7.4;-3.7490625;18.0;344.58421875000033
30622;2017-10-22 00:00:00;23:00;2017-10-22 23:00:00;;;-5.1;-5.8;-1.14609375;17.0;348.3332812500003
30622;2017-10-22 00:00:00;20:00;2017-10-22 20:00:00;;0.0;-2.0;-3.2;-1.14609375;17.0;348.3332812500003
30622;2017-10-22 00:00:00;17:00;2017-10-22 17:00:00;;;3.7;-0.7;-1.14609375;17.0;348.3332812500003
30622;2017-10-22 00:00:00;14:00;2017-10-22 14:00:00;;;3.1;-1.1;-1.14609375;17.0;348.3332812500003
30622;2017-10-22 00:00:00;11:00;2017-10-22 11:00:00;;;-0.9;-2.6;-1.14609375;17.0;348.3332812500003
30622;2017-10-22 00:00:00;08:00;2017-10-22 08:00:00;;0.0;-3.7;-4.5;-1.14609375;17.0;348.3332812500003
30622;2017-10-22 00:00:00;05:00;2017-10-22 05:00:00;;;0.1;-1.8;-1.14609375;17.0;348.3332812500003
30622;2017-10-22 00:00:00;02:00;2017-10-22 02:00:00;;;0.3;-1.1;-1.14609375;17.0;348.3332812500003
30622;2017-10-21 00:00:00;23:00;2017-10-21 23:00:00;;;-2.2;-3.9;-13.650000000000002;16.0;349.4793750000003
30622;2017-10-21 00:00:00;20:00;2017-10-21 20:00:00;;0.9;-5.0;-6.1;-13.650000000000002;16.0;349.4793750000003
30622;2017-10-21 00:00:00;17:00;2017-10-21 17:00:00;;;0.8;-3.2;-13.650000000000002;16.0;349.4793750000003
30622;2017-10-21 00:00:00;14:00;2017-10-21 14:00:00;;;-2.7;-5.8;-13.650000000000002;16.0;349.4793750000003
30622;2017-10-21 00:00:00;11:00;2017-10-21 11:00:00;;;-7.7;-9.5;-13.650000000000002;16.0;349.4793750000003
30622;2017-10-21 00:00:00;08:00;2017-10-21 08:00:00;;0.0;-10.4;-12.2;-13.650000000000002;16.0;349.4793750000003
30622;2017-10-21 00:00:00;05:00;2017-10-21 05:00:00;;;-11.2;-13.3;-13.650000000000002;16.0;349.4793750000003
30622;2017-10-21 00:00:00;02:00;2017-10-21 02:00:00;;;-9.6;-12.2;-13.650000000000002;16.0;349.4793750000003
30622;2017-10-20 00:00:00;23:00;2017-10-20 23:00:00;;;-8.7;-10.7;-28.149687500000002;15.0;363.12937500000027
30622;2017-10-20 00:00:00;20:00;2017-10-20 20:00:00;;0.0;-5.2;-10.3;-28.149687500000002;15.0;363.12937500000027
30622;2017-10-20 00:00:00;17:00;2017-10-20 17:00:00;;;2.3;-12.4;-28.149687500000002;15.0;363.12937500000027
30622;2017-10-20 00:00:00;14:00;2017-10-20 14:00:00;;;1.6;-10.4;-28.149687500000002;15.0;363.12937500000027
30622;2017-10-20 00:00:00;11:00;2017-10-20 11:00:00;;;-3.6;-7.5;-28.149687500000002;15.0;363.12937500000027
30622;2017-10-20 00:00:00;08:00;2017-10-20 08:00:00;;0.0;-11.2;-12.7;-28.149687500000002;15.0;363.12937500000027
30622;2017-10-20 00:00:00;05:00;2017-10-20 05:00:00;;;-10.0;-11.2;-28.149687500000002;15.0;363.12937500000027
30622;2017-10-20 00:00:00;02:00;2017-10-20 02:00:00;;;-8.3;-9.7;-28.149687500000002;15.0;363.12937500000027
30622;2017-10-19 00:00:00;23:00;2017-10-19 23:00:00;;;-5.8;-8.0;0.9121874999999996;14.0;391.2790625000003
30622;2017-10-19 00:00:00;20:00;2017-10-19 20:00:00;;0.0;-1.8;-7.0;0.9121874999999996;14.0;391.2790625000003
30622;2017-10-19 00:00:00;17:00;2017-10-19 17:00:00;;;6.8;-6.7;0.9121874999999996;14.0;391.2790625000003
30622;2017-10-19 00:00:00;14:00;2017-10-19 14:00:00;;;5.8;-4.0;0.9121874999999996;14.0;391.2790625000003
30622;2017-10-19 00:00:00;11:00;2017-10-19 11:00:00;;;2.4;-2.7;0.9121874999999996;14.0;391.2790625000003
30622;2017-10-19 00:00:00;08:00;2017-10-19 08:00:00;;0.0;-1.8;-3.8;0.9121874999999996;14.0;391.2790625000003
30622;2017-10-19 00:00:00;05:00;2017-10-19 05:00:00;;;-2.0;-3.8;0.9121874999999996;14.0;391.2790625000003
30622;2017-10-19 00:00:00;02:00;2017-10-19 02:00:00;;;-2.2;-4.3;0.9121874999999996;14.0;391.2790625000003
30622;2017-10-18 00:00:00;23:00;2017-10-18 23:00:00;;;-3.8;-6.0;7.171875;13.0;390.3668750000003
30622;2017-10-18 00:00:00;20:00;2017-10-18 20:00:00;;0.0;2.2;-3.1;7.171875;13.0;390.3668750000003
30622;2017-10-18 00:00:00;17:00;2017-10-18 17:00:00;;;5.6;-3.5;7.171875;13.0;390.3668750000003
30622;2017-10-18 00:00:00;14:00;2017-10-18 14:00:00;;;6.4;-2.3;7.171875;13.0;390.3668750000003
30622;2017-10-18 00:00:00;11:00;2017-10-18 11:00:00;;;4.7;0.0;7.171875;13.0;390.3668750000003
30622;2017-10-18 00:00:00;08:00;2017-10-18 08:00:00;;0.0;-1.5;-2.3;7.171875;13.0;390.3668750000003
30622;2017-10-18 00:00:00;05:00;2017-10-18 05:00:00;;;-0.3;-1.4;7.171875;13.0;390.3668750000003
30622;2017-10-18 00:00:00;02:00;2017-10-18 02:00:00;;;0.2;-1.9;7.171875;13.0;390.3668750000003
30622;2017-10-17 00:00:00;23:00;2017-10-17 23:00:00;;;1.3;-1.2;-4.10625;12.0;383.1950000000003
30622;2017-10-17 00:00:00;20:00;2017-10-17 20:00:00;;0.0;0.8;-4.0;-4.10625;12.0;383.1950000000003
30622;2017-10-17 00:00:00;17:00;2017-10-17 17:00:00;;;5.3;-4.7;-4.10625;12.0;383.1950000000003
30622;2017-10-17 00:00:00;14:00;2017-10-17 14:00:00;;;4.5;-5.2;-4.10625;12.0;383.1950000000003
30622;2017-10-17 00:00:00;11:00;2017-10-17 11:00:00;;;-2.1;-6.0;-4.10625;12.0;383.1950000000003
30622;2017-10-17 00:00:00;08:00;2017-10-17 08:00:00;;0.0;-5.0;-6.8;-4.10625;12.0;383.1950000000003
30622;2017-10-17 00:00:00;05:00;2017-10-17 05:00:00;;;-6.6;-8.0;-4.10625;12.0;383.1950000000003
30622;2017-10-17 00:00:00;02:00;2017-10-17 02:00:00;;;-5.4;-7.8;-4.10625;12.0;383.1950000000003
30622;2017-10-16 00:00:00;23:00;2017-10-16 23:00:00;;;-5.9;-8.6;-24.944374999999997;11.0;387.30125000000027
30622;2017-10-16 00:00:00;20:00;2017-10-16 20:00:00;;0.0;-3.1;-7.6;-24.944374999999997;11.0;387.30125000000027
30622;2017-10-16 00:00:00;17:00;2017-10-16 17:00:00;;;5.6;-6.7;-24.944374999999997;11.0;387.30125000000027
30622;2017-10-16 00:00:00;14:00;2017-10-16 14:00:00;;;2.9;-7.1;-24.944374999999997;11.0;387.30125000000027
30622;2017-10-16 00:00:00;11:00;2017-10-16 11:00:00;;;-5.9;-10.0;-24.944374999999997;11.0;387.30125000000027
30622;2017-10-16 00:00:00;08:00;2017-10-16 08:00:00;;0.0;-13.3;-14.6;-24.944374999999997;11.0;387.30125000000027
30622;2017-10-16 00:00:00;05:00;2017-10-16 05:00:00;;;-12.4;-13.5;-24.944374999999997;11.0;387.30125000000027
30622;2017-10-16 00:00:00;02:00;2017-10-16 02:00:00;;;-10.7;-12.0;-24.944374999999997;11.0;387.30125000000027
30622;2017-10-15 00:00:00;23:00;2017-10-15 23:00:00;;;-7.7;-10.4;-17.264062499999998;10.0;412.24562500000025
30622;2017-10-15 00:00:00;20:00;2017-10-15 20:00:00;;0.0;-4.1;-9.2;-17.264062499999998;10.0;412.24562500000025
30622;2017-10-15 00:00:00;17:00;2017-10-15 17:00:00;;;2.7;-9.9;-17.264062499999998;10.0;412.24562500000025
30622;2017-10-15 00:00:00;14:00;2017-10-15 14:00:00;;;1.2;-8.3;-17.264062499999998;10.0;412.24562500000025
30622;2017-10-15 00:00:00;11:00;2017-10-15 11:00:00;;;-1.9;-5.7;-17.264062499999998;10.0;412.24562500000025
30622;2017-10-15 00:00:00;08:00;2017-10-15 08:00:00;;0.0;-6.1;-7.4;-17.264062499999998;10.0;412.24562500000025
30622;2017-10-15 00:00:00;05:00;2017-10-15 05:00:00;;;-6.4;-7.9;-17.264062499999998;10.0;412.24562500000025
30622;2017-10-15 00:00:00;02:00;2017-10-15 02:00:00;;;-6.7;-8.3;-17.264062499999998;10.0;412.24562500000025
30622;2017-10-14 00:00:00;23:00;2017-10-14 23:00:00;;;-8.0;-9.2;-11.270000000000001;9.0;429.50968750000027
30622;2017-10-14 00:00:00;20:00;2017-10-14 20:00:00;;0.0;-2.6;-5.9;-11.270000000000001;9.0;429.50968750000027
30622;2017-10-14 00:00:00;17:00;2017-10-14 17:00:00;;;0.0;-5.7;-11.270000000000001;9.0;429.50968750000027
30622;2017-10-14 00:00:00;14:00;2017-10-14 14:00:00;;;1.6;-8.7;-11.270000000000001;9.0;429.50968750000027
30622;2017-10-14 00:00:00;11:00;2017-10-14 11:00:00;;;0.3;-7.0;-11.270000000000001;9.0;429.50968750000027
30622;2017-10-14 00:00:00;08:00;2017-10-14 08:00:00;;0.0;-3.2;-7.2;-11.270000000000001;9.0;429.50968750000027
30622;2017-10-14 00:00:00;05:00;2017-10-14 05:00:00;;;-2.8;-8.4;-11.270000000000001;9.0;429.50968750000027
30622;2017-10-14 00:00:00;02:00;2017-10-14 02:00:00;;;-1.4;-8.8;-11.270000000000001;9.0;429.50968750000027
30622;2017-10-13 00:00:00;23:00;2017-10-13 23:00:00;;;-1.1;-5.6;-3.2046874999999995;8.0;440.77968750000025
30622;2017-10-13 00:00:00;20:00;2017-10-13 20:00:00;;0.0;-0.5;-4.7;-3.2046874999999995;8.0;440.77968750000025
30622;2017-10-13 00:00:00;17:00;2017-10-13 17:00:00;;;0.6;-5.3;-3.2046874999999995;8.0;440.77968750000025
30622;2017-10-13 00:00:00;14:00;2017-10-13 14:00:00;;;1.8;-4.7;-3.2046874999999995;8.0;440.77968750000025
30622;2017-10-13 00:00:00;11:00;2017-10-13 11:00:00;;;0.2;-3.9;-3.2046874999999995;8.0;440.77968750000025
30622;2017-10-13 00:00:00;08:00;2017-10-13 08:00:00;1.0;0.6;-1.5;-3.4;-3.2046874999999995;8.0;440.77968750000025
30622;2017-10-13 00:00:00;05:00;2017-10-13 05:00:00;;;-3.2;-4.1;-3.2046874999999995;8.0;440.77968750000025
30622;2017-10-13 00:00:00;02:00;2017-10-13 02:00:00;;;-3.3;-4.6;-3.2046874999999995;8.0;440.77968750000025
30622;2017-12-10 00:00:00;23:00;2017-12-10 23:00:00;;;-3.8;-5.3;-13.99359375;40.0;-748.1767187500001
30622;2017-12-10 00:00:00;20:00;2017-12-10 20:00:00;;0.0;-1.4;-4.7;-13.99359375;40.0;-748.1767187500001
30622;2017-12-10 00:00:00;17:00;2017-12-10 17:00:00;;;3.4;-5.4;-13.99359375;40.0;-748.1767187500001
30622;2017-12-10 00:00:00;14:00;2017-12-10 14:00:00;;;3.0;-6.6;-13.99359375;40.0;-748.1767187500001
30622;2017-12-10 00:00:00;11:00;2017-12-10 11:00:00;;;-2.8;-7.7;-13.99359375;40.0;-748.1767187500001
30622;2017-12-10 00:00:00;08:00;2017-12-10 08:00:00;;0.0;-8.6;-10.1;-13.99359375;40.0;-748.1767187500001
30622;2017-12-10 00:00:00;05:00;2017-12-10 05:00:00;;;-8.8;-10.1;-13.99359375;40.0;-748.1767187500001
30622;2017-12-10 00:00:00;02:00;2017-12-10 02:00:00;;;-8.9;-10.1;-13.99359375;40.0;-748.1767187500001
30622;2017-11-10 00:00:00;23:00;2017-11-10 23:00:00;;;-6.8;-8.8;-9.2634375;10.0;306.67515625
30622;2017-11-10 00:00:00;20:00;2017-11-10 20:00:00;;0.0;-3.4;-7.2;-9.2634375;10.0;306.67515625
30622;2017-11-10 00:00:00;17:00;2017-11-10 17:00:00;;;4.9;-9.7;-9.2634375;10.0;306.67515625
30622;2017-11-10 00:00:00;14:00;2017-11-10 14:00:00;;;5.6;-9.3;-9.2634375;10.0;306.67515625
30622;2017-11-10 00:00:00;11:00;2017-11-10 11:00:00;;;1.0;-6.7;-9.2634375;10.0;306.67515625
30622;2017-11-10 00:00:00;08:00;2017-11-10 08:00:00;;0.0;-6.2;-7.6;-9.2634375;10.0;306.67515625
30622;2017-11-10 00:00:00;05:00;2017-11-10 05:00:00;;;-4.3;-6.1;-9.2634375;10.0;306.67515625
30622;2017-11-10 00:00:00;02:00;2017-11-10 02:00:00;;;-3.1;-5.1;-9.2634375;10.0;306.67515625
30622;2017-10-10 00:00:00;23:00;2017-10-10 23:00:00;;;-3.1;-5.7;-5.2893750000000015;5.0;636.1218750000003
30622;2017-10-10 00:00:00;20:00;2017-10-10 20:00:00;;0.0;-1.8;-7.1;-5.2893750000000015;5.0;636.1218750000003
30622;2017-10-10 00:00:00;17:00;2017-10-10 17:00:00;;;2.1;-7.9;-5.2893750000000015;5.0;636.1218750000003
30622;2017-10-10 00:00:00;14:00;2017-10-10 14:00:00;;;2.8;-7.2;-5.2893750000000015;5.0;636.1218750000003
30622;2017-10-10 00:00:00;11:00;2017-10-10 11:00:00;;;0.1;-4.6;-5.2893750000000015;5.0;636.1218750000003
30622;2017-10-10 00:00:00;08:00;2017-10-10 08:00:00;;0.0;-3.0;-4.4;-5.2893750000000015;5.0;636.1218750000003
30622;2017-10-10 00:00:00;05:00;2017-10-10 05:00:00;;;-3.6;-4.6;-5.2893750000000015;5.0;636.1218750000003
30622;2017-10-10 00:00:00;02:00;2017-10-10 02:00:00;;;-2.8;-4.2;-5.2893750000000015;5.0;636.1218750000003
30622;2017-09-10 00:00:00;23:00;2017-09-10 23:00:00;;;-1.9;-3.6;-0.6825000000000001;1.0;38.3659375
30622;2017-09-10 00:00:00;20:00;2017-09-10 20:00:00;;0.0;-0.1;-3.6;-0.6825000000000001;1.0;38.3659375
30622;2017-09-10 00:00:00;17:00;2017-09-10 17:00:00;;;1.7;-5.4;-0.6825000000000001;1.0;38.3659375
30622;2017-09-10 00:00:00;14:00;2017-09-10 14:00:00;;;1.5;-5.3;-0.6825000000000001;1.0;38.3659375
30622;2017-09-10 00:00:00;11:00;2017-09-10 11:00:00;;;0.9;-4.9;-0.6825000000000001;1.0;38.3659375
30622;2017-09-10 00:00:00;08:00;2017-09-10 08:00:00;;0.0;-1.7;-5.1;-0.6825000000000001;1.0;38.3659375
30622;2017-09-10 00:00:00;05:00;2017-09-10 05:00:00;;;-1.3;-5.2;-0.6825000000000001;1.0;38.3659375
30622;2017-09-10 00:00:00;02:00;2017-09-10 02:00:00;;;-0.3;-4.5;-0.6825000000000001;1.0;38.3659375
30622;2017-08-10 00:00:00;23:00;2017-08-10 23:00:00;;;0.5;-3.5;3.5343750000000003;13.0;890.65390625
30622;2017-08-10 00:00:00;20:00;2017-08-10 20:00:00;;0.0;0.8;-3.4;3.5343750000000003;13.0;890.65390625
30622;2017-08-10 00:00:00;17:00;2017-08-10 17:00:00;;;3.2;-5.0;3.5343750000000003;13.0;890.65390625
30622;2017-08-10 00:00:00;14:00;2017-08-10 14:00:00;;;2.9;-5.0;3.5343750000000003;13.0;890.65390625
30622;2017-08-10 00:00:00;11:00;2017-08-10 11:00:00;;;1.4;-3.9;3.5343750000000003;13.0;890.65390625
30622;2017-08-10 00:00:00;08:00;2017-08-10 08:00:00;;0.0;-1.4;-3.7;3.5343750000000003;13.0;890.65390625
30622;2017-08-10 00:00:00;05:00;2017-08-10 05:00:00;;;-0.9;-3.7;3.5343750000000003;13.0;890.65390625
30622;2017-08-10 00:00:00;02:00;2017-08-10 02:00:00;;;-0.5;-3.5;3.5343750000000003;13.0;890.65390625
30622;2017-07-10 00:00:00;23:00;2017-07-10 23:00:00;;;-0.4;-3.8;5.6034375;22.0;3648.0521875
30622;2017-07-10 00:00:00;20:00;2017-07-10 20:00:00;;0.0;0.9;-3.6;5.6034375;22.0;3648.0521875
30622;2017-07-10 00:00:00;17:00;2017-07-10 17:00:00;;;4.3;-3.2;5.6034375;22.0;3648.0521875
30622;2017-07-10 00:00:00;14:00;2017-07-10 14:00:00;;;3.6;-1.1;5.6034375;22.0;3648.0521875
30622;2017-07-10 00:00:00;11:00;2017-07-10 11:00:00;;;3.3;0.7;5.6034375;22.0;3648.0521875
30622;2017-07-10 00:00:00;08:00;2017-07-10 08:00:00;;0.7;0.8;-0.3;5.6034375;22.0;3648.0521875
30622;2017-07-10 00:00:00;05:00;2017-07-10 05:00:00;;;0.5;-0.4;5.6034375;22.0;3648.0521875
30622;2017-07-10 00:00:00;02:00;2017-07-10 02:00:00;;;0.9;-0.2;5.6034375;22.0;3648.0521875
30622;2017-06-10 00:00:00;23:00;2017-06-10 23:00:00;;;1.5;-2.0;14.625;5.0;438.58640625
30622;2017-06-10 00:00:00;20:00;2017-06-10 20:00:00;;0.0;2.2;-0.2;14.625;5.0;438.58640625
30622;2017-06-10 00:00:00;17:00;2017-06-10 17:00:00;;;5.9;-1.5;14.625;5.0;438.58640625
30622;2017-06-10 00:00:00;14:00;2017-06-10 14:00:00;;;5.8;-1.4;14.625;5.0;438.58640625
30622;2017-06-10 00:00:00;11:00;2017-06-10 11:00:00;;;4.6;-2.0;14.625;5.0;438.58640625
30622;2017-06-10 00:00:00;08:00;2017-06-10 08:00:00;;0.0;0.2;-3.2;14.625;5.0;438.58640625
30622;2017-06-10 00:00:00;05:00;2017-06-10 05:00:00;;;0.5;-3.4;14.625;5.0;438.58640625
30622;2017-06-10 00:00:00;02:00;2017-06-10 02:00:00;;;2.7;-2.9;14.625;5.0;438.58640625
30622;2017-05-10 00:00:00;23:00;2017-05-10 23:00:00;;;5.3;-3.5;21.25;3.0;311.12359375000005
30622;2017-05-10 00:00:00;20:00;2017-05-10 20:00:00;;0.0;5.8;-2.5;21.25;3.0;311.12359375000005
30622;2017-05-10 00:00:00;17:00;2017-05-10 17:00:00;;;9.6;-2.0;21.25;3.0;311.12359375000005
30622;2017-05-10 00:00:00;14:00;2017-05-10 14:00:00;;;8.9;-1.2;21.25;3.0;311.12359375000005
30622;2017-05-10 00:00:00;11:00;2017-05-10 11:00:00;;;2.7;-1.7;21.25;3.0;311.12359375000005
30622;2017-05-10 00:00:00;08:00;2017-05-10 08:00:00;;0.0;-4.2;-5.2;21.25;3.0;311.12359375000005
30622;2017-05-10 00:00:00;05:00;2017-05-10 05:00:00;;;-1.5;-3.7;21.25;3.0;311.12359375000005
30622;2017-05-10 00:00:00;02:00;2017-05-10 02:00:00;;;0.6;-3.0;21.25;3.0;311.12359375000005
30622;2017-04-10 00:00:00;23:00;2017-04-10 23:00:00;;;0.4;-2.6;12.4246875;3.0;325.50703124999995
30622;2017-04-10 00:00:00;20:00;2017-04-10 20:00:00;;0.0;6.5;-0.7;12.4246875;3.0;325.50703124999995
30622;2017-04-10 00:00:00;17:00;2017-04-10 17:00:00;;;10.5;-3.3;12.4246875;3.0;325.50703124999995
30622;2017-04-10 00:00:00;14:00;2017-04-10 14:00:00;;;10.2;-2.1;12.4246875;3.0;325.50703124999995
30622;2017-04-10 00:00:00;11:00;2017-04-10 11:00:00;;;2.8;-2.8;12.4246875;3.0;325.50703124999995
30622;2017-04-10 00:00:00;08:00;2017-04-10 08:00:00;;0.0;-5.5;-6.1;12.4246875;3.0;325.50703124999995
30622;2017-04-10 00:00:00;05:00;2017-04-10 05:00:00;;;-4.3;-5.8;12.4246875;3.0;325.50703124999995
30622;2017-04-10 00:00:00;02:00;2017-04-10 02:00:00;;;-3.2;-4.9;12.4246875;3.0;325.50703124999995
30622;2017-03-10 00:00:00;23:00;2017-03-10 23:00:00;;;-1.7;-4.4;0.4587499999999998;1.0;19.236249999999995
30622;2017-03-10 00:00:00;20:00;2017-03-10 20:00:00;;0.0;4.7;-3.0;0.4587499999999998;1.0;19.236249999999995
30622;2017-03-10 00:00:00;17:00;2017-03-10 17:00:00;;;9.9;-2.9;0.4587499999999998;1.0;19.236249999999995
30622;2017-03-10 00:00:00;14:00;2017-03-10 14:00:00;;;6.7;-1.9;0.4587499999999998;1.0;19.236249999999995
30622;2017-03-10 00:00:00;11:00;2017-03-10 11:00:00;;;-1.4;-3.9;0.4587499999999998;1.0;19.236249999999995
30622;2017-03-10 00:00:00;08:00;2017-03-10 08:00:00;;0.0;-5.2;-6.0;0.4587499999999998;1.0;19.236249999999995
30622;2017-03-10 00:00:00;05:00;2017-03-10 05:00:00;;;-5.9;-6.7;0.4587499999999998;1.0;19.236249999999995
30622;2017-03-10 00:00:00;02:00;2017-03-10 02:00:00;;;-6.3;-7.1;0.4587499999999998;1.0;19.236249999999995
30622;2017-02-10 00:00:00;23:00;2017-02-10 23:00:00;;;-4.5;-5.2;-0.8654687499999999;3.0;411.27624999999995
30622;2017-02-10 00:00:00;20:00;2017-02-10 20:00:00;;0.0;0.4;-2.3;-0.8654687499999999;3.0;411.27624999999995
30622;2017-02-10 00:00:00;17:00;2017-02-10 17:00:00;;;4.2;-0.5;-0.8654687499999999;3.0;411.27624999999995
30622;2017-02-10 00:00:00;14:00;2017-02-10 14:00:00;;;3.0;0.8;-0.8654687499999999;3.0;411.27624999999995
30622;2017-02-10 00:00:00;11:00;2017-02-10 11:00:00;;;2.5;-2.5;-0.8654687499999999;3.0;411.27624999999995
30622;2017-02-10 00:00:00;08:00;2017-02-10 08:00:00;;0.0;-3.0;-4.2;-0.8654687499999999;3.0;411.27624999999995
30622;2017-02-10 00:00:00;05:00;2017-02-10 05:00:00;;;-3.6;-4.6;-0.8654687499999999;3.0;411.27624999999995
30622;2017-02-10 00:00:00;02:00;2017-02-10 02:00:00;;;-1.9;-3.5;-0.8654687499999999;3.0;411.27624999999995
30622;2017-01-10 00:00:00;23:00;2017-01-10 23:00:00;;;-0.5;-2.8;6.746718749999999;4.0;555.9640625
30622;2017-01-10 00:00:00;20:00;2017-01-10 20:00:00;;0.0;1.1;-2.9;6.746718749999999;4.0;555.9640625
30622;2017-01-10 00:00:00;17:00;2017-01-10 17:00:00;;;4.8;-3.2;6.746718749999999;4.0;555.9640625
30622;2017-01-10 00:00:00;14:00;2017-01-10 14:00:00;;;6.3;-5.2;6.746718749999999;4.0;555.9640625
30622;2017-01-10 00:00:00;11:00;2017-01-10 11:00:00;;;3.2;-2.8;6.746718749999999;4.0;555.9640625
30622;2017-01-10 00:00:00;08:00;2017-01-10 08:00:00;;0.0;-3.2;-4.7;6.746718749999999;4.0;555.9640625
30622;2017-01-10 00:00:00;05:00;2017-01-10 05:00:00;;;-1.0;-3.3;6.746718749999999;4.0;555.9640625
30622;2017-01-10 00:00:00;02:00;2017-01-10 02:00:00;;;0.4;-2.9;6.746718749999999;4.0;555.9640625
30622;2017-09-30 00:00:00;23:00;2017-09-30 23:00:00;;;1.1;-3.6;4.91;5.0;41.459843750000005
30622;2017-09-30 00:00:00;20:00;2017-09-30 20:00:00;;0.0;3.1;-4.4;4.91;5.0;41.459843750000005
30622;2017-09-30 00:00:00;17:00;2017-09-30 17:00:00;;;4.8;-4.4;4.91;5.0;41.459843750000005
30622;2017-09-30 00:00:00;14:00;2017-09-30 14:00:00;;;8.0;-7.9;4.91;5.0;41.459843750000005
30622;2017-09-30 00:00:00;11:00;2017-09-30 11:00:00;;;2.1;-4.7;4.91;5.0;41.459843750000005
30622;2017-09-30 00:00:00;08:00;2017-09-30 08:00:00;;0.0;-4.3;-5.9;4.91;5.0;41.459843750000005
30622;2017-09-30 00:00:00;05:00;2017-09-30 05:00:00;;;-6.4;-7.5;4.91;5.0;41.459843750000005
30622;2017-09-30 00:00:00;02:00;2017-09-30 02:00:00;;;-2.0;-4.3;4.91;5.0;41.459843750000005
30622;2017-09-29 00:00:00;23:00;2017-09-29 23:00:00;;;-2.4;-5.7;9.50625;4.0;36.54984375
30622;2017-09-29 00:00:00;20:00;2017-09-29 20:00:00;;0.0;2.5;-6.0;9.50625;4.0;36.54984375
30622;2017-09-29 00:00:00;17:00;2017-09-29 17:00:00;;;6.0;-6.0;9.50625;4.0;36.54984375
30622;2017-09-29 00:00:00;14:00;2017-09-29 14:00:00;;;5.8;-5.8;9.50625;4.0;36.54984375
30622;2017-09-29 00:00:00;11:00;2017-09-29 11:00:00;;;2.8;-4.2;9.50625;4.0;36.54984375
30622;2017-09-29 00:00:00;08:00;2017-09-29 08:00:00;;2.0;-0.5;-2.0;9.50625;4.0;36.54984375
30622;2017-09-29 00:00:00;05:00;2017-09-29 05:00:00;;;-0.5;-2.1;9.50625;4.0;36.54984375
30622;2017-09-29 00:00:00;02:00;2017-09-29 02:00:00;;;-0.7;-2.0;9.50625;4.0;36.54984375
30622;2017-09-28 00:00:00;23:00;2017-09-28 23:00:00;;;0.1;-2.2;3.78984375;3.0;27.04359375
30622;2017-09-28 00:00:00;20:00;2017-09-28 20:00:00;;0.3;1.2;-2.1;3.78984375;3.0;27.04359375
30622;2017-09-28 00:00:00;17:00;2017-09-28 17:00:00;;;4.2;-2.8;3.78984375;3.0;27.04359375
30622;2017-09-28 00:00:00;14:00;2017-09-28 14:00:00;;;3.6;-1.5;3.78984375;3.0;27.04359375
30622;2017-09-28 00:00:00;11:00;2017-09-28 11:00:00;;;1.9;-1.3;3.78984375;3.0;27.04359375
30622;2017-09-28 00:00:00;08:00;2017-09-28 08:00:00;1.0;0.5;-0.8;-1.7;3.78984375;3.0;27.04359375
30622;2017-09-28 00:00:00;05:00;2017-09-28 05:00:00;;;-0.4;-1.5;3.78984375;3.0;27.04359375
30622;2017-09-28 00:00:00;02:00;2017-09-28 02:00:00;;;0.1;-1.5;3.78984375;3.0;27.04359375
30622;2017-09-27 00:00:00;23:00;2017-09-27 23:00:00;;;0.2;-1.2;-0.03515624999999995;2.0;23.25375
30622;2017-09-27 00:00:00;20:00;2017-09-27 20:00:00;;1.0;0.4;-1.2;-0.03515624999999995;2.0;23.25375
30622;2017-09-27 00:00:00;17:00;2017-09-27 17:00:00;;;2.1;-2.8;-0.03515624999999995;2.0;23.25375
30622;2017-09-27 00:00:00;14:00;2017-09-27 14:00:00;;;3.1;-3.5;-0.03515624999999995;2.0;23.25375
30622;2017-09-27 00:00:00;11:00;2017-09-27 11:00:00;;;-0.1;-2.3;-0.03515624999999995;2.0;23.25375
30622;2017-09-27 00:00:00;08:00;2017-09-27 08:00:00;;0.4;-1.1;-2.2;-0.03515624999999995;2.0;23.25375
30622;2017-09-27 00:00:00;05:00;2017-09-27 05:00:00;;;-2.9;-5.0;-0.03515624999999995;2.0;23.25375
30622;2017-09-27 00:00:00;02:00;2017-09-27 02:00:00;;;-1.8;-4.4;-0.03515624999999995;2.0;23.25375
30622;2017-09-26 00:00:00;23:00;2017-09-26 23:00:00;;;-0.7;-3.2;4.458749999999999;1.0;23.28890625
30622;2017-09-26 00:00:00;20:00;2017-09-26 20:00:00;;0.6;0.8;-4.6;4.458749999999999;1.0;23.28890625
30622;2017-09-26 00:00:00;17:00;2017-09-26 17:00:00;;;4.3;-5.4;4.458749999999999;1.0;23.28890625
30622;2017-09-26 00:00:00;14:00;2017-09-26 14:00:00;;;3.2;-3.3;4.458749999999999;1.0;23.28890625
30622;2017-09-26 00:00:00;11:00;2017-09-26 11:00:00;;;2.1;-3.3;4.458749999999999;1.0;23.28890625
30622;2017-09-26 00:00:00;08:00;2017-09-26 08:00:00;Менее 0.5;0.4;-1.1;-2.2;4.458749999999999;1.0;23.28890625
30622;2017-09-26 00:00:00;05:00;2017-09-26 05:00:00;;;-1.5;-2.6;4.458749999999999;1.0;23.28890625
30622;2017-09-26 00:00:00;02:00;2017-09-26 02:00:00;;;1.1;-2.0;4.458749999999999;1.0;23.28890625
30622;2017-09-25 00:00:00;23:00;2017-09-25 23:00:00;;;2.5;0.4;18.83015625;0.0;18.83015625
30622;2017-09-25 00:00:00;20:00;2017-09-25 20:00:00;;0.3;3.2;0.5;18.83015625;0.0;18.83015625
30622;2017-09-25 00:00:00;17:00;2017-09-25 17:00:00;;;7.9;-3.8;18.83015625;0.0;18.83015625
30622;2017-09-25 00:00:00;14:00;2017-09-25 14:00:00;;;6.8;-5.0;18.83015625;0.0;18.83015625
30622;2017-09-25 00:00:00;11:00;2017-09-25 11:00:00;;;3.9;-2.6;18.83015625;0.0;18.83015625
30622;2017-09-25 00:00:00;08:00;2017-09-25 08:00:00;;7.0;1.4;-1.8;18.83015625;0.0;18.83015625
30622;2017-09-25 00:00:00;05:00;2017-09-25 05:00:00;;;2.0;-0.7;18.83015625;0.0;18.83015625
30622;2017-09-25 00:00:00;02:00;2017-09-25 02:00:00;;;1.2;0.2;18.83015625;0.0;18.83015625
30622;2017-09-24 00:00:00;23:00;2017-09-24 23:00:00;;;2.7;1.2;4.79375;0.0;4.79375
30622;2017-09-24 00:00:00;20:00;2017-09-24 20:00:00;;4.0;2.4;1.2;4.79375;0.0;4.79375
30622;2017-09-24 00:00:00;17:00;2017-09-24 17:00:00;;;5.6;1.5;4.79375;0.0;4.79375
30622;2017-09-24 00:00:00;14:00;2017-09-24 14:00:00;;;9.0;-0.9;4.79375;0.0;4.79375
30622;2017-09-24 00:00:00;11:00;2017-09-24 11:00:00;;;1.0;-2.3;4.79375;0.0;4.79375
30622;2017-09-24 00:00:00;08:00;2017-09-24 08:00:00;;0.0;-2.2;-3.6;4.79375;0.0;4.79375
30622;2017-09-24 00:00:00;05:00;2017-09-24 05:00:00;;;-3.6;-4.3;4.79375;0.0;4.79375
30622;2017-09-24 00:00:00;02:00;2017-09-24 02:00:00;;;-1.9;-3.4;4.79375;0.0;4.79375
30622;2017-09-23 00:00:00;23:00;2017-09-23 23:00:00;;;3.9;-0.4;44.9015625;3.0;128.62453125000002
30622;2017-09-23 00:00:00;20:00;2017-09-23 20:00:00;;0.0;8.6;0.2;44.9015625;3.0;128.62453125000002
30622;2017-09-23 00:00:00;17:00;2017-09-23 17:00:00;;;11.6;-0.7;44.9015625;3.0;128.62453125000002
30622;2017-09-23 00:00:00;14:00;2017-09-23 14:00:00;;;10.4;0.8;44.9015625;3.0;128.62453125000002
30622;2017-09-23 00:00:00;11:00;2017-09-23 11:00:00;;;7.2;1.8;44.9015625;3.0;128.62453125000002
30622;2017-09-23 00:00:00;08:00;2017-09-23 08:00:00;;0.3;4.6;1.6;44.9015625;3.0;128.62453125000002
30622;2017-09-23 00:00:00;05:00;2017-09-23 05:00:00;;;4.2;0.4;44.9015625;3.0;128.62453125000002
30622;2017-09-23 00:00:00;02:00;2017-09-23 02:00:00;;;5.3;0.6;44.9015625;3.0;128.62453125000002
30622;2017-09-22 00:00:00;23:00;2017-09-22 23:00:00;;;7.4;0.1;29.13515625;2.0;83.72296875
30622;2017-09-22 00:00:00;20:00;2017-09-22 20:00:00;;0.0;8.2;-0.5;29.13515625;2.0;83.72296875
30622;2017-09-22 00:00:00;17:00;2017-09-22 17:00:00;;;11.2;-1.6;29.13515625;2.0;83.72296875
30622;2017-09-22 00:00:00;14:00;2017-09-22 14:00:00;;;10.5;-1.9;29.13515625;2.0;83.72296875
30622;2017-09-22 00:00:00;11:00;2017-09-22 11:00:00;;;1.4;0.3;29.13515625;2.0;83.72296875
30622;2017-09-22 00:00:00;08:00;2017-09-22 08:00:00;;0.0;-1.1;-2.1;29.13515625;2.0;83.72296875
30622;2017-09-22 00:00:00;05:00;2017-09-22 05:00:00;;;-0.4;-1.4;29.13515625;2.0;83.72296875
30622;2017-09-22 00:00:00;02:00;2017-09-22 02:00:00;;;2.9;0.7;29.13515625;2.0;83.72296875
30622;2017-09-21 00:00:00;23:00;2017-09-21 23:00:00;;;5.0;1.7;31.679999999999996;1.0;54.5878125
30622;2017-09-21 00:00:00;20:00;2017-09-21 20:00:00;;0.3;5.8;2.6;31.679999999999996;1.0;54.5878125
30622;2017-09-21 00:00:00;17:00;2017-09-21 17:00:00;;;10.0;2.9;31.679999999999996;1.0;54.5878125
30622;2017-09-21 00:00:00;14:00;2017-09-21 14:00:00;;;9.5;0.1;31.679999999999996;1.0;54.5878125
30622;2017-09-21 00:00:00;11:00;2017-09-21 11:00:00;;;6.7;-0.2;31.679999999999996;1.0;54.5878125
30622;2017-09-21 00:00:00;08:00;2017-09-21 08:00:00;;0.6;4.8;1.2;31.679999999999996;1.0;54.5878125
30622;2017-09-21 00:00:00;05:00;2017-09-21 05:00:00;;;5.0;2.3;31.679999999999996;1.0;54.5878125
30622;2017-09-21 00:00:00;02:00;2017-09-21 02:00:00;;;6.0;3.8;31.679999999999996;1.0;54.5878125
30622;2017-09-20 00:00:00;23:00;2017-09-20 23:00:00;;;6.6;5.4;22.907812500000002;0.0;22.907812500000002
30622;2017-09-20 00:00:00;20:00;2017-09-20 20:00:00;;10.0;8.6;7.5;22.907812500000002;0.0;22.907812500000002
30622;2017-09-20 00:00:00;17:00;2017-09-20 17:00:00;;;10.0;8.5;22.907812500000002;0.0;22.907812500000002
30622;2017-09-20 00:00:00;14:00;2017-09-20 14:00:00;;;10.7;9.7;22.907812500000002;0.0;22.907812500000002
30622;2017-09-20 00:00:00;11:00;2017-09-20 11:00:00;;;13.3;9.9;22.907812500000002;0.0;22.907812500000002
30622;2017-09-20 00:00:00;08:00;2017-09-20 08:00:00;;2.0;9.6;8.6;22.907812500000002;0.0;22.907812500000002
30622;2017-09-20 00:00:00;05:00;2017-09-20 05:00:00;;;9.7;8.5;22.907812500000002;0.0;22.907812500000002
30622;2017-09-20 00:00:00;02:00;2017-09-20 02:00:00;;;12.5;4.8;22.907812500000002;0.0;22.907812500000002
30622;2017-09-19 00:00:00;23:00;2017-09-19 23:00:00;;;11.4;5.6;71.77499999999999;10.0;543.9573437500001
30622;2017-09-19 00:00:00;20:00;2017-09-19 20:00:00;;0.0;16.4;3.7;71.77499999999999;10.0;543.9573437500001
30622;2017-09-19 00:00:00;17:00;2017-09-19 17:00:00;;;20.6;2.9;71.77499999999999;10.0;543.9573437500001
30622;2017-09-19 00:00:00;14:00;2017-09-19 14:00:00;;;16.9;0.5;71.77499999999999;10.0;543.9573437500001
30622;2017-09-19 00:00:00;11:00;2017-09-19 11:00:00;;;8.3;1.2;71.77499999999999;10.0;543.9573437500001
30622;2017-09-19 00:00:00;08:00;2017-09-19 08:00:00;;0.0;0.3;-1.5;71.77499999999999;10.0;543.9573437500001
30622;2017-09-19 00:00:00;05:00;2017-09-19 05:00:00;;;-1.3;-2.4;71.77499999999999;10.0;543.9573437500001
30622;2017-09-19 00:00:00;02:00;2017-09-19 02:00:00;;;-0.6;-1.8;71.77499999999999;10.0;543.9573437500001
30622;2017-09-18 00:00:00;23:00;2017-09-18 23:00:00;;;2.9;-0.2;39.748125;9.0;472.18234375000003
30622;2017-09-18 00:00:00;20:00;2017-09-18 20:00:00;;0.0;7.9;0.1;39.748125;9.0;472.18234375000003
30622;2017-09-18 00:00:00;17:00;2017-09-18 17:00:00;;;11.6;0.3;39.748125;9.0;472.18234375000003
30622;2017-09-18 00:00:00;14:00;2017-09-18 14:00:00;;;9.8;-0.5;39.748125;9.0;472.18234375000003
30622;2017-09-18 00:00:00;11:00;2017-09-18 11:00:00;;;6.4;0.4;39.748125;9.0;472.18234375000003
30622;2017-09-18 00:00:00;08:00;2017-09-18 08:00:00;;0.6;4.0;0.7;39.748125;9.0;472.18234375000003
30622;2017-09-18 00:00:00;05:00;2017-09-18 05:00:00;;;4.3;0.6;39.748125;9.0;472.18234375000003
30622;2017-09-18 00:00:00;02:00;2017-09-18 02:00:00;;;4.7;0.9;39.748125;9.0;472.18234375000003
30622;2017-09-17 00:00:00;23:00;2017-09-17 23:00:00;;;6.1;0.8;43.35609375000001;8.0;432.43421875
30622;2017-09-17 00:00:00;20:00;2017-09-17 20:00:00;;0.6;9.6;5.3;43.35609375000001;8.0;432.43421875
30622;2017-09-17 00:00:00;17:00;2017-09-17 17:00:00;;;12.5;9.1;43.35609375000001;8.0;432.43421875
30622;2017-09-17 00:00:00;14:00;2017-09-17 14:00:00;;;16.2;5.8;43.35609375000001;8.0;432.43421875
30622;2017-09-17 00:00:00;11:00;2017-09-17 11:00:00;;;13.6;4.8;43.35609375000001;8.0;432.43421875
30622;2017-09-17 00:00:00;08:00;2017-09-17 08:00:00;;0.0;4.4;2.2;43.35609375000001;8.0;432.43421875
30622;2017-09-17 00:00:00;05:00;2017-09-17 05:00:00;;;5.1;2.8;43.35609375000001;8.0;432.43421875
30622;2017-09-17 00:00:00;02:00;2017-09-17 02:00:00;;;4.2;2.2;43.35609375000001;8.0;432.43421875
30622;2017-09-16 00:00:00;23:00;2017-09-16 23:00:00;;;11.4;3.1;84.8971875;7.0;389.078125
30622;2017-09-16 00:00:00;20:00;2017-09-16 20:00:00;;0.0;12.9;2.9;84.8971875;7.0;389.078125
30622;2017-09-16 00:00:00;17:00;2017-09-16 17:00:00;;;19.2;3.1;84.8971875;7.0;389.078125
30622;2017-09-16 00:00:00;14:00;2017-09-16 14:00:00;;;17.0;4.2;84.8971875;7.0;389.078125
30622;2017-09-16 00:00:00;11:00;2017-09-16 11:00:00;;;12.0;2.6;84.8971875;7.0;389.078125
30622;2017-09-16 00:00:00;08:00;2017-09-16 08:00:00;;0.0;4.4;0.1;84.8971875;7.0;389.078125
30622;2017-09-16 00:00:00;05:00;2017-09-16 05:00:00;;;3.1;0.3;84.8971875;7.0;389.078125
30622;2017-09-16 00:00:00;02:00;2017-09-16 02:00:00;;;2.2;-0.2;84.8971875;7.0;389.078125
30622;2017-09-15 00:00:00;23:00;2017-09-15 23:00:00;;;3.1;-1.3;76.45453124999999;6.0;304.1809375
30622;2017-09-15 00:00:00;20:00;2017-09-15 20:00:00;;0.0;8.5;-1.5;76.45453124999999;6.0;304.1809375
30622;2017-09-15 00:00:00;17:00;2017-09-15 17:00:00;;;14.6;-2.7;76.45453124999999;6.0;304.1809375
30622;2017-09-15 00:00:00;14:00;2017-09-15 14:00:00;;;13.4;-3.5;76.45453124999999;6.0;304.1809375
30622;2017-09-15 00:00:00;11:00;2017-09-15 11:00:00;;;10.4;-1.5;76.45453124999999;6.0;304.1809375
30622;2017-09-15 00:00:00;08:00;2017-09-15 08:00:00;;0.0;2.0;-2.2;76.45453124999999;6.0;304.1809375
30622;2017-09-15 00:00:00;05:00;2017-09-15 05:00:00;;;4.4;-1.3;76.45453124999999;6.0;304.1809375
30622;2017-09-15 00:00:00;02:00;2017-09-15 02:00:00;;;6.9;0.0;76.45453124999999;6.0;304.1809375
30622;2017-09-14 00:00:00;23:00;2017-09-14 23:00:00;;;10.8;-0.1;157.80375000000004;5.0;227.72640625000003
30622;2017-09-14 00:00:00;20:00;2017-09-14 20:00:00;;0.0;11.7;-0.4;157.80375000000004;5.0;227.72640625000003
30622;2017-09-14 00:00:00;17:00;2017-09-14 17:00:00;;;18.3;-1.5;157.80375000000004;5.0;227.72640625000003
30622;2017-09-14 00:00:00;14:00;2017-09-14 14:00:00;;;18.4;-1.8;157.80375000000004;5.0;227.72640625000003
30622;2017-09-14 00:00:00;11:00;2017-09-14 11:00:00;;;15.7;2.2;157.80375000000004;5.0;227.72640625000003
30622;2017-09-14 00:00:00;08:00;2017-09-14 08:00:00;;0.0;8.2;5.3;157.80375000000004;5.0;227.72640625000003
30622;2017-09-14 00:00:00;05:00;2017-09-14 05:00:00;;;10.4;6.3;157.80375000000004;5.0;227.72640625000003
30622;2017-09-14 00:00:00;02:00;2017-09-14 02:00:00;;;14.4;4.3;157.80375000000004;5.0;227.72640625000003
30622;2017-09-13 00:00:00;23:00;2017-09-13 23:00:00;;;15.8;5.6;134.54437499999997;4.0;69.92265624999999
30622;2017-09-13 00:00:00;20:00;2017-09-13 20:00:00;;0.0;20.2;3.6;134.54437499999997;4.0;69.92265624999999
30622;2017-09-13 00:00:00;17:00;2017-09-13 17:00:00;;;26.5;5.5;134.54437499999997;4.0;69.92265624999999
30622;2017-09-13 00:00:00;14:00;2017-09-13 14:00:00;;;23.7;4.5;134.54437499999997;4.0;69.92265624999999
30622;2017-09-13 00:00:00;11:00;2017-09-13 11:00:00;;;11.4;3.7;134.54437499999997;4.0;69.92265624999999
30622;2017-09-13 00:00:00;08:00;2017-09-13 08:00:00;;0.0;3.8;1.6;134.54437499999997;4.0;69.92265624999999
30622;2017-09-13 00:00:00;05:00;2017-09-13 05:00:00;;;1.2;0.2;134.54437499999997;4.0;69.92265624999999
30622;2017-09-13 00:00:00;02:00;2017-09-13 02:00:00;;;4.5;2.0;134.54437499999997;4.0;69.92265624999999
30622;2017-12-09 00:00:00;23:00;2017-12-09 23:00:00;;;7.4;3.2;73.2025;39.0;-734.1831250000001
30622;2017-12-09 00:00:00;20:00;2017-12-09 20:00:00;;0.0;15.4;2.9;73.2025;39.0;-734.1831250000001
30622;2017-12-09 00:00:00;17:00;2017-12-09 17:00:00;;;21.3;3.0;73.2025;39.0;-734.1831250000001
30622;2017-12-09 00:00:00;14:00;2017-12-09 14:00:00;;;16.3;1.5;73.2025;39.0;-734.1831250000001
30622;2017-12-09 00:00:00;11:00;2017-12-09 11:00:00;;;9.5;0.2;73.2025;39.0;-734.1831250000001
30622;2017-12-09 00:00:00;08:00;2017-12-09 08:00:00;;0.0;0.8;-2.2;73.2025;39.0;-734.1831250000001
30622;2017-12-09 00:00:00;05:00;2017-12-09 05:00:00;;;-1.4;-2.8;73.2025;39.0;-734.1831250000001
30622;2017-12-09 00:00:00;02:00;2017-12-09 02:00:00;;;1.9;-0.4;73.2025;39.0;-734.1831250000001
30622;2017-11-09 00:00:00;23:00;2017-11-09 23:00:00;;;9.8;0.0;45.92015624999999;9.0;315.93859375
30622;2017-11-09 00:00:00;20:00;2017-11-09 20:00:00;;0.0;10.0;1.0;45.92015624999999;9.0;315.93859375
30622;2017-11-09 00:00:00;17:00;2017-11-09 17:00:00;;;16.8;-1.4;45.92015624999999;9.0;315.93859375
30622;2017-11-09 00:00:00;14:00;2017-11-09 14:00:00;;;14.2;-1.7;45.92015624999999;9.0;315.93859375
30622;2017-11-09 00:00:00;11:00;2017-11-09 11:00:00;;;5.7;1.0;45.92015624999999;9.0;315.93859375
30622;2017-11-09 00:00:00;08:00;2017-11-09 08:00:00;;0.0;-2.5;-3.1;45.92015624999999;9.0;315.93859375
30622;2017-11-09 00:00:00;05:00;2017-11-09 05:00:00;;;-3.8;-4.5;45.92015624999999;9.0;315.93859375
30622;2017-11-09 00:00:00;02:00;2017-11-09 02:00:00;;;-1.3;-2.5;45.92015624999999;9.0;315.93859375
30622;2017-10-09 00:00:00;23:00;2017-10-09 23:00:00;;;0.9;-1.0;32.434374999999996;4.0;641.4112500000002
30622;2017-10-09 00:00:00;20:00;2017-10-09 20:00:00;;0.0;6.7;0.6;32.434374999999996;4.0;641.4112500000002
30622;2017-10-09 00:00:00;17:00;2017-10-09 17:00:00;;;11.1;0.0;32.434374999999996;4.0;641.4112500000002
30622;2017-10-09 00:00:00;14:00;2017-10-09 14:00:00;;;10.9;-0.4;32.434374999999996;4.0;641.4112500000002
30622;2017-10-09 00:00:00;11:00;2017-10-09 11:00:00;;;9.5;2.7;32.434374999999996;4.0;641.4112500000002
30622;2017-10-09 00:00:00;08:00;2017-10-09 08:00:00;;0.0;1.7;0.3;32.434374999999996;4.0;641.4112500000002
30622;2017-10-09 00:00:00;05:00;2017-10-09 05:00:00;;;2.6;0.7;32.434374999999996;4.0;641.4112500000002
30622;2017-10-09 00:00:00;02:00;2017-10-09 02:00:00;;;5.1;2.8;32.434374999999996;4.0;641.4112500000002
30622;2017-09-09 00:00:00;23:00;2017-09-09 23:00:00;;;6.6;2.7;39.0484375;0.0;39.0484375
30622;2017-09-09 00:00:00;20:00;2017-09-09 20:00:00;;2.0;7.7;3.8;39.0484375;0.0;39.0484375
30622;2017-09-09 00:00:00;17:00;2017-09-09 17:00:00;;;10.7;2.4;39.0484375;0.0;39.0484375
30622;2017-09-09 00:00:00;14:00;2017-09-09 14:00:00;;;10.1;3.4;39.0484375;0.0;39.0484375
30622;2017-09-09 00:00:00;11:00;2017-09-09 11:00:00;;;7.1;5.7;39.0484375;0.0;39.0484375
30622;2017-09-09 00:00:00;08:00;2017-09-09 08:00:00;;3.0;5.3;4.1;39.0484375;0.0;39.0484375
30622;2017-09-09 00:00:00;05:00;2017-09-09 05:00:00;;;9.0;2.7;39.0484375;0.0;39.0484375
30622;2017-09-09 00:00:00;02:00;2017-09-09 02:00:00;;;10.5;4.9;39.0484375;0.0;39.0484375
30622;2017-08-09 00:00:00;23:00;2017-08-09 23:00:00;;;12.3;7.3;79.52406250000001;12.0;887.11953125
30622;2017-08-09 00:00:00;20:00;2017-08-09 20:00:00;;0.0;17.9;5.9;79.52406250000001;12.0;887.11953125
30622;2017-08-09 00:00:00;17:00;2017-08-09 17:00:00;;;22.0;4.6;79.52406250000001;12.0;887.11953125
30622;2017-08-09 00:00:00;14:00;2017-08-09 14:00:00;;;20.3;3.2;79.52406250000001;12.0;887.11953125
30622;2017-08-09 00:00:00;11:00;2017-08-09 11:00:00;;;11.2;2.5;79.52406250000001;12.0;887.11953125
30622;2017-08-09 00:00:00;08:00;2017-08-09 08:00:00;;0.0;0.0;-2.2;79.52406250000001;12.0;887.11953125
30622;2017-08-09 00:00:00;05:00;2017-08-09 05:00:00;;;-3.3;-4.0;79.52406250000001;12.0;887.11953125
30622;2017-08-09 00:00:00;02:00;2017-08-09 02:00:00;;;-1.0;-2.0;79.52406250000001;12.0;887.11953125
30622;2017-07-09 00:00:00;23:00;2017-07-09 23:00:00;;;1.7;-0.2;49.084375;21.0;3642.44875
30622;2017-07-09 00:00:00;20:00;2017-07-09 20:00:00;;0.0;10.2;0.6;49.084375;21.0;3642.44875
30622;2017-07-09 00:00:00;17:00;2017-07-09 17:00:00;;;15.5;-0.6;49.084375;21.0;3642.44875
30622;2017-07-09 00:00:00;14:00;2017-07-09 14:00:00;;;13.8;-1.0;49.084375;21.0;3642.44875
30622;2017-07-09 00:00:00;11:00;2017-07-09 11:00:00;;;9.4;2.0;49.084375;21.0;3642.44875
30622;2017-07-09 00:00:00;08:00;2017-07-09 08:00:00;;0.0;0.7;-0.8;49.084375;21.0;3642.44875
30622;2017-07-09 00:00:00;05:00;2017-07-09 05:00:00;;;1.1;-0.7;49.084375;21.0;3642.44875
30622;2017-07-09 00:00:00;02:00;2017-07-09 02:00:00;;;3.2;-0.2;49.084375;21.0;3642.44875
30622;2017-06-09 00:00:00;23:00;2017-06-09 23:00:00;;;7.5;-0.1;54.876250000000006;4.0;423.96140625
30622;2017-06-09 00:00:00;20:00;2017-06-09 20:00:00;;0.0;9.9;-1.8;54.876250000000006;4.0;423.96140625
30622;2017-06-09 00:00:00;17:00;2017-06-09 17:00:00;;;12.4;-2.1;54.876250000000006;4.0;423.96140625
30622;2017-06-09 00:00:00;14:00;2017-06-09 14:00:00;;;12.8;-0.6;54.876250000000006;4.0;423.96140625
30622;2017-06-09 00:00:00;11:00;2017-06-09 11:00:00;;;10.5;-0.2;54.876250000000006;4.0;423.96140625
30622;2017-06-09 00:00:00;08:00;2017-06-09 08:00:00;;0.0;2.6;0.9;54.876250000000006;4.0;423.96140625
30622;2017-06-09 00:00:00;05:00;2017-06-09 05:00:00;;;0.5;-0.3;54.876250000000006;4.0;423.96140625
30622;2017-06-09 00:00:00;02:00;2017-06-09 02:00:00;;;1.0;0.0;54.876250000000006;4.0;423.96140625
30622;2017-05-09 00:00:00;23:00;2017-05-09 23:00:00;;;3.3;0.6;64.0;2.0;289.87359375000005
30622;2017-05-09 00:00:00;20:00;2017-05-09 20:00:00;;0.0;10.4;0.3;64.0;2.0;289.87359375000005
30622;2017-05-09 00:00:00;17:00;2017-05-09 17:00:00;;;15.4;-0.8;64.0;2.0;289.87359375000005
30622;2017-05-09 00:00:00;14:00;2017-05-09 14:00:00;;;14.4;3.2;64.0;2.0;289.87359375000005
30622;2017-05-09 00:00:00;11:00;2017-05-09 11:00:00;;0.3;8.6;6.6;64.0;2.0;289.87359375000005
30622;2017-05-09 00:00:00;08:00;2017-05-09 08:00:00;;0.3;8.6;6.6;64.0;2.0;289.87359375000005
30622;2017-05-09 00:00:00;05:00;2017-05-09 05:00:00;;;8.9;6.4;64.0;2.0;289.87359375000005
30622;2017-05-09 00:00:00;02:00;2017-05-09 02:00:00;;;10.4;5.9;64.0;2.0;289.87359375000005
30622;2017-04-09 00:00:00;23:00;2017-04-09 23:00:00;;;9.3;6.4;59.74046874999999;2.0;313.08234374999995
30622;2017-04-09 00:00:00;20:00;2017-04-09 20:00:00;;0.0;13.4;7.0;59.74046874999999;2.0;313.08234374999995
30622;2017-04-09 00:00:00;17:00;2017-04-09 17:00:00;;;17.3;4.3;59.74046874999999;2.0;313.08234374999995
30622;2017-04-09 00:00:00;14:00;2017-04-09 14:00:00;;;15.8;4.1;59.74046874999999;2.0;313.08234374999995
30622;2017-04-09 00:00:00;11:00;2017-04-09 11:00:00;;;12.6;6.7;59.74046874999999;2.0;313.08234374999995
30622;2017-04-09 00:00:00;08:00;2017-04-09 08:00:00;;0.0;6.8;5.4;59.74046874999999;2.0;313.08234374999995
30622;2017-04-09 00:00:00;05:00;2017-04-09 05:00:00;;;5.3;4.4;59.74046874999999;2.0;313.08234374999995
30622;2017-04-09 00:00:00;02:00;2017-04-09 02:00:00;;;7.8;6.7;59.74046874999999;2.0;313.08234374999995
30622;2017-03-09 00:00:00;23:00;2017-03-09 23:00:00;;;9.7;8.2;18.777499999999996;0.0;18.777499999999996
30622;2017-03-09 00:00:00;20:00;2017-03-09 20:00:00;;8.0;11.3;8.5;18.777499999999996;0.0;18.777499999999996
30622;2017-03-09 00:00:00;17:00;2017-03-09 17:00:00;;;13.3;10.8;18.777499999999996;0.0;18.777499999999996
30622;2017-03-09 00:00:00;14:00;2017-03-09 14:00:00;;;11.8;10.8;18.777499999999996;0.0;18.777499999999996
30622;2017-03-09 00:00:00;11:00;2017-03-09 11:00:00;;;10.7;9.7;18.777499999999996;0.0;18.777499999999996
30622;2017-03-09 00:00:00;08:00;2017-03-09 08:00:00;;0.0;8.9;7.0;18.777499999999996;0.0;18.777499999999996
30622;2017-03-09 00:00:00;05:00;2017-03-09 05:00:00;;;7.4;5.6;18.777499999999996;0.0;18.777499999999996
30622;2017-03-09 00:00:00;02:00;2017-03-09 02:00:00;;;8.1;5.8;18.777499999999996;0.0;18.777499999999996
30622;2017-02-09 00:00:00;23:00;2017-02-09 23:00:00;;;8.2;4.6;84.90109374999999;2.0;412.14171874999994
30622;2017-02-09 00:00:00;20:00;2017-02-09 20:00:00;;0.0;14.8;5.4;84.90109374999999;2.0;412.14171874999994
30622;2017-02-09 00:00:00;17:00;2017-02-09 17:00:00;;;21.2;4.1;84.90109374999999;2.0;412.14171874999994
30622;2017-02-09 00:00:00;14:00;2017-02-09 14:00:00;;;18.5;6.6;84.90109374999999;2.0;412.14171874999994
30622;2017-02-09 00:00:00;11:00;2017-02-09 11:00:00;;;14.4;9.0;84.90109374999999;2.0;412.14171874999994
30622;2017-02-09 00:00:00;08:00;2017-02-09 08:00:00;;0.0;8.8;7.4;84.90109374999999;2.0;412.14171874999994
30622;2017-02-09 00:00:00;05:00;2017-02-09 05:00:00;;;9.9;8.5;84.90109374999999;2.0;412.14171874999994
30622;2017-02-09 00:00:00;02:00;2017-02-09 02:00:00;;;9.3;7.8;84.90109374999999;2.0;412.14171874999994
30622;2017-01-09 00:00:00;23:00;2017-01-09 23:00:00;;;13.1;10.5;76.459375;3.0;549.2173437499999
30622;2017-01-09 00:00:00;20:00;2017-01-09 20:00:00;;0.0;16.4;11.0;76.459375;3.0;549.2173437499999
30622;2017-01-09 00:00:00;17:00;2017-01-09 17:00:00;;;22.1;10.6;76.459375;3.0;549.2173437499999
30622;2017-01-09 00:00:00;14:00;2017-01-09 14:00:00;;;22.7;9.5;76.459375;3.0;549.2173437499999
30622;2017-01-09 00:00:00;11:00;2017-01-09 11:00:00;;;16.1;9.9;76.459375;3.0;549.2173437499999
30622;2017-01-09 00:00:00;08:00;2017-01-09 08:00:00;;0.0;9.7;7.6;76.459375;3.0;549.2173437499999
30622;2017-01-09 00:00:00;05:00;2017-01-09 05:00:00;;;6.5;5.6;76.459375;3.0;549.2173437499999
30622;2017-01-09 00:00:00;02:00;2017-01-09 02:00:00;;;7.2;6.1;76.459375;3.0;549.2173437499999
30622;2017-08-31 00:00:00;23:00;2017-08-31 23:00:00;;;11.4;8.1;100.625625;15.0;1150.9334375
30622;2017-08-31 00:00:00;20:00;2017-08-31 20:00:00;;0.0;18.7;9.0;100.625625;15.0;1150.9334375
30622;2017-08-31 00:00:00;17:00;2017-08-31 17:00:00;;;24.8;7.0;100.625625;15.0;1150.9334375
30622;2017-08-31 00:00:00;14:00;2017-08-31 14:00:00;;;24.8;6.0;100.625625;15.0;1150.9334375
30622;2017-08-31 00:00:00;11:00;2017-08-31 11:00:00;;;14.7;7.3;100.625625;15.0;1150.9334375
30622;2017-08-31 00:00:00;08:00;2017-08-31 08:00:00;;0.0;4.8;3.3;100.625625;15.0;1150.9334375
30622;2017-08-31 00:00:00;05:00;2017-08-31 05:00:00;;;2.6;2.0;100.625625;15.0;1150.9334375
30622;2017-08-31 00:00:00;02:00;2017-08-31 02:00:00;;;5.0;3.8;100.625625;15.0;1150.9334375
30622;2017-08-30 00:00:00;23:00;2017-08-30 23:00:00;;;8.0;4.8;93.68906249999999;14.0;1050.3078125000002
30622;2017-08-30 00:00:00;20:00;2017-08-30 20:00:00;;0.0;17.1;5.5;93.68906249999999;14.0;1050.3078125000002
30622;2017-08-30 00:00:00;17:00;2017-08-30 17:00:00;;;23.9;2.8;93.68906249999999;14.0;1050.3078125000002
30622;2017-08-30 00:00:00;14:00;2017-08-30 14:00:00;;;20.7;1.3;93.68906249999999;14.0;1050.3078125000002
30622;2017-08-30 00:00:00;11:00;2017-08-30 11:00:00;;;12.7;3.1;93.68906249999999;14.0;1050.3078125000002
30622;2017-08-30 00:00:00;08:00;2017-08-30 08:00:00;;0.0;2.4;0.3;93.68906249999999;14.0;1050.3078125000002
30622;2017-08-30 00:00:00;05:00;2017-08-30 05:00:00;;;-0.2;-0.8;93.68906249999999;14.0;1050.3078125000002
30622;2017-08-30 00:00:00;02:00;2017-08-30 02:00:00;;;2.3;0.9;93.68906249999999;14.0;1050.3078125000002
30622;2017-08-29 00:00:00;23:00;2017-08-29 23:00:00;;;6.4;2.5;72.78328125000002;13.0;956.6187500000001
30622;2017-08-29 00:00:00;20:00;2017-08-29 20:00:00;;0.0;14.0;1.1;72.78328125000002;13.0;956.6187500000001
30622;2017-08-29 00:00:00;17:00;2017-08-29 17:00:00;;;18.7;-1.4;72.78328125000002;13.0;956.6187500000001
30622;2017-08-29 00:00:00;14:00;2017-08-29 14:00:00;;;16.9;-2.3;72.78328125000002;13.0;956.6187500000001
30622;2017-08-29 00:00:00;11:00;2017-08-29 11:00:00;;;10.0;-0.5;72.78328125000002;13.0;956.6187500000001
30622;2017-08-29 00:00:00;08:00;2017-08-29 08:00:00;;0.0;0.5;-1.5;72.78328125000002;13.0;956.6187500000001
30622;2017-08-29 00:00:00;05:00;2017-08-29 05:00:00;;;-1.6;-2.5;72.78328125000002;13.0;956.6187500000001
30622;2017-08-29 00:00:00;02:00;2017-08-29 02:00:00;;;0.8;-0.6;72.78328125000002;13.0;956.6187500000001
30622;2017-08-28 00:00:00;23:00;2017-08-28 23:00:00;;;5.2;0.5;33.220000000000006;12.0;883.8354687500001
30622;2017-08-28 00:00:00;20:00;2017-08-28 20:00:00;;0.0;8.5;-1.7;33.220000000000006;12.0;883.8354687500001
30622;2017-08-28 00:00:00;17:00;2017-08-28 17:00:00;;;13.1;-6.7;33.220000000000006;12.0;883.8354687500001
30622;2017-08-28 00:00:00;14:00;2017-08-28 14:00:00;;;11.9;-5.9;33.220000000000006;12.0;883.8354687500001
30622;2017-08-28 00:00:00;11:00;2017-08-28 11:00:00;;;4.4;-0.7;33.220000000000006;12.0;883.8354687500001
30622;2017-08-28 00:00:00;08:00;2017-08-28 08:00:00;;0.0;-3.4;-3.9;33.220000000000006;12.0;883.8354687500001
30622;2017-08-28 00:00:00;05:00;2017-08-28 05:00:00;;;-3.1;-4.1;33.220000000000006;12.0;883.8354687500001
30622;2017-08-28 00:00:00;02:00;2017-08-28 02:00:00;;;-1.4;-2.7;33.220000000000006;12.0;883.8354687500001
30622;2017-08-27 00:00:00;23:00;2017-08-27 23:00:00;;;-1.2;-2.1;11.473749999999999;11.0;850.6154687500001
30622;2017-08-27 00:00:00;20:00;2017-08-27 20:00:00;;0.3;3.4;0.3;11.473749999999999;11.0;850.6154687500001
30622;2017-08-27 00:00:00;17:00;2017-08-27 17:00:00;;;6.5;0.1;11.473749999999999;11.0;850.6154687500001
30622;2017-08-27 00:00:00;14:00;2017-08-27 14:00:00;;;6.4;-1.3;11.473749999999999;11.0;850.6154687500001
30622;2017-08-27 00:00:00;11:00;2017-08-27 11:00:00;;;5.4;-0.1;11.473749999999999;11.0;850.6154687500001
30622;2017-08-27 00:00:00;08:00;2017-08-27 08:00:00;;2.0;2.8;1.3;11.473749999999999;11.0;850.6154687500001
30622;2017-08-27 00:00:00;05:00;2017-08-27 05:00:00;;;1.2;0.3;11.473749999999999;11.0;850.6154687500001
30622;2017-08-27 00:00:00;02:00;2017-08-27 02:00:00;;;2.9;2.1;11.473749999999999;11.0;850.6154687500001
30622;2017-08-26 00:00:00;23:00;2017-08-26 23:00:00;;;4.3;2.9;31.428124999999994;10.0;839.1417187500001
30622;2017-08-26 00:00:00;20:00;2017-08-26 20:00:00;;1.0;7.4;4.4;31.428124999999994;10.0;839.1417187500001
30622;2017-08-26 00:00:00;17:00;2017-08-26 17:00:00;;;6.2;3.9;31.428124999999994;10.0;839.1417187500001
30622;2017-08-26 00:00:00;14:00;2017-08-26 14:00:00;;;12.4;-0.3;31.428124999999994;10.0;839.1417187500001
30622;2017-08-26 00:00:00;11:00;2017-08-26 11:00:00;;;12.2;-0.4;31.428124999999994;10.0;839.1417187500001
30622;2017-08-26 00:00:00;08:00;2017-08-26 08:00:00;;0.0;5.5;4.1;31.428124999999994;10.0;839.1417187500001
30622;2017-08-26 00:00:00;05:00;2017-08-26 05:00:00;;;5.0;3.6;31.428124999999994;10.0;839.1417187500001
30622;2017-08-26 00:00:00;02:00;2017-08-26 02:00:00;;;3.5;2.7;31.428124999999994;10.0;839.1417187500001
30622;2017-08-25 00:00:00;23:00;2017-08-25 23:00:00;;;8.5;6.2;21.815781249999993;9.0;807.7135937500001
30622;2017-08-25 00:00:00;20:00;2017-08-25 20:00:00;;1.0;10.1;5.8;21.815781249999993;9.0;807.7135937500001
30622;2017-08-25 00:00:00;17:00;2017-08-25 17:00:00;;;11.2;6.2;21.815781249999993;9.0;807.7135937500001
30622;2017-08-25 00:00:00;14:00;2017-08-25 14:00:00;;;11.8;8.4;21.815781249999993;9.0;807.7135937500001
30622;2017-08-25 00:00:00;11:00;2017-08-25 11:00:00;;;11.0;9.6;21.815781249999993;9.0;807.7135937500001
30622;2017-08-25 00:00:00;08:00;2017-08-25 08:00:00;;2.0;7.3;6.7;21.815781249999993;9.0;807.7135937500001
30622;2017-08-25 00:00:00;05:00;2017-08-25 05:00:00;;;6.6;5.7;21.815781249999993;9.0;807.7135937500001
30622;2017-08-25 00:00:00;02:00;2017-08-25 02:00:00;;;6.6;5.4;21.815781249999993;9.0;807.7135937500001
30622;2017-08-24 00:00:00;23:00;2017-08-24 23:00:00;;;6.4;4.6;50.231249999999996;8.0;785.8978125000001
30622;2017-08-24 00:00:00;20:00;2017-08-24 20:00:00;;0.3;10.4;4.7;50.231249999999996;8.0;785.8978125000001
30622;2017-08-24 00:00:00;17:00;2017-08-24 17:00:00;;;15.1;3.4;50.231249999999996;8.0;785.8978125000001
30622;2017-08-24 00:00:00;14:00;2017-08-24 14:00:00;;;14.5;6.1;50.231249999999996;8.0;785.8978125000001
30622;2017-08-24 00:00:00;11:00;2017-08-24 11:00:00;;;13.5;7.9;50.231249999999996;8.0;785.8978125000001
30622;2017-08-24 00:00:00;08:00;2017-08-24 08:00:00;;2.0;9.8;8.6;50.231249999999996;8.0;785.8978125000001
30622;2017-08-24 00:00:00;05:00;2017-08-24 05:00:00;;;9.9;9.0;50.231249999999996;8.0;785.8978125000001
30622;2017-08-24 00:00:00;02:00;2017-08-24 02:00:00;;;9.7;9.0;50.231249999999996;8.0;785.8978125000001
30622;2017-08-23 00:00:00;23:00;2017-08-23 23:00:00;;;10.0;9.2;40.84249999999998;7.0;735.6665625
30622;2017-08-23 00:00:00;20:00;2017-08-23 20:00:00;;2.0;10.9;8.4;40.84249999999998;7.0;735.6665625
30622;2017-08-23 00:00:00;17:00;2017-08-23 17:00:00;;;14.3;9.2;40.84249999999998;7.0;735.6665625
30622;2017-08-23 00:00:00;14:00;2017-08-23 14:00:00;;;13.7;7.3;40.84249999999998;7.0;735.6665625
30622;2017-08-23 00:00:00;11:00;2017-08-23 11:00:00;;;16.2;9.3;40.84249999999998;7.0;735.6665625
30622;2017-08-23 00:00:00;08:00;2017-08-23 08:00:00;;0.3;10.2;8.6;40.84249999999998;7.0;735.6665625
30622;2017-08-23 00:00:00;05:00;2017-08-23 05:00:00;;;9.9;8.4;40.84249999999998;7.0;735.6665625
30622;2017-08-23 00:00:00;02:00;2017-08-23 02:00:00;;;10.9;8.5;40.84249999999998;7.0;735.6665625
30622;2017-08-22 00:00:00;23:00;2017-08-22 23:00:00;;;12.3;8.4;63.765625;6.0;694.8240625000001
30622;2017-08-22 00:00:00;20:00;2017-08-22 20:00:00;;0.0;14.0;7.8;63.765625;6.0;694.8240625000001
30622;2017-08-22 00:00:00;17:00;2017-08-22 17:00:00;;;15.6;8.0;63.765625;6.0;694.8240625000001
30622;2017-08-22 00:00:00;14:00;2017-08-22 14:00:00;;;15.4;8.2;63.765625;6.0;694.8240625000001
30622;2017-08-22 00:00:00;11:00;2017-08-22 11:00:00;;;13.5;9.1;63.765625;6.0;694.8240625000001
30622;2017-08-22 00:00:00;08:00;2017-08-22 08:00:00;;0.0;10.9;8.9;63.765625;6.0;694.8240625000001
30622;2017-08-22 00:00:00;05:00;2017-08-22 05:00:00;;;11.5;8.6;63.765625;6.0;694.8240625000001
30622;2017-08-22 00:00:00;02:00;2017-08-22 02:00:00;;;12.8;8.5;63.765625;6.0;694.8240625000001
30622;2017-08-21 00:00:00;23:00;2017-08-21 23:00:00;;;13.4;8.6;86.38343750000001;5.0;631.0584375000001
30622;2017-08-21 00:00:00;20:00;2017-08-21 20:00:00;;0.0;14.0;8.6;86.38343750000001;5.0;631.0584375000001
30622;2017-08-21 00:00:00;17:00;2017-08-21 17:00:00;;;17.2;9.0;86.38343750000001;5.0;631.0584375000001
30622;2017-08-21 00:00:00;14:00;2017-08-21 14:00:00;;;17.8;9.2;86.38343750000001;5.0;631.0584375000001
30622;2017-08-21 00:00:00;11:00;2017-08-21 11:00:00;;;16.8;8.9;86.38343750000001;5.0;631.0584375000001
30622;2017-08-21 00:00:00;08:00;2017-08-21 08:00:00;;0.0;13.7;9.4;86.38343750000001;5.0;631.0584375000001
30622;2017-08-21 00:00:00;05:00;2017-08-21 05:00:00;;;9.1;6.3;86.38343750000001;5.0;631.0584375000001
30622;2017-08-21 00:00:00;02:00;2017-08-21 02:00:00;;;12.7;6.5;86.38343750000001;5.0;631.0584375000001
30622;2017-08-20 00:00:00;23:00;2017-08-20 23:00:00;;;14.7;5.7;145.740625;4.0;544.6750000000001
30622;2017-08-20 00:00:00;20:00;2017-08-20 20:00:00;;0.0;19.5;5.1;145.740625;4.0;544.6750000000001
30622;2017-08-20 00:00:00;17:00;2017-08-20 17:00:00;;;22.9;5.1;145.740625;4.0;544.6750000000001
30622;2017-08-20 00:00:00;14:00;2017-08-20 14:00:00;;;22.8;6.0;145.740625;4.0;544.6750000000001
30622;2017-08-20 00:00:00;11:00;2017-08-20 11:00:00;;;18.0;9.1;145.740625;4.0;544.6750000000001
30622;2017-08-20 00:00:00;08:00;2017-08-20 08:00:00;;0.0;10.2;6.7;145.740625;4.0;544.6750000000001
30622;2017-08-20 00:00:00;05:00;2017-08-20 05:00:00;;;7.9;5.8;145.740625;4.0;544.6750000000001
30622;2017-08-20 00:00:00;02:00;2017-08-20 02:00:00;;;9.2;7.2;145.740625;4.0;544.6750000000001
30622;2017-08-19 00:00:00;23:00;2017-08-19 23:00:00;;;10.4;8.1;94.61593750000003;3.0;398.9343750000001
30622;2017-08-19 00:00:00;20:00;2017-08-19 20:00:00;;0.0;18.3;8.2;94.61593750000003;3.0;398.9343750000001
30622;2017-08-19 00:00:00;17:00;2017-08-19 17:00:00;;;22.5;5.1;94.61593750000003;3.0;398.9343750000001
30622;2017-08-19 00:00:00;14:00;2017-08-19 14:00:00;;;21.6;9.7;94.61593750000003;3.0;398.9343750000001
30622;2017-08-19 00:00:00;11:00;2017-08-19 11:00:00;;;17.1;10.4;94.61593750000003;3.0;398.9343750000001
30622;2017-08-19 00:00:00;08:00;2017-08-19 08:00:00;;0.0;10.0;8.6;94.61593750000003;3.0;398.9343750000001
30622;2017-08-19 00:00:00;05:00;2017-08-19 05:00:00;;;7.9;7.2;94.61593750000003;3.0;398.9343750000001
30622;2017-08-19 00:00:00;02:00;2017-08-19 02:00:00;;;9.1;7.8;94.61593750000003;3.0;398.9343750000001
30622;2017-08-18 00:00:00;23:00;2017-08-18 23:00:00;;;12.3;9.2;113.60578125000004;2.0;304.3184375000001
30622;2017-08-18 00:00:00;20:00;2017-08-18 20:00:00;;0.0;18.3;9.7;113.60578125000004;2.0;304.3184375000001
30622;2017-08-18 00:00:00;17:00;2017-08-18 17:00:00;;;20.6;8.2;113.60578125000004;2.0;304.3184375000001
30622;2017-08-18 00:00:00;14:00;2017-08-18 14:00:00;;;20.9;9.6;113.60578125000004;2.0;304.3184375000001
30622;2017-08-18 00:00:00;11:00;2017-08-18 11:00:00;;;17.3;10.8;113.60578125000004;2.0;304.3184375000001
30622;2017-08-18 00:00:00;08:00;2017-08-18 08:00:00;;0.0;15.5;10.5;113.60578125000004;2.0;304.3184375000001
30622;2017-08-18 00:00:00;05:00;2017-08-18 05:00:00;;;14.3;11.1;113.60578125000004;2.0;304.3184375000001
30622;2017-08-18 00:00:00;02:00;2017-08-18 02:00:00;;;14.7;10.5;113.60578125000004;2.0;304.3184375000001
30622;2017-08-17 00:00:00;23:00;2017-08-17 23:00:00;;;16.2;9.2;128.87765625000003;1.0;190.71265625000007
30622;2017-08-17 00:00:00;20:00;2017-08-17 20:00:00;;0.0;21.2;8.7;128.87765625000003;1.0;190.71265625000007
30622;2017-08-17 00:00:00;17:00;2017-08-17 17:00:00;;;25.5;12.1;128.87765625000003;1.0;190.71265625000007
30622;2017-08-17 00:00:00;14:00;2017-08-17 14:00:00;;;24.1;14.3;128.87765625000003;1.0;190.71265625000007
30622;2017-08-17 00:00:00;11:00;2017-08-17 11:00:00;;;19.6;13.9;128.87765625000003;1.0;190.71265625000007
30622;2017-08-17 00:00:00;08:00;2017-08-17 08:00:00;;0.0;15.7;13.4;128.87765625000003;1.0;190.71265625000007
30622;2017-08-17 00:00:00;05:00;2017-08-17 05:00:00;;;14.7;12.8;128.87765625000003;1.0;190.71265625000007
30622;2017-08-17 00:00:00;02:00;2017-08-17 02:00:00;;;14.9;13.2;128.87765625000003;1.0;190.71265625000007
30622;2017-08-16 00:00:00;23:00;2017-08-16 23:00:00;;;16.3;13.3;61.83500000000003;0.0;61.83500000000003
30622;2017-08-16 00:00:00;20:00;2017-08-16 20:00:00;;0.0;18.4;12.7;61.83500000000003;0.0;61.83500000000003
30622;2017-08-16 00:00:00;17:00;2017-08-16 17:00:00;;;19.7;12.4;61.83500000000003;0.0;61.83500000000003
30622;2017-08-16 00:00:00;14:00;2017-08-16 14:00:00;;;20.2;12.8;61.83500000000003;0.0;61.83500000000003
30622;2017-08-16 00:00:00;11:00;2017-08-16 11:00:00;;;16.5;12.5;61.83500000000003;0.0;61.83500000000003
30622;2017-08-16 00:00:00;08:00;2017-08-16 08:00:00;;4.0;14.1;13.3;61.83500000000003;0.0;61.83500000000003
30622;2017-08-16 00:00:00;05:00;2017-08-16 05:00:00;;;13.5;12.9;61.83500000000003;0.0;61.83500000000003
30622;2017-08-16 00:00:00;02:00;2017-08-16 02:00:00;;;14.1;13.1;61.83500000000003;0.0;61.83500000000003
30622;2017-08-15 00:00:00;23:00;2017-08-15 23:00:00;;;15.6;12.9;57.99706632653062;18.0;1181.5587850765307
30622;2017-08-15 00:00:00;20:00;2017-08-15 20:00:00;;0.0;17.1;11.8;57.99706632653062;18.0;1181.5587850765307
30622;2017-08-15 00:00:00;17:00;2017-08-15 17:00:00;;;17.9;12.6;57.99706632653062;18.0;1181.5587850765307
30622;2017-08-15 00:00:00;14:00;2017-08-15 14:00:00;;;17.2;12.3;57.99706632653062;18.0;1181.5587850765307
30622;2017-08-15 00:00:00;11:00;2017-08-15 11:00:00;;;16.3;12.8;57.99706632653062;18.0;1181.5587850765307
30622;2017-08-15 00:00:00;08:00;2017-08-15 08:00:00;;0.7;13.5;11.9;57.99706632653062;18.0;1181.5587850765307
30622;2017-08-15 00:00:00;05:00;2017-08-15 05:00:00;;;;11.8;57.99706632653062;18.0;1181.5587850765307
30622;2017-08-15 00:00:00;02:00;2017-08-15 02:00:00;;;13.9;12.2;57.99706632653062;18.0;1181.5587850765307
30622;2017-08-14 00:00:00;23:00;2017-08-14 23:00:00;;;15.1;11.9;55.070312499999986;17.0;1123.5617187500002
30622;2017-08-14 00:00:00;20:00;2017-08-14 20:00:00;;0.6;16.2;12.3;55.070312499999986;17.0;1123.5617187500002
30622;2017-08-14 00:00:00;17:00;2017-08-14 17:00:00;;;17.2;13.4;55.070312499999986;17.0;1123.5617187500002
30622;2017-08-14 00:00:00;14:00;2017-08-14 14:00:00;;;17.2;14.2;55.070312499999986;17.0;1123.5617187500002
30622;2017-08-14 00:00:00;11:00;2017-08-14 11:00:00;;;21.2;15.5;55.070312499999986;17.0;1123.5617187500002
30622;2017-08-14 00:00:00;08:00;2017-08-14 08:00:00;;0.0;17.6;13.8;55.070312499999986;17.0;1123.5617187500002
30622;2017-08-14 00:00:00;05:00;2017-08-14 05:00:00;;;12.9;12.0;55.070312499999986;17.0;1123.5617187500002
30622;2017-08-14 00:00:00;02:00;2017-08-14 02:00:00;;;15.1;12.8;55.070312499999986;17.0;1123.5617187500002
30622;2017-08-13 00:00:00;23:00;2017-08-13 23:00:00;;;17.4;14.1;205.82093750000004;16.0;1068.4914062500002
30622;2017-08-13 00:00:00;20:00;2017-08-13 20:00:00;;0.0;28.3;13.7;205.82093750000004;16.0;1068.4914062500002
30622;2017-08-13 00:00:00;17:00;2017-08-13 17:00:00;;;32.3;13.5;205.82093750000004;16.0;1068.4914062500002
30622;2017-08-13 00:00:00;14:00;2017-08-13 14:00:00;;;31.7;12.5;205.82093750000004;16.0;1068.4914062500002
30622;2017-08-13 00:00:00;11:00;2017-08-13 11:00:00;;;26.2;13.9;205.82093750000004;16.0;1068.4914062500002
30622;2017-08-13 00:00:00;08:00;2017-08-13 08:00:00;;0.0;16.1;11.9;205.82093750000004;16.0;1068.4914062500002
30622;2017-08-13 00:00:00;05:00;2017-08-13 05:00:00;;;10.5;9.7;205.82093750000004;16.0;1068.4914062500002
30622;2017-08-13 00:00:00;02:00;2017-08-13 02:00:00;;;12.9;11.0;205.82093750000004;16.0;1068.4914062500002
30622;2017-12-08 00:00:00;23:00;2017-12-08 23:00:00;;;17.9;12.2;208.16062499999995;38.0;-807.3856250000001
30622;2017-12-08 00:00:00;20:00;2017-12-08 20:00:00;;0.0;27.8;10.1;208.16062499999995;38.0;-807.3856250000001
30622;2017-12-08 00:00:00;17:00;2017-12-08 17:00:00;;;31.0;6.1;208.16062499999995;38.0;-807.3856250000001
30622;2017-12-08 00:00:00;14:00;2017-12-08 14:00:00;;;29.5;10.6;208.16062499999995;38.0;-807.3856250000001
30622;2017-12-08 00:00:00;11:00;2017-12-08 11:00:00;;;22.7;13.9;208.16062499999995;38.0;-807.3856250000001
30622;2017-12-08 00:00:00;08:00;2017-12-08 08:00:00;;0.0;14.8;11.7;208.16062499999995;38.0;-807.3856250000001
30622;2017-12-08 00:00:00;05:00;2017-12-08 05:00:00;;;9.9;9.3;208.16062499999995;38.0;-807.3856250000001
30622;2017-12-08 00:00:00;02:00;2017-12-08 02:00:00;;;12.1;11.4;208.16062499999995;38.0;-807.3856250000001
30622;2017-11-08 00:00:00;23:00;2017-11-08 23:00:00;;;15.1;12.5;139.82500000000005;8.0;270.0184375
30622;2017-11-08 00:00:00;20:00;2017-11-08 20:00:00;;0.0;24.1;13.5;139.82500000000005;8.0;270.0184375
30622;2017-11-08 00:00:00;17:00;2017-11-08 17:00:00;;;27.1;12.7;139.82500000000005;8.0;270.0184375
30622;2017-11-08 00:00:00;14:00;2017-11-08 14:00:00;;;25.4;13.2;139.82500000000005;8.0;270.0184375
30622;2017-11-08 00:00:00;11:00;2017-11-08 11:00:00;;;21.1;13.9;139.82500000000005;8.0;270.0184375
30622;2017-11-08 00:00:00;08:00;2017-11-08 08:00:00;;0.0;16.1;12.8;139.82500000000005;8.0;270.0184375
30622;2017-11-08 00:00:00;05:00;2017-11-08 05:00:00;;;15.0;12.5;139.82500000000005;8.0;270.0184375
30622;2017-11-08 00:00:00;02:00;2017-11-08 02:00:00;;;15.9;12.7;139.82500000000005;8.0;270.0184375
30622;2017-10-08 00:00:00;23:00;2017-10-08 23:00:00;;;16.7;12.5;73.08687500000005;3.0;608.9768750000002
30622;2017-10-08 00:00:00;20:00;2017-10-08 20:00:00;;0.0;17.6;12.4;73.08687500000005;3.0;608.9768750000002
30622;2017-10-08 00:00:00;17:00;2017-10-08 17:00:00;;;18.7;13.1;73.08687500000005;3.0;608.9768750000002
30622;2017-10-08 00:00:00;14:00;2017-10-08 14:00:00;;;18.2;13.1;73.08687500000005;3.0;608.9768750000002
30622;2017-10-08 00:00:00;11:00;2017-10-08 11:00:00;;;17.0;12.9;73.08687500000005;3.0;608.9768750000002
30622;2017-10-08 00:00:00;08:00;2017-10-08 08:00:00;;0.0;16.6;13.2;73.08687500000005;3.0;608.9768750000002
30622;2017-10-08 00:00:00;05:00;2017-10-08 05:00:00;;;16.8;13.6;73.08687500000005;3.0;608.9768750000002
30622;2017-10-08 00:00:00;02:00;2017-10-08 02:00:00;;;17.2;14.3;73.08687500000005;3.0;608.9768750000002
30622;2017-09-08 00:00:00;23:00;2017-09-08 23:00:00;;;18.8;15.2;131.25;23.0;1474.5840624999998
30622;2017-09-08 00:00:00;20:00;2017-09-08 20:00:00;;0.0;20.5;15.8;131.25;23.0;1474.5840624999998
30622;2017-09-08 00:00:00;17:00;2017-09-08 17:00:00;;;28.3;13.3;131.25;23.0;1474.5840624999998
30622;2017-09-08 00:00:00;14:00;2017-09-08 14:00:00;;;29.9;11.8;131.25;23.0;1474.5840624999998
30622;2017-09-08 00:00:00;11:00;2017-09-08 11:00:00;;;22.5;14.8;131.25;23.0;1474.5840624999998
30622;2017-09-08 00:00:00;08:00;2017-09-08 08:00:00;;0.0;14.8;12.7;131.25;23.0;1474.5840624999998
30622;2017-09-08 00:00:00;05:00;2017-09-08 05:00:00;;;11.7;11.1;131.25;23.0;1474.5840624999998
30622;2017-09-08 00:00:00;02:00;2017-09-08 02:00:00;;;13.5;12.8;131.25;23.0;1474.5840624999998
30622;2017-08-08 00:00:00;23:00;2017-08-08 23:00:00;;;17.5;14.5;135.39093750000004;11.0;807.59546875
30622;2017-08-08 00:00:00;20:00;2017-08-08 20:00:00;;0.0;24.8;14.7;135.39093750000004;11.0;807.59546875
30622;2017-08-08 00:00:00;17:00;2017-08-08 17:00:00;;;28.1;14.9;135.39093750000004;11.0;807.59546875
30622;2017-08-08 00:00:00;14:00;2017-08-08 14:00:00;;;28.8;12.2;135.39093750000004;11.0;807.59546875
30622;2017-08-08 00:00:00;11:00;2017-08-08 11:00:00;;;22.0;15.5;135.39093750000004;11.0;807.59546875
30622;2017-08-08 00:00:00;08:00;2017-08-08 08:00:00;;0.0;14.5;13.4;135.39093750000004;11.0;807.59546875
30622;2017-08-08 00:00:00;05:00;2017-08-08 05:00:00;;;13.3;12.1;135.39093750000004;11.0;807.59546875
30622;2017-08-08 00:00:00;02:00;2017-08-08 02:00:00;;;14.8;13.6;135.39093750000004;11.0;807.59546875
30622;2017-07-08 00:00:00;23:00;2017-07-08 23:00:00;;;17.2;15.3;124.75000000000001;20.0;3593.364375
30622;2017-07-08 00:00:00;20:00;2017-07-08 20:00:00;;0.0;23.5;15.5;124.75000000000001;20.0;3593.364375
30622;2017-07-08 00:00:00;17:00;2017-07-08 17:00:00;;;29.1;12.7;124.75000000000001;20.0;3593.364375
30622;2017-07-08 00:00:00;14:00;2017-07-08 14:00:00;;;24.6;13.8;124.75000000000001;20.0;3593.364375
30622;2017-07-08 00:00:00;11:00;2017-07-08 11:00:00;;;23.1;14.7;124.75000000000001;20.0;3593.364375
30622;2017-07-08 00:00:00;08:00;2017-07-08 08:00:00;;0.0;14.3;12.6;124.75000000000001;20.0;3593.364375
30622;2017-07-08 00:00:00;05:00;2017-07-08 05:00:00;;;12.5;12.2;124.75000000000001;20.0;3593.364375
30622;2017-07-08 00:00:00;02:00;2017-07-08 02:00:00;;;15.7;13.3;124.75000000000001;20.0;3593.364375
30622;2017-06-08 00:00:00;23:00;2017-06-08 23:00:00;;;17.8;14.2;109.36874999999999;3.0;369.08515624999995
30622;2017-06-08 00:00:00;20:00;2017-06-08 20:00:00;;0.0;22.9;13.3;109.36874999999999;3.0;369.08515624999995
30622;2017-06-08 00:00:00;17:00;2017-06-08 17:00:00;;;25.5;12.1;109.36874999999999;3.0;369.08515624999995
30622;2017-06-08 00:00:00;14:00;2017-06-08 14:00:00;;;26.5;14.7;109.36874999999999;3.0;369.08515624999995
30622;2017-06-08 00:00:00;11:00;2017-06-08 11:00:00;;;18.8;15.0;109.36874999999999;3.0;369.08515624999995
30622;2017-06-08 00:00:00;08:00;2017-06-08 08:00:00;;2.0;12.9;12.0;109.36874999999999;3.0;369.08515624999995
30622;2017-06-08 00:00:00;05:00;2017-06-08 05:00:00;;;13.2;12.2;109.36874999999999;3.0;369.08515624999995
30622;2017-06-08 00:00:00;02:00;2017-06-08 02:00:00;;;15.9;14.4;109.36874999999999;3.0;369.08515624999995
30622;2017-05-08 00:00:00;23:00;2017-05-08 23:00:00;;;19.1;14.3;150.10625000000002;1.0;225.87359375000005
30622;2017-05-08 00:00:00;20:00;2017-05-08 20:00:00;;0.0;24.1;13.5;150.10625000000002;1.0;225.87359375000005
30622;2017-05-08 00:00:00;17:00;2017-05-08 17:00:00;;;27.0;12.5;150.10625000000002;1.0;225.87359375000005
30622;2017-05-08 00:00:00;14:00;2017-05-08 14:00:00;;;27.3;15.4;150.10625000000002;1.0;225.87359375000005
30622;2017-05-08 00:00:00;11:00;2017-05-08 11:00:00;;;22.8;14.1;150.10625000000002;1.0;225.87359375000005
30622;2017-05-08 00:00:00;08:00;2017-05-08 08:00:00;;0.0;15.2;12.5;150.10625000000002;1.0;225.87359375000005
30622;2017-05-08 00:00:00;05:00;2017-05-08 05:00:00;;;13.8;11.9;150.10625000000002;1.0;225.87359375000005
30622;2017-05-08 00:00:00;02:00;2017-05-08 02:00:00;;;15.2;11.9;150.10625000000002;1.0;225.87359375000005
30622;2017-04-08 00:00:00;23:00;2017-04-08 23:00:00;;;18.0;12.2;236.0840625;1.0;253.341875
30622;2017-04-08 00:00:00;20:00;2017-04-08 20:00:00;;0.0;26.2;12.8;236.0840625;1.0;253.341875
30622;2017-04-08 00:00:00;17:00;2017-04-08 17:00:00;;;29.8;9.9;236.0840625;1.0;253.341875
30622;2017-04-08 00:00:00;14:00;2017-04-08 14:00:00;;;29.1;10.1;236.0840625;1.0;253.341875
30622;2017-04-08 00:00:00;11:00;2017-04-08 11:00:00;;;25.3;13.1;236.0840625;1.0;253.341875
30622;2017-04-08 00:00:00;08:00;2017-04-08 08:00:00;;0.0;18.1;11.2;236.0840625;1.0;253.341875
30622;2017-04-08 00:00:00;05:00;2017-04-08 05:00:00;;;15.7;10.3;236.0840625;1.0;253.341875
30622;2017-04-08 00:00:00;02:00;2017-04-08 02:00:00;;;13.9;10.7;236.0840625;1.0;253.341875
30622;2017-03-08 00:00:00;23:00;2017-03-08 23:00:00;;;17.4;11.5;188.45859375;1.0;264.42109375
30622;2017-03-08 00:00:00;20:00;2017-03-08 20:00:00;;0.0;24.7;11.3;188.45859375;1.0;264.42109375
30622;2017-03-08 00:00:00;17:00;2017-03-08 17:00:00;;;27.6;9.2;188.45859375;1.0;264.42109375
30622;2017-03-08 00:00:00;14:00;2017-03-08 14:00:00;;;29.3;10.3;188.45859375;1.0;264.42109375
30622;2017-03-08 00:00:00;11:00;2017-03-08 11:00:00;;;24.2;14.0;188.45859375;1.0;264.42109375
30622;2017-03-08 00:00:00;08:00;2017-03-08 08:00:00;;0.0;16.3;12.2;188.45859375;1.0;264.42109375
30622;2017-03-08 00:00:00;05:00;2017-03-08 05:00:00;;;11.0;10.3;188.45859375;1.0;264.42109375
30622;2017-03-08 00:00:00;02:00;2017-03-08 02:00:00;;;13.6;11.8;188.45859375;1.0;264.42109375
30622;2017-02-08 00:00:00;23:00;2017-02-08 23:00:00;;;17.8;13.4;204.01874999999998;1.0;327.24062499999997
30622;2017-02-08 00:00:00;20:00;2017-02-08 20:00:00;;0.0;25.2;-2.3;204.01874999999998;1.0;327.24062499999997
30622;2017-02-08 00:00:00;17:00;2017-02-08 17:00:00;;;29.0;9.6;204.01874999999998;1.0;327.24062499999997
30622;2017-02-08 00:00:00;14:00;2017-02-08 14:00:00;;;27.6;11.6;204.01874999999998;1.0;327.24062499999997
30622;2017-02-08 00:00:00;11:00;2017-02-08 11:00:00;;;22.8;15.2;204.01874999999998;1.0;327.24062499999997
30622;2017-02-08 00:00:00;08:00;2017-02-08 08:00:00;;0.0;15.5;12.3;204.01874999999998;1.0;327.24062499999997
30622;2017-02-08 00:00:00;05:00;2017-02-08 05:00:00;;;10.7;9.8;204.01874999999998;1.0;327.24062499999997
30622;2017-02-08 00:00:00;02:00;2017-02-08 02:00:00;;;13.4;11.8;204.01874999999998;1.0;327.24062499999997
30622;2017-01-08 00:00:00;23:00;2017-01-08 23:00:00;;;16.5;13.2;118.75515624999998;2.0;472.7579687499999
30622;2017-01-08 00:00:00;20:00;2017-01-08 20:00:00;;0.0;24.0;12.7;118.75515624999998;2.0;472.7579687499999
30622;2017-01-08 00:00:00;17:00;2017-01-08 17:00:00;;;24.5;13.0;118.75515624999998;2.0;472.7579687499999
30622;2017-01-08 00:00:00;14:00;2017-01-08 14:00:00;;;28.0;11.7;118.75515624999998;2.0;472.7579687499999
30622;2017-01-08 00:00:00;11:00;2017-01-08 11:00:00;;;21.6;15.4;118.75515624999998;2.0;472.7579687499999
30622;2017-01-08 00:00:00;08:00;2017-01-08 08:00:00;;0.0;13.5;12.8;118.75515624999998;2.0;472.7579687499999
30622;2017-01-08 00:00:00;05:00;2017-01-08 05:00:00;;;10.7;10.3;118.75515624999998;2.0;472.7579687499999
30622;2017-01-08 00:00:00;02:00;2017-01-08 02:00:00;;;12.3;11.7;118.75515624999998;2.0;472.7579687499999
30622;2017-07-31 00:00:00;23:00;2017-07-31 23:00:00;;;15.9;14.3;79.30078125;3.0;395.71609374999997
30622;2017-07-31 00:00:00;20:00;2017-07-31 20:00:00;;0.0;21.8;15.9;79.30078125;3.0;395.71609374999997
30622;2017-07-31 00:00:00;17:00;2017-07-31 17:00:00;;;21.8;16.5;79.30078125;3.0;395.71609374999997
30622;2017-07-31 00:00:00;14:00;2017-07-31 14:00:00;;;22.6;15.2;79.30078125;3.0;395.71609374999997
30622;2017-07-31 00:00:00;11:00;2017-07-31 11:00:00;;;22.9;14.5;79.30078125;3.0;395.71609374999997
30622;2017-07-31 00:00:00;08:00;2017-07-31 08:00:00;;0.0;16.9;14.6;79.30078125;3.0;395.71609374999997
30622;2017-07-31 00:00:00;05:00;2017-07-31 05:00:00;;;14.0;13.1;79.30078125;3.0;395.71609374999997
30622;2017-07-31 00:00:00;02:00;2017-07-31 02:00:00;;;15.6;13.9;79.30078125;3.0;395.71609374999997
30622;2017-07-30 00:00:00;23:00;2017-07-30 23:00:00;;;17.9;15.1;123.60609375000003;2.0;316.41531249999997
30622;2017-07-30 00:00:00;20:00;2017-07-30 20:00:00;;0.0;21.8;14.9;123.60609375000003;2.0;316.41531249999997
30622;2017-07-30 00:00:00;17:00;2017-07-30 17:00:00;;;27.4;14.1;123.60609375000003;2.0;316.41531249999997
30622;2017-07-30 00:00:00;14:00;2017-07-30 14:00:00;;;25.6;14.7;123.60609375000003;2.0;316.41531249999997
30622;2017-07-30 00:00:00;11:00;2017-07-30 11:00:00;;;24.5;14.3;123.60609375000003;2.0;316.41531249999997
30622;2017-07-30 00:00:00;08:00;2017-07-30 08:00:00;;0.0;15.9;12.4;123.60609375000003;2.0;316.41531249999997
30622;2017-07-30 00:00:00;05:00;2017-07-30 05:00:00;;;11.1;10.5;123.60609375000003;2.0;316.41531249999997
30622;2017-07-30 00:00:00;02:00;2017-07-30 02:00:00;;;13.7;11.8;123.60609375000003;2.0;316.41531249999997
30622;2017-07-29 00:00:00;23:00;2017-07-29 23:00:00;;;16.9;14.5;121.22703124999994;1.0;192.80921874999996
30622;2017-07-29 00:00:00;20:00;2017-07-29 20:00:00;;0.0;26.4;16.3;121.22703124999994;1.0;192.80921874999996
30622;2017-07-29 00:00:00;17:00;2017-07-29 17:00:00;;;29.4;11.6;121.22703124999994;1.0;192.80921874999996
30622;2017-07-29 00:00:00;14:00;2017-07-29 14:00:00;;;27.5;14.6;121.22703124999994;1.0;192.80921874999996
30622;2017-07-29 00:00:00;11:00;2017-07-29 11:00:00;;;19.4;16.2;121.22703124999994;1.0;192.80921874999996
30622;2017-07-29 00:00:00;08:00;2017-07-29 08:00:00;;0.0;14.5;14.0;121.22703124999994;1.0;192.80921874999996
30622;2017-07-29 00:00:00;05:00;2017-07-29 05:00:00;;;13.3;12.8;121.22703124999994;1.0;192.80921874999996
30622;2017-07-29 00:00:00;02:00;2017-07-29 02:00:00;;;13.9;13.2;121.22703124999994;1.0;192.80921874999996
30622;2017-07-28 00:00:00;23:00;2017-07-28 23:00:00;;;16.5;15.5;71.58218750000002;0.0;71.58218750000002
30622;2017-07-28 00:00:00;20:00;2017-07-28 20:00:00;;17.0;22.4;16.3;71.58218750000002;0.0;71.58218750000002
30622;2017-07-28 00:00:00;17:00;2017-07-28 17:00:00;;;24.0;15.9;71.58218750000002;0.0;71.58218750000002
30622;2017-07-28 00:00:00;14:00;2017-07-28 14:00:00;;;26.6;14.4;71.58218750000002;0.0;71.58218750000002
30622;2017-07-28 00:00:00;11:00;2017-07-28 11:00:00;;;17.8;15.1;71.58218750000002;0.0;71.58218750000002
30622;2017-07-28 00:00:00;08:00;2017-07-28 08:00:00;;0.0;13.6;13.2;71.58218750000002;0.0;71.58218750000002
30622;2017-07-28 00:00:00;05:00;2017-07-28 05:00:00;;;12.4;12.0;71.58218750000002;0.0;71.58218750000002
30622;2017-07-28 00:00:00;02:00;2017-07-28 02:00:00;;;12.6;12.1;71.58218750000002;0.0;71.58218750000002
30622;2017-07-27 00:00:00;23:00;2017-07-27 23:00:00;;;15.0;14.1;96.59390625000005;5.0;575.0739062500002
30622;2017-07-27 00:00:00;20:00;2017-07-27 20:00:00;;0.0;21.2;14.9;96.59390625000005;5.0;575.0739062500002
30622;2017-07-27 00:00:00;17:00;2017-07-27 17:00:00;;;26.6;11.4;96.59390625000005;5.0;575.0739062500002
30622;2017-07-27 00:00:00;14:00;2017-07-27 14:00:00;;;23.9;12.8;96.59390625000005;5.0;575.0739062500002
30622;2017-07-27 00:00:00;11:00;2017-07-27 11:00:00;;;17.5;12.1;96.59390625000005;5.0;575.0739062500002
30622;2017-07-27 00:00:00;08:00;2017-07-27 08:00:00;;0.0;13.3;10.4;96.59390625000005;5.0;575.0739062500002
30622;2017-07-27 00:00:00;05:00;2017-07-27 05:00:00;;;8.4;7.7;96.59390625000005;5.0;575.0739062500002
30622;2017-07-27 00:00:00;02:00;2017-07-27 02:00:00;;;12.4;10.2;96.59390625000005;5.0;575.0739062500002
30622;2017-07-26 00:00:00;23:00;2017-07-26 23:00:00;;;16.4;12.2;146.89593750000003;4.0;478.48000000000013
30622;2017-07-26 00:00:00;20:00;2017-07-26 20:00:00;;0.0;24.7;12.0;146.89593750000003;4.0;478.48000000000013
30622;2017-07-26 00:00:00;17:00;2017-07-26 17:00:00;;;26.8;7.3;146.89593750000003;4.0;478.48000000000013
30622;2017-07-26 00:00:00;14:00;2017-07-26 14:00:00;;;27.0;7.2;146.89593750000003;4.0;478.48000000000013
30622;2017-07-26 00:00:00;11:00;2017-07-26 11:00:00;;;18.5;13.4;146.89593750000003;4.0;478.48000000000013
30622;2017-07-26 00:00:00;08:00;2017-07-26 08:00:00;;0.0;12.3;9.2;146.89593750000003;4.0;478.48000000000013
30622;2017-07-26 00:00:00;05:00;2017-07-26 05:00:00;;;6.6;5.9;146.89593750000003;4.0;478.48000000000013
30622;2017-07-26 00:00:00;02:00;2017-07-26 02:00:00;;;9.5;8.3;146.89593750000003;4.0;478.48000000000013
30622;2017-07-25 00:00:00;23:00;2017-07-25 23:00:00;;;12.9;11.0;69.9125;3.0;331.5840625000001
30622;2017-07-25 00:00:00;20:00;2017-07-25 20:00:00;;0.0;21.9;11.5;69.9125;3.0;331.5840625000001
30622;2017-07-25 00:00:00;17:00;2017-07-25 17:00:00;;;23.4;12.1;69.9125;3.0;331.5840625000001
30622;2017-07-25 00:00:00;14:00;2017-07-25 14:00:00;;;17.9;11.6;69.9125;3.0;331.5840625000001
30622;2017-07-25 00:00:00;11:00;2017-07-25 11:00:00;;;13.6;10.5;69.9125;3.0;331.5840625000001
30622;2017-07-25 00:00:00;08:00;2017-07-25 08:00:00;;0.0;11.2;8.8;69.9125;3.0;331.5840625000001
30622;2017-07-25 00:00:00;05:00;2017-07-25 05:00:00;;;8.4;7.3;69.9125;3.0;331.5840625000001
30622;2017-07-25 00:00:00;02:00;2017-07-25 02:00:00;;;9.7;8.6;69.9125;3.0;331.5840625000001
30622;2017-07-24 00:00:00;23:00;2017-07-24 23:00:00;;;13.8;11.2;112.97000000000001;2.0;261.67156250000005
30622;2017-07-24 00:00:00;20:00;2017-07-24 20:00:00;;0.0;21.9;11.2;112.97000000000001;2.0;261.67156250000005
30622;2017-07-24 00:00:00;17:00;2017-07-24 17:00:00;;;23.7;8.7;112.97000000000001;2.0;261.67156250000005
30622;2017-07-24 00:00:00;14:00;2017-07-24 14:00:00;;;23.4;7.4;112.97000000000001;2.0;261.67156250000005
30622;2017-07-24 00:00:00;11:00;2017-07-24 11:00:00;;;18.3;10.3;112.97000000000001;2.0;261.67156250000005
30622;2017-07-24 00:00:00;08:00;2017-07-24 08:00:00;;0.0;10.8;7.8;112.97000000000001;2.0;261.67156250000005
30622;2017-07-24 00:00:00;05:00;2017-07-24 05:00:00;;;5.6;5.0;112.97000000000001;2.0;261.67156250000005
30622;2017-07-24 00:00:00;02:00;2017-07-24 02:00:00;;;8.9;7.6;112.97000000000001;2.0;261.67156250000005
30622;2017-07-23 00:00:00;23:00;2017-07-23 23:00:00;;;12.2;10.2;101.93906250000003;1.0;148.70156250000002
30622;2017-07-23 00:00:00;20:00;2017-07-23 20:00:00;;0.0;21.3;10.2;101.93906250000003;1.0;148.70156250000002
30622;2017-07-23 00:00:00;17:00;2017-07-23 17:00:00;;;23.7;6.1;101.93906250000003;1.0;148.70156250000002
30622;2017-07-23 00:00:00;14:00;2017-07-23 14:00:00;;;21.9;9.3;101.93906250000003;1.0;148.70156250000002
30622;2017-07-23 00:00:00;11:00;2017-07-23 11:00:00;;;17.2;12.4;101.93906250000003;1.0;148.70156250000002
30622;2017-07-23 00:00:00;08:00;2017-07-23 08:00:00;;0.0;12.1;11.6;101.93906250000003;1.0;148.70156250000002
30622;2017-07-23 00:00:00;05:00;2017-07-23 05:00:00;;;11.5;11.0;101.93906250000003;1.0;148.70156250000002
30622;2017-07-23 00:00:00;02:00;2017-07-23 02:00:00;;;11.9;11.5;101.93906250000003;1.0;148.70156250000002
30622;2017-07-22 00:00:00;23:00;2017-07-22 23:00:00;;;13.8;13.1;46.7625;0.0;46.7625
30622;2017-07-22 00:00:00;20:00;2017-07-22 20:00:00;;12.0;14.4;13.6;46.7625;0.0;46.7625
30622;2017-07-22 00:00:00;17:00;2017-07-22 17:00:00;;;14.8;13.0;46.7625;0.0;46.7625
30622;2017-07-22 00:00:00;14:00;2017-07-22 14:00:00;;;21.4;13.7;46.7625;0.0;46.7625
30622;2017-07-22 00:00:00;11:00;2017-07-22 11:00:00;;;19.1;13.8;46.7625;0.0;46.7625
30622;2017-07-22 00:00:00;08:00;2017-07-22 08:00:00;;0.0;15.9;13.5;46.7625;0.0;46.7625
30622;2017-07-22 00:00:00;05:00;2017-07-22 05:00:00;;;14.7;12.7;46.7625;0.0;46.7625
30622;2017-07-22 00:00:00;02:00;2017-07-22 02:00:00;;;14.9;12.4;46.7625;0.0;46.7625
30622;2017-07-21 00:00:00;23:00;2017-07-21 23:00:00;;;15.1;12.6;72.62187499999996;0.0;72.62187499999996
30622;2017-07-21 00:00:00;20:00;2017-07-21 20:00:00;;0.8;17.2;13.1;72.62187499999996;0.0;72.62187499999996
30622;2017-07-21 00:00:00;17:00;2017-07-21 17:00:00;;;19.7;14.0;72.62187499999996;0.0;72.62187499999996
30622;2017-07-21 00:00:00;14:00;2017-07-21 14:00:00;;;18.0;12.9;72.62187499999996;0.0;72.62187499999996
30622;2017-07-21 00:00:00;11:00;2017-07-21 11:00:00;;;19.1;11.7;72.62187499999996;0.0;72.62187499999996
30622;2017-07-21 00:00:00;08:00;2017-07-21 08:00:00;;6.0;16.7;14.4;72.62187499999996;0.0;72.62187499999996
30622;2017-07-21 00:00:00;05:00;2017-07-21 05:00:00;;;14.4;13.7;72.62187499999996;0.0;72.62187499999996
30622;2017-07-21 00:00:00;02:00;2017-07-21 02:00:00;;;16.5;10.3;72.62187499999996;0.0;72.62187499999996
30622;2017-07-20 00:00:00;23:00;2017-07-20 23:00:00;;;17.9;12.0;148.81453125000004;3.0;442.3514062500001
30622;2017-07-20 00:00:00;20:00;2017-07-20 20:00:00;;0.0;24.6;10.8;148.81453125000004;3.0;442.3514062500001
30622;2017-07-20 00:00:00;17:00;2017-07-20 17:00:00;;;28.1;7.1;148.81453125000004;3.0;442.3514062500001
30622;2017-07-20 00:00:00;14:00;2017-07-20 14:00:00;;;25.8;9.8;148.81453125000004;3.0;442.3514062500001
30622;2017-07-20 00:00:00;11:00;2017-07-20 11:00:00;;;19.9;13.1;148.81453125000004;3.0;442.3514062500001
30622;2017-07-20 00:00:00;08:00;2017-07-20 08:00:00;;0.0;11.0;10.5;148.81453125000004;3.0;442.3514062500001
30622;2017-07-20 00:00:00;05:00;2017-07-20 05:00:00;;;8.8;8.4;148.81453125000004;3.0;442.3514062500001
30622;2017-07-20 00:00:00;02:00;2017-07-20 02:00:00;;;10.2;9.5;148.81453125000004;3.0;442.3514062500001
30622;2017-07-19 00:00:00;23:00;2017-07-19 23:00:00;;;13.9;11.5;83.22890625000001;2.0;293.536875
30622;2017-07-19 00:00:00;20:00;2017-07-19 20:00:00;;0.0;21.5;11.9;83.22890625000001;2.0;293.536875
30622;2017-07-19 00:00:00;17:00;2017-07-19 17:00:00;;;22.0;11.4;83.22890625000001;2.0;293.536875
30622;2017-07-19 00:00:00;14:00;2017-07-19 14:00:00;;;18.9;11.3;83.22890625000001;2.0;293.536875
30622;2017-07-19 00:00:00;11:00;2017-07-19 11:00:00;;;16.4;12.2;83.22890625000001;2.0;293.536875
30622;2017-07-19 00:00:00;08:00;2017-07-19 08:00:00;;0.0;14.0;12.2;83.22890625000001;2.0;293.536875
30622;2017-07-19 00:00:00;05:00;2017-07-19 05:00:00;;;13.4;11.3;83.22890625000001;2.0;293.536875
30622;2017-07-19 00:00:00;02:00;2017-07-19 02:00:00;;;13.4;11.8;83.22890625000001;2.0;293.536875
30622;2017-07-18 00:00:00;23:00;2017-07-18 23:00:00;;;15.7;12.5;139.55078125;1.0;210.30796875
30622;2017-07-18 00:00:00;20:00;2017-07-18 20:00:00;;0.0;23.3;10.6;139.55078125;1.0;210.30796875
30622;2017-07-18 00:00:00;17:00;2017-07-18 17:00:00;;;26.0;7.4;139.55078125;1.0;210.30796875
30622;2017-07-18 00:00:00;14:00;2017-07-18 14:00:00;;;24.9;8.0;139.55078125;1.0;210.30796875
30622;2017-07-18 00:00:00;11:00;2017-07-18 11:00:00;;;19.9;13.0;139.55078125;1.0;210.30796875
30622;2017-07-18 00:00:00;08:00;2017-07-18 08:00:00;;0.0;11.7;10.3;139.55078125;1.0;210.30796875
30622;2017-07-18 00:00:00;05:00;2017-07-18 05:00:00;;;9.3;8.1;139.55078125;1.0;210.30796875
30622;2017-07-18 00:00:00;02:00;2017-07-18 02:00:00;;;12.1;10.5;139.55078125;1.0;210.30796875
30622;2017-07-17 00:00:00;23:00;2017-07-17 23:00:00;;;13.6;11.7;70.75718749999999;0.0;70.75718749999999
30622;2017-07-17 00:00:00;20:00;2017-07-17 20:00:00;;4.0;19.8;11.7;70.75718749999999;0.0;70.75718749999999
30622;2017-07-17 00:00:00;17:00;2017-07-17 17:00:00;;;21.0;12.1;70.75718749999999;0.0;70.75718749999999
30622;2017-07-17 00:00:00;14:00;2017-07-17 14:00:00;;;18.3;13.7;70.75718749999999;0.0;70.75718749999999
30622;2017-07-17 00:00:00;11:00;2017-07-17 11:00:00;;;19.9;14.6;70.75718749999999;0.0;70.75718749999999
30622;2017-07-17 00:00:00;08:00;2017-07-17 08:00:00;;10.0;17.3;15.0;70.75718749999999;0.0;70.75718749999999
30622;2017-07-17 00:00:00;05:00;2017-07-17 05:00:00;;;15.0;14.5;70.75718749999999;0.0;70.75718749999999
30622;2017-07-17 00:00:00;02:00;2017-07-17 02:00:00;;;15.3;14.6;70.75718749999999;0.0;70.75718749999999
30622;2017-07-16 00:00:00;23:00;2017-07-16 23:00:00;;;20.4;11.0;206.07890625000002;2.0;469.5054687500001
30622;2017-07-16 00:00:00;20:00;2017-07-16 20:00:00;;0.0;24.8;9.8;206.07890625000002;2.0;469.5054687500001
30622;2017-07-16 00:00:00;17:00;2017-07-16 17:00:00;;;26.3;8.8;206.07890625000002;2.0;469.5054687500001
30622;2017-07-16 00:00:00;14:00;2017-07-16 14:00:00;;;26.9;8.8;206.07890625000002;2.0;469.5054687500001
30622;2017-07-16 00:00:00;11:00;2017-07-16 11:00:00;;;21.7;12.6;206.07890625000002;2.0;469.5054687500001
30622;2017-07-16 00:00:00;08:00;2017-07-16 08:00:00;;0.0;16.7;12.7;206.07890625000002;2.0;469.5054687500001
30622;2017-07-16 00:00:00;05:00;2017-07-16 05:00:00;;;12.8;10.9;206.07890625000002;2.0;469.5054687500001
30622;2017-07-16 00:00:00;02:00;2017-07-16 02:00:00;;;16.3;11.8;206.07890625000002;2.0;469.5054687500001
30622;2017-07-15 00:00:00;23:00;2017-07-15 23:00:00;;;19.0;12.0;164.82843750000004;1.0;263.42656250000005
30622;2017-07-15 00:00:00;20:00;2017-07-15 20:00:00;;0.0;24.5;13.5;164.82843750000004;1.0;263.42656250000005
30622;2017-07-15 00:00:00;17:00;2017-07-15 17:00:00;;;27.9;10.7;164.82843750000004;1.0;263.42656250000005
30622;2017-07-15 00:00:00;14:00;2017-07-15 14:00:00;;;27.1;10.3;164.82843750000004;1.0;263.42656250000005
30622;2017-07-15 00:00:00;11:00;2017-07-15 11:00:00;;;22.3;13.8;164.82843750000004;1.0;263.42656250000005
30622;2017-07-15 00:00:00;08:00;2017-07-15 08:00:00;;0.0;15.7;12.5;164.82843750000004;1.0;263.42656250000005
30622;2017-07-15 00:00:00;05:00;2017-07-15 05:00:00;;;12.0;11.1;164.82843750000004;1.0;263.42656250000005
30622;2017-07-15 00:00:00;02:00;2017-07-15 02:00:00;;;12.8;12.0;164.82843750000004;1.0;263.42656250000005
30622;2017-07-14 00:00:00;23:00;2017-07-14 23:00:00;;;15.5;13.7;98.59812500000001;0.0;98.59812500000001
30622;2017-07-14 00:00:00;20:00;2017-07-14 20:00:00;;3.0;22.9;14.8;98.59812500000001;0.0;98.59812500000001
30622;2017-07-14 00:00:00;17:00;2017-07-14 17:00:00;;;24.1;13.6;98.59812500000001;0.0;98.59812500000001
30622;2017-07-14 00:00:00;14:00;2017-07-14 14:00:00;;;23.8;13.1;98.59812500000001;0.0;98.59812500000001
30622;2017-07-14 00:00:00;11:00;2017-07-14 11:00:00;;;17.8;14.9;98.59812500000001;0.0;98.59812500000001
30622;2017-07-14 00:00:00;08:00;2017-07-14 08:00:00;;0.3;14.9;10.9;98.59812500000001;0.0;98.59812500000001
30622;2017-07-14 00:00:00;05:00;2017-07-14 05:00:00;;;13.1;10.3;98.59812500000001;0.0;98.59812500000001
30622;2017-07-14 00:00:00;02:00;2017-07-14 02:00:00;;;12.3;9.4;98.59812500000001;0.0;98.59812500000001
30622;2017-07-13 00:00:00;23:00;2017-07-13 23:00:00;;;14.3;11.0;175.47265625;25.0;3794.97875
30622;2017-07-13 00:00:00;20:00;2017-07-13 20:00:00;;0.0;25.1;8.5;175.47265625;25.0;3794.97875
30622;2017-07-13 00:00:00;17:00;2017-07-13 17:00:00;;;27.2;7.6;175.47265625;25.0;3794.97875
30622;2017-07-13 00:00:00;14:00;2017-07-13 14:00:00;;;24.7;8.8;175.47265625;25.0;3794.97875
30622;2017-07-13 00:00:00;11:00;2017-07-13 11:00:00;;;22.2;11.4;175.47265625;25.0;3794.97875
30622;2017-07-13 00:00:00;08:00;2017-07-13 08:00:00;;0.5;15.3;12.6;175.47265625;25.0;3794.97875
30622;2017-07-13 00:00:00;05:00;2017-07-13 05:00:00;;;12.1;10.5;175.47265625;25.0;3794.97875
30622;2017-07-13 00:00:00;02:00;2017-07-13 02:00:00;;;14.0;12.0;175.47265625;25.0;3794.97875
30622;2017-12-07 00:00:00;23:00;2017-12-07 23:00:00;;;16.2;13.1;124.21125000000002;37.0;-1015.5462500000001
30622;2017-12-07 00:00:00;20:00;2017-12-07 20:00:00;;0.6;17.5;14.0;124.21125000000002;37.0;-1015.5462500000001
30622;2017-12-07 00:00:00;17:00;2017-12-07 17:00:00;;;22.8;10.2;124.21125000000002;37.0;-1015.5462500000001
30622;2017-12-07 00:00:00;14:00;2017-12-07 14:00:00;;;18.8;12.6;124.21125000000002;37.0;-1015.5462500000001
30622;2017-12-07 00:00:00;11:00;2017-12-07 11:00:00;;;18.0;11.6;124.21125000000002;37.0;-1015.5462500000001
30622;2017-12-07 00:00:00;08:00;2017-12-07 08:00:00;;0.0;17.4;11.0;124.21125000000002;37.0;-1015.5462500000001
30622;2017-12-07 00:00:00;05:00;2017-12-07 05:00:00;;;16.7;9.3;124.21125000000002;37.0;-1015.5462500000001
30622;2017-12-07 00:00:00;02:00;2017-12-07 02:00:00;;;17.4;8.1;124.21125000000002;37.0;-1015.5462500000001
30622;2017-11-07 00:00:00;23:00;2017-11-07 23:00:00;;;19.2;7.9;182.16703125000004;7.0;130.19343749999996
30622;2017-11-07 00:00:00;20:00;2017-11-07 20:00:00;;0.0;21.7;7.6;182.16703125000004;7.0;130.19343749999996
30622;2017-11-07 00:00:00;17:00;2017-11-07 17:00:00;;;24.1;5.7;182.16703125000004;7.0;130.19343749999996
30622;2017-11-07 00:00:00;14:00;2017-11-07 14:00:00;;;24.4;4.1;182.16703125000004;7.0;130.19343749999996
30622;2017-11-07 00:00:00;11:00;2017-11-07 11:00:00;;;20.6;8.1;182.16703125000004;7.0;130.19343749999996
30622;2017-11-07 00:00:00;08:00;2017-11-07 08:00:00;;0.0;13.0;8.1;182.16703125000004;7.0;130.19343749999996
30622;2017-11-07 00:00:00;05:00;2017-11-07 05:00:00;;;6.6;5.4;182.16703125000004;7.0;130.19343749999996
30622;2017-11-07 00:00:00;02:00;2017-11-07 02:00:00;;;8.7;7.1;182.16703125000004;7.0;130.19343749999996
30622;2017-10-07 00:00:00;23:00;2017-10-07 23:00:00;;;15.3;7.4;195.47062500000004;2.0;535.8900000000001
30622;2017-10-07 00:00:00;20:00;2017-10-07 20:00:00;;0.0;21.3;5.4;195.47062500000004;2.0;535.8900000000001
30622;2017-10-07 00:00:00;17:00;2017-10-07 17:00:00;;;23.8;6.1;195.47062500000004;2.0;535.8900000000001
30622;2017-10-07 00:00:00;14:00;2017-10-07 14:00:00;;;23.4;5.1;195.47062500000004;2.0;535.8900000000001
30622;2017-10-07 00:00:00;11:00;2017-10-07 11:00:00;;;20.8;7.1;195.47062500000004;2.0;535.8900000000001
30622;2017-10-07 00:00:00;08:00;2017-10-07 08:00:00;;0.0;17.6;11.5;195.47062500000004;2.0;535.8900000000001
30622;2017-10-07 00:00:00;05:00;2017-10-07 05:00:00;;;11.9;9.9;195.47062500000004;2.0;535.8900000000001
30622;2017-10-07 00:00:00;02:00;2017-10-07 02:00:00;;;14.3;11.6;195.47062500000004;2.0;535.8900000000001
30622;2017-09-07 00:00:00;23:00;2017-09-07 23:00:00;;;16.7;12.1;142.16812499999997;22.0;1343.3340624999998
30622;2017-09-07 00:00:00;20:00;2017-09-07 20:00:00;;0.3;22.4;8.4;142.16812499999997;22.0;1343.3340624999998
30622;2017-09-07 00:00:00;17:00;2017-09-07 17:00:00;;;20.4;11.4;142.16812499999997;22.0;1343.3340624999998
30622;2017-09-07 00:00:00;14:00;2017-09-07 14:00:00;;;25.8;7.7;142.16812499999997;22.0;1343.3340624999998
30622;2017-09-07 00:00:00;11:00;2017-09-07 11:00:00;;;21.1;8.3;142.16812499999997;22.0;1343.3340624999998
30622;2017-09-07 00:00:00;08:00;2017-09-07 08:00:00;;0.0;12.7;7.7;142.16812499999997;22.0;1343.3340624999998
30622;2017-09-07 00:00:00;05:00;2017-09-07 05:00:00;;;7.0;5.8;142.16812499999997;22.0;1343.3340624999998
30622;2017-09-07 00:00:00;02:00;2017-09-07 02:00:00;;;9.5;7.1;142.16812499999997;22.0;1343.3340624999998
30622;2017-08-07 00:00:00;23:00;2017-08-07 23:00:00;;;14.4;7.1;178.39874999999998;10.0;672.20453125
30622;2017-08-07 00:00:00;20:00;2017-08-07 20:00:00;;0.0;23.5;2.8;178.39874999999998;10.0;672.20453125
30622;2017-08-07 00:00:00;17:00;2017-08-07 17:00:00;;;25.1;2.8;178.39874999999998;10.0;672.20453125
30622;2017-08-07 00:00:00;14:00;2017-08-07 14:00:00;;;23.7;3.7;178.39874999999998;10.0;672.20453125
30622;2017-08-07 00:00:00;11:00;2017-08-07 11:00:00;;;18.9;9.5;178.39874999999998;10.0;672.20453125
30622;2017-08-07 00:00:00;08:00;2017-08-07 08:00:00;;0.0;11.2;8.7;178.39874999999998;10.0;672.20453125
30622;2017-08-07 00:00:00;05:00;2017-08-07 05:00:00;;;8.1;7.7;178.39874999999998;10.0;672.20453125
30622;2017-08-07 00:00:00;02:00;2017-08-07 02:00:00;;;10.7;9.1;178.39874999999998;10.0;672.20453125
30622;2017-07-07 00:00:00;23:00;2017-07-07 23:00:00;;;13.7;10.9;64.90625;19.0;3468.614375
30622;2017-07-07 00:00:00;20:00;2017-07-07 20:00:00;;2.0;17.0;10.7;64.90625;19.0;3468.614375
30622;2017-07-07 00:00:00;17:00;2017-07-07 17:00:00;;;18.1;11.9;64.90625;19.0;3468.614375
30622;2017-07-07 00:00:00;14:00;2017-07-07 14:00:00;;;15.4;13.4;64.90625;19.0;3468.614375
30622;2017-07-07 00:00:00;11:00;2017-07-07 11:00:00;;;17.5;13.5;64.90625;19.0;3468.614375
30622;2017-07-07 00:00:00;08:00;2017-07-07 08:00:00;;0.0;18.3;11.5;64.90625;19.0;3468.614375
30622;2017-07-07 00:00:00;05:00;2017-07-07 05:00:00;;;11.0;8.8;64.90625;19.0;3468.614375
30622;2017-07-07 00:00:00;02:00;2017-07-07 02:00:00;;;13.0;9.8;64.90625;19.0;3468.614375
30622;2017-06-07 00:00:00;23:00;2017-06-07 23:00:00;;;18.7;9.3;168.59562499999998;2.0;259.71640625
30622;2017-06-07 00:00:00;20:00;2017-06-07 20:00:00;;0.0;26.4;10.5;168.59562499999998;2.0;259.71640625
30622;2017-06-07 00:00:00;17:00;2017-06-07 17:00:00;;;30.4;9.0;168.59562499999998;2.0;259.71640625
30622;2017-06-07 00:00:00;14:00;2017-06-07 14:00:00;;;27.7;12.0;168.59562499999998;2.0;259.71640625
30622;2017-06-07 00:00:00;11:00;2017-06-07 11:00:00;;;20.5;12.7;168.59562499999998;2.0;259.71640625
30622;2017-06-07 00:00:00;08:00;2017-06-07 08:00:00;;0.0;9.7;9.4;168.59562499999998;2.0;259.71640625
30622;2017-06-07 00:00:00;05:00;2017-06-07 05:00:00;;;8.0;7.5;168.59562499999998;2.0;259.71640625
30622;2017-06-07 00:00:00;02:00;2017-06-07 02:00:00;;;9.3;8.7;168.59562499999998;2.0;259.71640625
30622;2017-05-07 00:00:00;23:00;2017-05-07 23:00:00;;;13.1;10.5;75.76734375000004;0.0;75.76734375000004
30622;2017-05-07 00:00:00;20:00;2017-05-07 20:00:00;;0.0;19.9;11.1;75.76734375000004;0.0;75.76734375000004
30622;2017-05-07 00:00:00;17:00;2017-05-07 17:00:00;;;20.6;9.9;75.76734375000004;0.0;75.76734375000004
30622;2017-05-07 00:00:00;14:00;2017-05-07 14:00:00;;;19.1;9.9;75.76734375000004;0.0;75.76734375000004
30622;2017-05-07 00:00:00;11:00;2017-05-07 11:00:00;;;15.4;11.6;75.76734375000004;0.0;75.76734375000004
30622;2017-05-07 00:00:00;08:00;2017-05-07 08:00:00;;9.0;13.0;11.2;75.76734375000004;0.0;75.76734375000004
30622;2017-05-07 00:00:00;05:00;2017-05-07 05:00:00;;;11.9;11.1;75.76734375000004;0.0;75.76734375000004
30622;2017-05-07 00:00:00;02:00;2017-05-07 02:00:00;;;12.3;11.3;75.76734375000004;0.0;75.76734375000004
30622;2017-04-07 00:00:00;23:00;2017-04-07 23:00:00;;;12.7;12.0;17.25781250000001;0.0;17.25781250000001
30622;2017-04-07 00:00:00;20:00;2017-04-07 20:00:00;;13.0;12.9;12.0;17.25781250000001;0.0;17.25781250000001
30622;2017-04-07 00:00:00;17:00;2017-04-07 17:00:00;;;13.0;12.0;17.25781250000001;0.0;17.25781250000001
30622;2017-04-07 00:00:00;14:00;2017-04-07 14:00:00;;;14.4;12.9;17.25781250000001;0.0;17.25781250000001
30622;2017-04-07 00:00:00;11:00;2017-04-07 11:00:00;;;15.1;13.9;17.25781250000001;0.0;17.25781250000001
30622;2017-04-07 00:00:00;08:00;2017-04-07 08:00:00;;1.0;15.6;14.2;17.25781250000001;0.0;17.25781250000001
30622;2017-04-07 00:00:00;05:00;2017-04-07 05:00:00;;;16.5;15.3;17.25781250000001;0.0;17.25781250000001
30622;2017-04-07 00:00:00;02:00;2017-04-07 02:00:00;;;17.3;15.8;17.25781250000001;0.0;17.25781250000001
30622;2017-03-07 00:00:00;23:00;2017-03-07 23:00:00;;;18.2;16.2;75.9625;0.0;75.9625
30622;2017-03-07 00:00:00;20:00;2017-03-07 20:00:00;;0.5;22.4;15.7;75.9625;0.0;75.9625
30622;2017-03-07 00:00:00;17:00;2017-03-07 17:00:00;;;21.3;17.6;75.9625;0.0;75.9625
30622;2017-03-07 00:00:00;14:00;2017-03-07 14:00:00;;;25.1;16.1;75.9625;0.0;75.9625
30622;2017-03-07 00:00:00;11:00;2017-03-07 11:00:00;;;22.7;17.9;75.9625;0.0;75.9625
30622;2017-03-07 00:00:00;08:00;2017-03-07 08:00:00;;4.0;19.5;17.5;75.9625;0.0;75.9625
30622;2017-03-07 00:00:00;05:00;2017-03-07 05:00:00;;;17.0;16.6;75.9625;0.0;75.9625
30622;2017-03-07 00:00:00;02:00;2017-03-07 02:00:00;;;18.6;17.7;75.9625;0.0;75.9625
30622;2017-02-07 00:00:00;23:00;2017-02-07 23:00:00;;;19.5;18.1;123.221875;0.0;123.221875
30622;2017-02-07 00:00:00;20:00;2017-02-07 20:00:00;;0.4;22.0;18.9;123.221875;0.0;123.221875
30622;2017-02-07 00:00:00;17:00;2017-02-07 17:00:00;;;27.6;16.3;123.221875;0.0;123.221875
30622;2017-02-07 00:00:00;14:00;2017-02-07 14:00:00;;;28.3;16.0;123.221875;0.0;123.221875
30622;2017-02-07 00:00:00;11:00;2017-02-07 11:00:00;;;26.8;18.0;123.221875;0.0;123.221875
30622;2017-02-07 00:00:00;08:00;2017-02-07 08:00:00;;3.0;20.0;18.5;123.221875;0.0;123.221875
30622;2017-02-07 00:00:00;05:00;2017-02-07 05:00:00;;;18.7;17.3;123.221875;0.0;123.221875
30622;2017-02-07 00:00:00;02:00;2017-02-07 02:00:00;;;20.5;17.3;123.221875;0.0;123.221875
30622;2017-01-07 00:00:00;23:00;2017-01-07 23:00:00;;;25.3;15.9;293.94093749999996;1.0;354.00281249999995
30622;2017-01-07 00:00:00;20:00;2017-01-07 20:00:00;;0.0;30.9;10.9;293.94093749999996;1.0;354.00281249999995
30622;2017-01-07 00:00:00;17:00;2017-01-07 17:00:00;;;33.3;12.6;293.94093749999996;1.0;354.00281249999995
30622;2017-01-07 00:00:00;14:00;2017-01-07 14:00:00;;;34.6;10.0;293.94093749999996;1.0;354.00281249999995
30622;2017-01-07 00:00:00;11:00;2017-01-07 11:00:00;;;26.8;12.3;293.94093749999996;1.0;354.00281249999995
30622;2017-01-07 00:00:00;08:00;2017-01-07 08:00:00;;0.0;16.6;10.7;293.94093749999996;1.0;354.00281249999995
30622;2017-01-07 00:00:00;05:00;2017-01-07 05:00:00;;;10.1;9.0;293.94093749999996;1.0;354.00281249999995
30622;2017-01-07 00:00:00;02:00;2017-01-07 02:00:00;;;13.0;10.5;293.94093749999996;1.0;354.00281249999995
30622;2017-06-30 00:00:00;23:00;2017-06-30 23:00:00;;;18.5;10.9;240.65421875000004;12.0;3303.93078125
30622;2017-06-30 00:00:00;20:00;2017-06-30 20:00:00;;0.0;28.6;13.5;240.65421875000004;12.0;3303.93078125
30622;2017-06-30 00:00:00;17:00;2017-06-30 17:00:00;;;32.4;10.1;240.65421875000004;12.0;3303.93078125
30622;2017-06-30 00:00:00;14:00;2017-06-30 14:00:00;;;30.2;12.1;240.65421875000004;12.0;3303.93078125
30622;2017-06-30 00:00:00;11:00;2017-06-30 11:00:00;;;25.4;13.3;240.65421875000004;12.0;3303.93078125
30622;2017-06-30 00:00:00;08:00;2017-06-30 08:00:00;;0.0;17.7;11.7;240.65421875000004;12.0;3303.93078125
30622;2017-06-30 00:00:00;05:00;2017-06-30 05:00:00;;;11.8;10.7;240.65421875000004;12.0;3303.93078125
30622;2017-06-30 00:00:00;02:00;2017-06-30 02:00:00;;;14.7;11.1;240.65421875000004;12.0;3303.93078125
30622;2017-06-29 00:00:00;23:00;2017-06-29 23:00:00;;;19.4;11.6;275.68359375;11.0;3063.2765625
30622;2017-06-29 00:00:00;20:00;2017-06-29 20:00:00;;0.0;29.4;8.6;275.68359375;11.0;3063.2765625
30622;2017-06-29 00:00:00;17:00;2017-06-29 17:00:00;;;31.9;8.8;275.68359375;11.0;3063.2765625
30622;2017-06-29 00:00:00;14:00;2017-06-29 14:00:00;;;29.2;9.7;275.68359375;11.0;3063.2765625
30622;2017-06-29 00:00:00;11:00;2017-06-29 11:00:00;;;27.7;12.5;275.68359375;11.0;3063.2765625
30622;2017-06-29 00:00:00;08:00;2017-06-29 08:00:00;;0.0;18.3;14.0;275.68359375;11.0;3063.2765625
30622;2017-06-29 00:00:00;05:00;2017-06-29 05:00:00;;;14.5;12.9;275.68359375;11.0;3063.2765625
30622;2017-06-29 00:00:00;02:00;2017-06-29 02:00:00;;;17.1;15.3;275.68359375;11.0;3063.2765625
30622;2017-06-28 00:00:00;23:00;2017-06-28 23:00:00;;;18.7;15.0;165.27500000000003;10.0;2787.59296875
30622;2017-06-28 00:00:00;20:00;2017-06-28 20:00:00;;0.3;23.8;16.7;165.27500000000003;10.0;2787.59296875
30622;2017-06-28 00:00:00;17:00;2017-06-28 17:00:00;;;24.3;16.4;165.27500000000003;10.0;2787.59296875
30622;2017-06-28 00:00:00;14:00;2017-06-28 14:00:00;;;27.8;11.9;165.27500000000003;10.0;2787.59296875
30622;2017-06-28 00:00:00;11:00;2017-06-28 11:00:00;;;26.5;15.4;165.27500000000003;10.0;2787.59296875
30622;2017-06-28 00:00:00;08:00;2017-06-28 08:00:00;;0.0;20.3;14.6;165.27500000000003;10.0;2787.59296875
30622;2017-06-28 00:00:00;05:00;2017-06-28 05:00:00;;;16.0;12.7;165.27500000000003;10.0;2787.59296875
30622;2017-06-28 00:00:00;02:00;2017-06-28 02:00:00;;;18.6;13.2;165.27500000000003;10.0;2787.59296875
30622;2017-06-27 00:00:00;23:00;2017-06-27 23:00:00;;;22.4;12.7;219.66468749999996;9.0;2622.31796875
30622;2017-06-27 00:00:00;20:00;2017-06-27 20:00:00;;0.0;27.6;12.5;219.66468749999996;9.0;2622.31796875
30622;2017-06-27 00:00:00;17:00;2017-06-27 17:00:00;;;28.2;12.9;219.66468749999996;9.0;2622.31796875
30622;2017-06-27 00:00:00;14:00;2017-06-27 14:00:00;;;27.5;13.4;219.66468749999996;9.0;2622.31796875
30622;2017-06-27 00:00:00;11:00;2017-06-27 11:00:00;;;26.0;14.0;219.66468749999996;9.0;2622.31796875
30622;2017-06-27 00:00:00;08:00;2017-06-27 08:00:00;;0.0;19.7;15.3;219.66468749999996;9.0;2622.31796875
30622;2017-06-27 00:00:00;05:00;2017-06-27 05:00:00;;;17.9;15.6;219.66468749999996;9.0;2622.31796875
30622;2017-06-27 00:00:00;02:00;2017-06-27 02:00:00;;;18.9;17.1;219.66468749999996;9.0;2622.31796875
30622;2017-06-26 00:00:00;23:00;2017-06-26 23:00:00;;;19.7;17.2;190.05234374999995;8.0;2402.65328125
30622;2017-06-26 00:00:00;20:00;2017-06-26 20:00:00;;1.0;21.9;18.1;190.05234374999995;8.0;2402.65328125
30622;2017-06-26 00:00:00;17:00;2017-06-26 17:00:00;;;28.0;14.0;190.05234374999995;8.0;2402.65328125
30622;2017-06-26 00:00:00;14:00;2017-06-26 14:00:00;;;33.8;12.4;190.05234374999995;8.0;2402.65328125
30622;2017-06-26 00:00:00;11:00;2017-06-26 11:00:00;;;28.2;16.0;190.05234374999995;8.0;2402.65328125
30622;2017-06-26 00:00:00;08:00;2017-06-26 08:00:00;;0.0;19.0;14.8;190.05234374999995;8.0;2402.65328125
30622;2017-06-26 00:00:00;05:00;2017-06-26 05:00:00;;;15.5;13.4;190.05234374999995;8.0;2402.65328125
30622;2017-06-26 00:00:00;02:00;2017-06-26 02:00:00;;;19.6;14.3;190.05234374999995;8.0;2402.65328125
30622;2017-06-25 00:00:00;23:00;2017-06-25 23:00:00;;;25.0;14.7;297.00906249999997;7.0;2212.6009375
30622;2017-06-25 00:00:00;20:00;2017-06-25 20:00:00;;0.0;30.1;11.8;297.00906249999997;7.0;2212.6009375
30622;2017-06-25 00:00:00;17:00;2017-06-25 17:00:00;;;32.9;12.9;297.00906249999997;7.0;2212.6009375
30622;2017-06-25 00:00:00;14:00;2017-06-25 14:00:00;;;31.1;11.2;297.00906249999997;7.0;2212.6009375
30622;2017-06-25 00:00:00;11:00;2017-06-25 11:00:00;;;23.3;11.9;297.00906249999997;7.0;2212.6009375
30622;2017-06-25 00:00:00;08:00;2017-06-25 08:00:00;;0.0;17.6;11.3;297.00906249999997;7.0;2212.6009375
30622;2017-06-25 00:00:00;05:00;2017-06-25 05:00:00;;;15.9;10.3;297.00906249999997;7.0;2212.6009375
30622;2017-06-25 00:00:00;02:00;2017-06-25 02:00:00;;;16.3;9.2;297.00906249999997;7.0;2212.6009375
30622;2017-06-24 00:00:00;23:00;2017-06-24 23:00:00;;;23.0;9.1;362.31500000000005;6.0;1915.591875
30622;2017-06-24 00:00:00;20:00;2017-06-24 20:00:00;;0.0;30.6;10.2;362.31500000000005;6.0;1915.591875
30622;2017-06-24 00:00:00;17:00;2017-06-24 17:00:00;;;36.1;5.3;362.31500000000005;6.0;1915.591875
30622;2017-06-24 00:00:00;14:00;2017-06-24 14:00:00;;;34.7;6.1;362.31500000000005;6.0;1915.591875
30622;2017-06-24 00:00:00;11:00;2017-06-24 11:00:00;;;25.2;8.7;362.31500000000005;6.0;1915.591875
30622;2017-06-24 00:00:00;08:00;2017-06-24 08:00:00;;0.0;15.6;8.2;362.31500000000005;6.0;1915.591875
30622;2017-06-24 00:00:00;05:00;2017-06-24 05:00:00;;;8.8;6.6;362.31500000000005;6.0;1915.591875
30622;2017-06-24 00:00:00;02:00;2017-06-24 02:00:00;;;12.4;7.8;362.31500000000005;6.0;1915.591875
30622;2017-06-23 00:00:00;23:00;2017-06-23 23:00:00;;;16.5;8.4;335.11078124999995;5.0;1553.276875
30622;2017-06-23 00:00:00;20:00;2017-06-23 20:00:00;;0.0;29.4;5.6;335.11078124999995;5.0;1553.276875
30622;2017-06-23 00:00:00;17:00;2017-06-23 17:00:00;;;33.7;4.0;335.11078124999995;5.0;1553.276875
30622;2017-06-23 00:00:00;14:00;2017-06-23 14:00:00;;;33.2;3.7;335.11078124999995;5.0;1553.276875
30622;2017-06-23 00:00:00;11:00;2017-06-23 11:00:00;;;25.0;9.9;335.11078124999995;5.0;1553.276875
30622;2017-06-23 00:00:00;08:00;2017-06-23 08:00:00;;0.0;15.0;6.3;335.11078124999995;5.0;1553.276875
30622;2017-06-23 00:00:00;05:00;2017-06-23 05:00:00;;;8.6;5.5;335.11078124999995;5.0;1553.276875
30622;2017-06-23 00:00:00;02:00;2017-06-23 02:00:00;;;11.7;5.8;335.11078124999995;5.0;1553.276875
30622;2017-06-22 00:00:00;23:00;2017-06-22 23:00:00;;;18.8;5.9;379.58265624999996;4.0;1218.16609375
30622;2017-06-22 00:00:00;20:00;2017-06-22 20:00:00;;0.0;28.2;4.9;379.58265624999996;4.0;1218.16609375
30622;2017-06-22 00:00:00;17:00;2017-06-22 17:00:00;;;33.6;2.6;379.58265624999996;4.0;1218.16609375
30622;2017-06-22 00:00:00;14:00;2017-06-22 14:00:00;;;33.9;2.8;379.58265624999996;4.0;1218.16609375
30622;2017-06-22 00:00:00;11:00;2017-06-22 11:00:00;;;28.3;9.1;379.58265624999996;4.0;1218.16609375
30622;2017-06-22 00:00:00;08:00;2017-06-22 08:00:00;;0.0;16.5;9.1;379.58265624999996;4.0;1218.16609375
30622;2017-06-22 00:00:00;05:00;2017-06-22 05:00:00;;;9.7;6.5;379.58265624999996;4.0;1218.16609375
30622;2017-06-22 00:00:00;02:00;2017-06-22 02:00:00;;;12.7;7.1;379.58265624999996;4.0;1218.16609375
30622;2017-06-21 00:00:00;23:00;2017-06-21 23:00:00;;;19.8;6.1;290.71781250000004;3.0;838.5834375000002
30622;2017-06-21 00:00:00;20:00;2017-06-21 20:00:00;;0.0;28.5;9.4;290.71781250000004;3.0;838.5834375000002
30622;2017-06-21 00:00:00;17:00;2017-06-21 17:00:00;;;31.0;5.8;290.71781250000004;3.0;838.5834375000002
30622;2017-06-21 00:00:00;14:00;2017-06-21 14:00:00;;;31.3;6.6;290.71781250000004;3.0;838.5834375000002
30622;2017-06-21 00:00:00;11:00;2017-06-21 11:00:00;;;25.7;9.7;290.71781250000004;3.0;838.5834375000002
30622;2017-06-21 00:00:00;08:00;2017-06-21 08:00:00;;0.0;15.3;9.2;290.71781250000004;3.0;838.5834375000002
30622;2017-06-21 00:00:00;05:00;2017-06-21 05:00:00;;;8.3;7.3;290.71781250000004;3.0;838.5834375000002
30622;2017-06-21 00:00:00;02:00;2017-06-21 02:00:00;;;11.9;9.4;290.71781250000004;3.0;838.5834375000002
30622;2017-06-20 00:00:00;23:00;2017-06-20 23:00:00;;;17.5;10.6;246.99062500000005;2.0;547.8656250000001
30622;2017-06-20 00:00:00;20:00;2017-06-20 20:00:00;;0.0;28.0;6.6;246.99062500000005;2.0;547.8656250000001
30622;2017-06-20 00:00:00;17:00;2017-06-20 17:00:00;;;30.9;5.0;246.99062500000005;2.0;547.8656250000001
30622;2017-06-20 00:00:00;14:00;2017-06-20 14:00:00;;;29.1;7.0;246.99062500000005;2.0;547.8656250000001
30622;2017-06-20 00:00:00;11:00;2017-06-20 11:00:00;;;23.7;11.2;246.99062500000005;2.0;547.8656250000001
30622;2017-06-20 00:00:00;08:00;2017-06-20 08:00:00;;0.0;14.7;8.8;246.99062500000005;2.0;547.8656250000001
30622;2017-06-20 00:00:00;05:00;2017-06-20 05:00:00;;;7.6;6.3;246.99062500000005;2.0;547.8656250000001
30622;2017-06-20 00:00:00;02:00;2017-06-20 02:00:00;;;9.8;7.8;246.99062500000005;2.0;547.8656250000001
30622;2017-06-19 00:00:00;23:00;2017-06-19 23:00:00;;;16.0;8.6;188.81843750000004;1.0;300.87500000000006
30622;2017-06-19 00:00:00;20:00;2017-06-19 20:00:00;;0.0;25.1;7.0;188.81843750000004;1.0;300.87500000000006
30622;2017-06-19 00:00:00;17:00;2017-06-19 17:00:00;;;25.7;6.4;188.81843750000004;1.0;300.87500000000006
30622;2017-06-19 00:00:00;14:00;2017-06-19 14:00:00;;;24.1;5.6;188.81843750000004;1.0;300.87500000000006
30622;2017-06-19 00:00:00;11:00;2017-06-19 11:00:00;;;20.4;10.0;188.81843750000004;1.0;300.87500000000006
30622;2017-06-19 00:00:00;08:00;2017-06-19 08:00:00;;0.3;16.2;9.4;188.81843750000004;1.0;300.87500000000006
30622;2017-06-19 00:00:00;05:00;2017-06-19 05:00:00;;;9.2;8.1;188.81843750000004;1.0;300.87500000000006
30622;2017-06-19 00:00:00;02:00;2017-06-19 02:00:00;;;9.6;8.6;188.81843750000004;1.0;300.87500000000006
30622;2017-06-18 00:00:00;23:00;2017-06-18 23:00:00;;;12.0;10.7;112.05656250000003;0.0;112.05656250000003
30622;2017-06-18 00:00:00;20:00;2017-06-18 20:00:00;;4.0;20.5;12.2;112.05656250000003;0.0;112.05656250000003
30622;2017-06-18 00:00:00;17:00;2017-06-18 17:00:00;;;24.6;9.8;112.05656250000003;0.0;112.05656250000003
30622;2017-06-18 00:00:00;14:00;2017-06-18 14:00:00;;;24.2;9.8;112.05656250000003;0.0;112.05656250000003
30622;2017-06-18 00:00:00;11:00;2017-06-18 11:00:00;;;20.0;12.5;112.05656250000003;0.0;112.05656250000003
30622;2017-06-18 00:00:00;08:00;2017-06-18 08:00:00;;1.0;12.6;10.6;112.05656250000003;0.0;112.05656250000003
30622;2017-06-18 00:00:00;05:00;2017-06-18 05:00:00;;;10.7;8.3;112.05656250000003;0.0;112.05656250000003
30622;2017-06-18 00:00:00;02:00;2017-06-18 02:00:00;;;9.7;7.0;112.05656250000003;0.0;112.05656250000003
30622;2017-06-17 00:00:00;23:00;2017-06-17 23:00:00;;;14.4;8.3;171.99187500000002;12.0;1197.3220312499998
30622;2017-06-17 00:00:00;20:00;2017-06-17 20:00:00;;0.0;21.7;9.2;171.99187500000002;12.0;1197.3220312499998
30622;2017-06-17 00:00:00;17:00;2017-06-17 17:00:00;;;23.3;7.7;171.99187500000002;12.0;1197.3220312499998
30622;2017-06-17 00:00:00;14:00;2017-06-17 14:00:00;;;21.2;6.3;171.99187500000002;12.0;1197.3220312499998
30622;2017-06-17 00:00:00;11:00;2017-06-17 11:00:00;;;21.1;6.4;171.99187500000002;12.0;1197.3220312499998
30622;2017-06-17 00:00:00;08:00;2017-06-17 08:00:00;;0.0;15.1;6.4;171.99187500000002;12.0;1197.3220312499998
30622;2017-06-17 00:00:00;05:00;2017-06-17 05:00:00;;;10.0;5.4;171.99187500000002;12.0;1197.3220312499998
30622;2017-06-17 00:00:00;02:00;2017-06-17 02:00:00;;;9.6;6.0;171.99187500000002;12.0;1197.3220312499998
30622;2017-06-16 00:00:00;23:00;2017-06-16 23:00:00;;;13.2;5.1;203.79734374999992;11.0;1025.3301562499998
30622;2017-06-16 00:00:00;20:00;2017-06-16 20:00:00;;0.0;20.4;4.7;203.79734374999992;11.0;1025.3301562499998
30622;2017-06-16 00:00:00;17:00;2017-06-16 17:00:00;;;24.2;1.4;203.79734374999992;11.0;1025.3301562499998
30622;2017-06-16 00:00:00;14:00;2017-06-16 14:00:00;;;23.3;3.3;203.79734374999992;11.0;1025.3301562499998
30622;2017-06-16 00:00:00;11:00;2017-06-16 11:00:00;;;23.4;4.6;203.79734374999992;11.0;1025.3301562499998
30622;2017-06-16 00:00:00;08:00;2017-06-16 08:00:00;;0.0;13.9;5.0;203.79734374999992;11.0;1025.3301562499998
30622;2017-06-16 00:00:00;05:00;2017-06-16 05:00:00;;;4.3;2.7;203.79734374999992;11.0;1025.3301562499998
30622;2017-06-16 00:00:00;02:00;2017-06-16 02:00:00;;;7.6;3.4;203.79734374999992;11.0;1025.3301562499998
30622;2017-06-15 00:00:00;23:00;2017-06-15 23:00:00;;;12.4;4.2;215.36624999999995;10.0;821.5328125
30622;2017-06-15 00:00:00;20:00;2017-06-15 20:00:00;;0.0;22.6;1.0;215.36624999999995;10.0;821.5328125
30622;2017-06-15 00:00:00;17:00;2017-06-15 17:00:00;;;23.6;-0.9;215.36624999999995;10.0;821.5328125
30622;2017-06-15 00:00:00;14:00;2017-06-15 14:00:00;;;24.7;0.4;215.36624999999995;10.0;821.5328125
30622;2017-06-15 00:00:00;11:00;2017-06-15 11:00:00;;;21.3;8.2;215.36624999999995;10.0;821.5328125
30622;2017-06-15 00:00:00;08:00;2017-06-15 08:00:00;;0.0;12.3;7.9;215.36624999999995;10.0;821.5328125
30622;2017-06-15 00:00:00;05:00;2017-06-15 05:00:00;;;8.1;6.3;215.36624999999995;10.0;821.5328125
30622;2017-06-15 00:00:00;02:00;2017-06-15 02:00:00;;;11.2;7.9;215.36624999999995;10.0;821.5328125
30622;2017-06-14 00:00:00;23:00;2017-06-14 23:00:00;;;14.4;7.3;132.234375;9.0;606.1665625
30622;2017-06-14 00:00:00;20:00;2017-06-14 20:00:00;;0.0;19.1;5.4;132.234375;9.0;606.1665625
30622;2017-06-14 00:00:00;17:00;2017-06-14 17:00:00;;;21.7;4.2;132.234375;9.0;606.1665625
30622;2017-06-14 00:00:00;14:00;2017-06-14 14:00:00;;;20.7;7.5;132.234375;9.0;606.1665625
30622;2017-06-14 00:00:00;11:00;2017-06-14 11:00:00;;;16.9;10.0;132.234375;9.0;606.1665625
30622;2017-06-14 00:00:00;08:00;2017-06-14 08:00:00;;0.0;14.0;10.3;132.234375;9.0;606.1665625
30622;2017-06-14 00:00:00;05:00;2017-06-14 05:00:00;;;11.6;10.1;132.234375;9.0;606.1665625
30622;2017-06-14 00:00:00;02:00;2017-06-14 02:00:00;;;11.6;10.1;132.234375;9.0;606.1665625
30622;2017-06-13 00:00:00;23:00;2017-06-13 23:00:00;;;12.7;10.5;80.36109375000001;8.0;473.9321875
30622;2017-06-13 00:00:00;20:00;2017-06-13 20:00:00;;1.0;13.9;10.8;80.36109375000001;8.0;473.9321875
30622;2017-06-13 00:00:00;17:00;2017-06-13 17:00:00;;;13.6;11.8;80.36109375000001;8.0;473.9321875
30622;2017-06-13 00:00:00;14:00;2017-06-13 14:00:00;;;16.4;11.1;80.36109375000001;8.0;473.9321875
30622;2017-06-13 00:00:00;11:00;2017-06-13 11:00:00;;;20.1;10.8;80.36109375000001;8.0;473.9321875
30622;2017-06-13 00:00:00;08:00;2017-06-13 08:00:00;;0.0;17.2;11.2;80.36109375000001;8.0;473.9321875
30622;2017-06-13 00:00:00;05:00;2017-06-13 05:00:00;;;16.0;10.7;80.36109375000001;8.0;473.9321875
30622;2017-06-13 00:00:00;02:00;2017-06-13 02:00:00;;;19.0;12.1;80.36109375000001;8.0;473.9321875
30622;2017-12-06 00:00:00;23:00;2017-12-06 23:00:00;;;22.7;6.7;362.48828124999994;36.0;-1139.7575000000002
30622;2017-12-06 00:00:00;20:00;2017-12-06 20:00:00;;0.0;28.3;6.6;362.48828124999994;36.0;-1139.7575000000002
30622;2017-12-06 00:00:00;17:00;2017-12-06 17:00:00;;;32.5;3.6;362.48828124999994;36.0;-1139.7575000000002
30622;2017-12-06 00:00:00;14:00;2017-12-06 14:00:00;;;32.1;3.7;362.48828124999994;36.0;-1139.7575000000002
30622;2017-12-06 00:00:00;11:00;2017-12-06 11:00:00;;;27.9;7.4;362.48828124999994;36.0;-1139.7575000000002
30622;2017-12-06 00:00:00;08:00;2017-12-06 08:00:00;;0.0;15.3;7.3;362.48828124999994;36.0;-1139.7575000000002
30622;2017-12-06 00:00:00;05:00;2017-12-06 05:00:00;;;7.4;5.2;362.48828124999994;36.0;-1139.7575000000002
30622;2017-12-06 00:00:00;02:00;2017-12-06 02:00:00;;;11.3;6.3;362.48828124999994;36.0;-1139.7575000000002
30622;2017-11-06 00:00:00;23:00;2017-11-06 23:00:00;;;18.6;4.6;314.13812499999995;6.0;-51.97359375000008
30622;2017-11-06 00:00:00;20:00;2017-11-06 20:00:00;;0.0;26.7;9.3;314.13812499999995;6.0;-51.97359375000008
30622;2017-11-06 00:00:00;17:00;2017-11-06 17:00:00;;;31.7;1.1;314.13812499999995;6.0;-51.97359375000008
30622;2017-11-06 00:00:00;14:00;2017-11-06 14:00:00;;;30.4;2.6;314.13812499999995;6.0;-51.97359375000008
30622;2017-11-06 00:00:00;11:00;2017-11-06 11:00:00;;;23.7;6.3;314.13812499999995;6.0;-51.97359375000008
30622;2017-11-06 00:00:00;08:00;2017-11-06 08:00:00;;0.0;14.7;7.2;314.13812499999995;6.0;-51.97359375000008
30622;2017-11-06 00:00:00;05:00;2017-11-06 05:00:00;;;8.4;6.2;314.13812499999995;6.0;-51.97359375000008
30622;2017-11-06 00:00:00;02:00;2017-11-06 02:00:00;;;11.0;6.2;314.13812499999995;6.0;-51.97359375000008
30622;2017-10-06 00:00:00;23:00;2017-10-06 23:00:00;;;15.8;7.7;321.7725;1.0;340.419375
30622;2017-10-06 00:00:00;20:00;2017-10-06 20:00:00;;0.0;26.6;3.3;321.7725;1.0;340.419375
30622;2017-10-06 00:00:00;17:00;2017-10-06 17:00:00;;;27.2;1.5;321.7725;1.0;340.419375
30622;2017-10-06 00:00:00;14:00;2017-10-06 14:00:00;;;24.7;0.6;321.7725;1.0;340.419375
30622;2017-10-06 00:00:00;11:00;2017-10-06 11:00:00;;;22.9;1.1;321.7725;1.0;340.419375
30622;2017-10-06 00:00:00;08:00;2017-10-06 08:00:00;;0.0;15.8;6.0;321.7725;1.0;340.419375
30622;2017-10-06 00:00:00;05:00;2017-10-06 05:00:00;;;12.3;4.6;321.7725;1.0;340.419375
30622;2017-10-06 00:00:00;02:00;2017-10-06 02:00:00;;;13.6;4.5;321.7725;1.0;340.419375
30622;2017-09-06 00:00:00;23:00;2017-09-06 23:00:00;;;16.4;2.3;242.85234375;21.0;1201.1659375
30622;2017-09-06 00:00:00;20:00;2017-09-06 20:00:00;;0.0;22.6;0.7;242.85234375;21.0;1201.1659375
30622;2017-09-06 00:00:00;17:00;2017-09-06 17:00:00;;;26.1;-2.9;242.85234375;21.0;1201.1659375
30622;2017-09-06 00:00:00;14:00;2017-09-06 14:00:00;;;25.1;-2.3;242.85234375;21.0;1201.1659375
30622;2017-09-06 00:00:00;11:00;2017-09-06 11:00:00;;;18.9;3.9;242.85234375;21.0;1201.1659375
30622;2017-09-06 00:00:00;08:00;2017-09-06 08:00:00;;0.0;10.7;4.3;242.85234375;21.0;1201.1659375
30622;2017-09-06 00:00:00;05:00;2017-09-06 05:00:00;;;4.1;2.3;242.85234375;21.0;1201.1659375
30622;2017-09-06 00:00:00;02:00;2017-09-06 02:00:00;;;6.6;3.1;242.85234375;21.0;1201.1659375
30622;2017-08-06 00:00:00;23:00;2017-08-06 23:00:00;;;12.6;3.7;192.99515625000004;9.0;493.80578125
30622;2017-08-06 00:00:00;20:00;2017-08-06 20:00:00;;0.0;22.1;2.7;192.99515625000004;9.0;493.80578125
30622;2017-08-06 00:00:00;17:00;2017-08-06 17:00:00;;;24.8;0.2;192.99515625000004;9.0;493.80578125
30622;2017-08-06 00:00:00;14:00;2017-08-06 14:00:00;;;22.6;0.3;192.99515625000004;9.0;493.80578125
30622;2017-08-06 00:00:00;11:00;2017-08-06 11:00:00;;;17.4;0.4;192.99515625000004;9.0;493.80578125
30622;2017-08-06 00:00:00;08:00;2017-08-06 08:00:00;;0.0;8.8;2.8;192.99515625000004;9.0;493.80578125
30622;2017-08-06 00:00:00;05:00;2017-08-06 05:00:00;;;2.0;0.3;192.99515625000004;9.0;493.80578125
30622;2017-08-06 00:00:00;02:00;2017-08-06 02:00:00;;;7.0;1.6;192.99515625000004;9.0;493.80578125
30622;2017-07-06 00:00:00;23:00;2017-07-06 23:00:00;;;12.0;1.5;126.29906249999999;18.0;3403.708125
30622;2017-07-06 00:00:00;20:00;2017-07-06 20:00:00;;0.0;18.3;2.5;126.29906249999999;18.0;3403.708125
30622;2017-07-06 00:00:00;17:00;2017-07-06 17:00:00;;;20.3;2.5;126.29906249999999;18.0;3403.708125
30622;2017-07-06 00:00:00;14:00;2017-07-06 14:00:00;;;18.4;5.2;126.29906249999999;18.0;3403.708125
30622;2017-07-06 00:00:00;11:00;2017-07-06 11:00:00;;;16.7;7.0;126.29906249999999;18.0;3403.708125
30622;2017-07-06 00:00:00;08:00;2017-07-06 08:00:00;;0.4;11.5;8.5;126.29906249999999;18.0;3403.708125
30622;2017-07-06 00:00:00;05:00;2017-07-06 05:00:00;;;7.0;5.8;126.29906249999999;18.0;3403.708125
30622;2017-07-06 00:00:00;02:00;2017-07-06 02:00:00;;;7.6;6.5;126.29906249999999;18.0;3403.708125
30622;2017-06-06 00:00:00;23:00;2017-06-06 23:00:00;;;11.3;8.8;68.53921875;1.0;91.12078125
30622;2017-06-06 00:00:00;20:00;2017-06-06 20:00:00;;2.0;14.7;6.5;68.53921875;1.0;91.12078125
30622;2017-06-06 00:00:00;17:00;2017-06-06 17:00:00;;;16.3;7.1;68.53921875;1.0;91.12078125
30622;2017-06-06 00:00:00;14:00;2017-06-06 14:00:00;;;15.6;9.0;68.53921875;1.0;91.12078125
30622;2017-06-06 00:00:00;11:00;2017-06-06 11:00:00;;;16.7;7.8;68.53921875;1.0;91.12078125
30622;2017-06-06 00:00:00;08:00;2017-06-06 08:00:00;;1.0;13.0;8.9;68.53921875;1.0;91.12078125
30622;2017-06-06 00:00:00;05:00;2017-06-06 05:00:00;;;8.6;7.1;68.53921875;1.0;91.12078125
30622;2017-06-06 00:00:00;02:00;2017-06-06 02:00:00;;;7.5;6.2;68.53921875;1.0;91.12078125
30622;2017-05-06 00:00:00;23:00;2017-05-06 23:00:00;;;7.4;6.3;20.2890625;18.0;779.38484375
30622;2017-05-06 00:00:00;20:00;2017-05-06 20:00:00;;0.3;8.0;5.8;20.2890625;18.0;779.38484375
30622;2017-05-06 00:00:00;17:00;2017-05-06 17:00:00;;;11.3;2.8;20.2890625;18.0;779.38484375
30622;2017-05-06 00:00:00;14:00;2017-05-06 14:00:00;;;10.4;2.8;20.2890625;18.0;779.38484375
30622;2017-05-06 00:00:00;11:00;2017-05-06 11:00:00;;;8.7;4.3;20.2890625;18.0;779.38484375
30622;2017-05-06 00:00:00;08:00;2017-05-06 08:00:00;;0.0;2.2;0.8;20.2890625;18.0;779.38484375
30622;2017-05-06 00:00:00;05:00;2017-05-06 05:00:00;;;0.1;-0.6;20.2890625;18.0;779.38484375
30622;2017-05-06 00:00:00;02:00;2017-05-06 02:00:00;;;0.9;0.3;20.2890625;18.0;779.38484375
30622;2017-04-06 00:00:00;23:00;2017-04-06 23:00:00;;;5.2;2.3;38.055;0.0;38.055
30622;2017-04-06 00:00:00;20:00;2017-04-06 20:00:00;;0.5;11.5;1.4;38.055;0.0;38.055
30622;2017-04-06 00:00:00;17:00;2017-04-06 17:00:00;;;13.1;2.1;38.055;0.0;38.055
30622;2017-04-06 00:00:00;14:00;2017-04-06 14:00:00;;;8.5;4.6;38.055;0.0;38.055
30622;2017-04-06 00:00:00;11:00;2017-04-06 11:00:00;;;9.3;6.2;38.055;0.0;38.055
30622;2017-04-06 00:00:00;08:00;2017-04-06 08:00:00;;4.0;9.5;8.4;38.055;0.0;38.055
30622;2017-04-06 00:00:00;05:00;2017-04-06 05:00:00;;;8.2;7.2;38.055;0.0;38.055
30622;2017-04-06 00:00:00;02:00;2017-04-06 02:00:00;;;5.5;4.2;38.055;0.0;38.055
30622;2017-03-06 00:00:00;23:00;2017-03-06 23:00:00;;;8.9;6.0;54.41375;27.0;-916.55671875
30622;2017-03-06 00:00:00;20:00;2017-03-06 20:00:00;;0.0;;6.3;54.41375;27.0;-916.55671875
30622;2017-03-06 00:00:00;17:00;2017-03-06 17:00:00;;;17.5;5.8;54.41375;27.0;-916.55671875
30622;2017-03-06 00:00:00;14:00;2017-03-06 14:00:00;;;15.2;6.2;54.41375;27.0;-916.55671875
30622;2017-03-06 00:00:00;11:00;2017-03-06 11:00:00;;;14.3;5.6;54.41375;27.0;-916.55671875
30622;2017-03-06 00:00:00;08:00;2017-03-06 08:00:00;;0.0;7.5;4.1;54.41375;27.0;-916.55671875
30622;2017-03-06 00:00:00;05:00;2017-03-06 05:00:00;;;2.4;1.4;54.41375;27.0;-916.55671875
30622;2017-03-06 00:00:00;02:00;2017-03-06 02:00:00;;;4.9;2.3;54.41375;27.0;-916.55671875
30622;2017-02-06 00:00:00;23:00;2017-02-06 23:00:00;;;10.9;3.5;119.96062500000001;31.0;-2050.9867187500004
30622;2017-02-06 00:00:00;20:00;2017-02-06 20:00:00;;0.0;18.3;0.3;119.96062500000001;31.0;-2050.9867187500004
30622;2017-02-06 00:00:00;17:00;2017-02-06 17:00:00;;;20.2;-1.1;119.96062500000001;31.0;-2050.9867187500004
30622;2017-02-06 00:00:00;14:00;2017-02-06 14:00:00;;;18.3;2.0;119.96062500000001;31.0;-2050.9867187500004
30622;2017-02-06 00:00:00;11:00;2017-02-06 11:00:00;;;14.5;3.1;119.96062500000001;31.0;-2050.9867187500004
30622;2017-02-06 00:00:00;08:00;2017-02-06 08:00:00;;0.0;7.0;2.5;119.96062500000001;31.0;-2050.9867187500004
30622;2017-02-06 00:00:00;05:00;2017-02-06 05:00:00;;;1.4;-0.2;119.96062500000001;31.0;-2050.9867187500004
30622;2017-02-06 00:00:00;02:00;2017-02-06 02:00:00;;;2.8;1.1;119.96062500000001;31.0;-2050.9867187500004
30622;2017-01-06 00:00:00;23:00;2017-01-06 23:00:00;;;8.4;3.1;60.06187499999999;0.0;60.06187499999999
30622;2017-01-06 00:00:00;20:00;2017-01-06 20:00:00;;5.0;13.0;4.6;60.06187499999999;0.0;60.06187499999999
30622;2017-01-06 00:00:00;17:00;2017-01-06 17:00:00;;;12.1;5.4;60.06187499999999;0.0;60.06187499999999
30622;2017-01-06 00:00:00;14:00;2017-01-06 14:00:00;;;10.6;7.7;60.06187499999999;0.0;60.06187499999999
30622;2017-01-06 00:00:00;11:00;2017-01-06 11:00:00;;;11.4;9.7;60.06187499999999;0.0;60.06187499999999
30622;2017-01-06 00:00:00;08:00;2017-01-06 08:00:00;;3.0;11.2;9.9;60.06187499999999;0.0;60.06187499999999
30622;2017-01-06 00:00:00;05:00;2017-01-06 05:00:00;;;13.4;10.5;60.06187499999999;0.0;60.06187499999999
30622;2017-01-06 00:00:00;02:00;2017-01-06 02:00:00;;;13.2;1.2;60.06187499999999;0.0;60.06187499999999
30622;2017-05-31 00:00:00;23:00;2017-05-31 23:00:00;;;16.0;-2.7;249.31687499999998;13.0;2174.3510937499996
30622;2017-05-31 00:00:00;20:00;2017-05-31 20:00:00;;0.0;21.6;-1.9;249.31687499999998;13.0;2174.3510937499996
30622;2017-05-31 00:00:00;17:00;2017-05-31 17:00:00;;;24.2;-3.3;249.31687499999998;13.0;2174.3510937499996
30622;2017-05-31 00:00:00;14:00;2017-05-31 14:00:00;;;22.5;-3.7;249.31687499999998;13.0;2174.3510937499996
30622;2017-05-31 00:00:00;11:00;2017-05-31 11:00:00;;;17.2;-3.3;249.31687499999998;13.0;2174.3510937499996
30622;2017-05-31 00:00:00;08:00;2017-05-31 08:00:00;;0.0;7.1;-3.2;249.31687499999998;13.0;2174.3510937499996
30622;2017-05-31 00:00:00;05:00;2017-05-31 05:00:00;;;0.2;-3.7;249.31687499999998;13.0;2174.3510937499996
30622;2017-05-31 00:00:00;02:00;2017-05-31 02:00:00;;;5.5;-3.5;249.31687499999998;13.0;2174.3510937499996
30622;2017-05-30 00:00:00;23:00;2017-05-30 23:00:00;;;15.1;-6.8;214.30390624999998;12.0;1925.0342187499998
30622;2017-05-30 00:00:00;20:00;2017-05-30 20:00:00;;0.0;21.0;-7.1;214.30390624999998;12.0;1925.0342187499998
30622;2017-05-30 00:00:00;17:00;2017-05-30 17:00:00;;;22.9;-1.8;214.30390624999998;12.0;1925.0342187499998
30622;2017-05-30 00:00:00;14:00;2017-05-30 14:00:00;;;20.0;-2.7;214.30390624999998;12.0;1925.0342187499998
30622;2017-05-30 00:00:00;11:00;2017-05-30 11:00:00;;;15.5;-3.9;214.30390624999998;12.0;1925.0342187499998
30622;2017-05-30 00:00:00;08:00;2017-05-30 08:00:00;;0.0;7.7;-1.4;214.30390624999998;12.0;1925.0342187499998
30622;2017-05-30 00:00:00;05:00;2017-05-30 05:00:00;;;-0.3;-2.7;214.30390624999998;12.0;1925.0342187499998
30622;2017-05-30 00:00:00;02:00;2017-05-30 02:00:00;;;2.4;-0.8;214.30390624999998;12.0;1925.0342187499998
30622;2017-05-29 00:00:00;23:00;2017-05-29 23:00:00;;;7.8;-0.8;102.04734375000002;11.0;1710.7303124999999
30622;2017-05-29 00:00:00;20:00;2017-05-29 20:00:00;;0.0;15.9;-0.5;102.04734375000002;11.0;1710.7303124999999
30622;2017-05-29 00:00:00;17:00;2017-05-29 17:00:00;;;17.8;-3.7;102.04734375000002;11.0;1710.7303124999999
30622;2017-05-29 00:00:00;14:00;2017-05-29 14:00:00;;;16.1;-2.9;102.04734375000002;11.0;1710.7303124999999
30622;2017-05-29 00:00:00;11:00;2017-05-29 11:00:00;;;12.4;-1.0;102.04734375000002;11.0;1710.7303124999999
30622;2017-05-29 00:00:00;08:00;2017-05-29 08:00:00;;0.0;4.9;-0.6;102.04734375000002;11.0;1710.7303124999999
30622;2017-05-29 00:00:00;05:00;2017-05-29 05:00:00;;;-1.8;-4.0;102.04734375000002;11.0;1710.7303124999999
30622;2017-05-29 00:00:00;02:00;2017-05-29 02:00:00;;;0.2;-2.3;102.04734375000002;11.0;1710.7303124999999
30622;2017-05-28 00:00:00;23:00;2017-05-28 23:00:00;;;5.6;-1.4;79.91156249999999;10.0;1608.6829687499999
30622;2017-05-28 00:00:00;20:00;2017-05-28 20:00:00;;0.0;13.5;-4.6;79.91156249999999;10.0;1608.6829687499999
30622;2017-05-28 00:00:00;17:00;2017-05-28 17:00:00;;;15.0;-6.0;79.91156249999999;10.0;1608.6829687499999
30622;2017-05-28 00:00:00;14:00;2017-05-28 14:00:00;;;14.0;-5.5;79.91156249999999;10.0;1608.6829687499999
30622;2017-05-28 00:00:00;11:00;2017-05-28 11:00:00;;;11.0;-3.9;79.91156249999999;10.0;1608.6829687499999
30622;2017-05-28 00:00:00;08:00;2017-05-28 08:00:00;;0.0;3.4;-1.6;79.91156249999999;10.0;1608.6829687499999
30622;2017-05-28 00:00:00;05:00;2017-05-28 05:00:00;;;-4.6;-5.4;79.91156249999999;10.0;1608.6829687499999
30622;2017-05-28 00:00:00;02:00;2017-05-28 02:00:00;;;-0.5;-3.3;79.91156249999999;10.0;1608.6829687499999
30622;2017-05-27 00:00:00;23:00;2017-05-27 23:00:00;;;4.4;-2.8;119.89249999999998;9.0;1528.77140625
30622;2017-05-27 00:00:00;20:00;2017-05-27 20:00:00;;0.0;10.1;-6.4;119.89249999999998;9.0;1528.77140625
30622;2017-05-27 00:00:00;17:00;2017-05-27 17:00:00;;;12.3;-7.1;119.89249999999998;9.0;1528.77140625
30622;2017-05-27 00:00:00;14:00;2017-05-27 14:00:00;;;12.0;-5.9;119.89249999999998;9.0;1528.77140625
30622;2017-05-27 00:00:00;11:00;2017-05-27 11:00:00;;;12.4;-3.6;119.89249999999998;9.0;1528.77140625
30622;2017-05-27 00:00:00;08:00;2017-05-27 08:00:00;;0.5;10.6;3.9;119.89249999999998;9.0;1528.77140625
30622;2017-05-27 00:00:00;05:00;2017-05-27 05:00:00;;;7.7;4.3;119.89249999999998;9.0;1528.77140625
30622;2017-05-27 00:00:00;02:00;2017-05-27 02:00:00;;;11.1;3.0;119.89249999999998;9.0;1528.77140625
30622;2017-05-26 00:00:00;23:00;2017-05-26 23:00:00;;;11.8;5.7;193.16765625;8.0;1408.87890625
30622;2017-05-26 00:00:00;20:00;2017-05-26 20:00:00;;0.0;18.6;5.4;193.16765625;8.0;1408.87890625
30622;2017-05-26 00:00:00;17:00;2017-05-26 17:00:00;;;19.3;4.2;193.16765625;8.0;1408.87890625
30622;2017-05-26 00:00:00;14:00;2017-05-26 14:00:00;;;17.9;5.6;193.16765625;8.0;1408.87890625
30622;2017-05-26 00:00:00;11:00;2017-05-26 11:00:00;;;19.4;4.8;193.16765625;8.0;1408.87890625
30622;2017-05-26 00:00:00;08:00;2017-05-26 08:00:00;;;15.9;10.2;193.16765625;8.0;1408.87890625
30622;2017-05-26 00:00:00;05:00;2017-05-26 05:00:00;;;12.3;-10.7;193.16765625;8.0;1408.87890625
30622;2017-05-26 00:00:00;02:00;2017-05-26 02:00:00;;;15.9;11.6;193.16765625;8.0;1408.87890625
30622;2017-05-25 00:00:00;23:00;2017-05-25 23:00:00;;;20.1;7.5;316.68312499999996;7.0;1215.71125
30622;2017-05-25 00:00:00;20:00;2017-05-25 20:00:00;;0.0;26.6;6.7;316.68312499999996;7.0;1215.71125
30622;2017-05-25 00:00:00;17:00;2017-05-25 17:00:00;;;31.2;3.1;316.68312499999996;7.0;1215.71125
30622;2017-05-25 00:00:00;14:00;2017-05-25 14:00:00;;;31.0;2.9;316.68312499999996;7.0;1215.71125
30622;2017-05-25 00:00:00;11:00;2017-05-25 11:00:00;;;24.7;5.7;316.68312499999996;7.0;1215.71125
30622;2017-05-25 00:00:00;08:00;2017-05-25 08:00:00;;0.0;12.5;3.7;316.68312499999996;7.0;1215.71125
30622;2017-05-25 00:00:00;05:00;2017-05-25 05:00:00;;;4.9;2.3;316.68312499999996;7.0;1215.71125
30622;2017-05-25 00:00:00;02:00;2017-05-25 02:00:00;;;9.6;2.5;316.68312499999996;7.0;1215.71125
30622;2017-05-24 00:00:00;23:00;2017-05-24 23:00:00;;;13.7;2.7;320.1865625;6.0;899.028125
30622;2017-05-24 00:00:00;20:00;2017-05-24 20:00:00;;0.0;28.5;-3.1;320.1865625;6.0;899.028125
30622;2017-05-24 00:00:00;17:00;2017-05-24 17:00:00;;;31.5;-5.5;320.1865625;6.0;899.028125
30622;2017-05-24 00:00:00;14:00;2017-05-24 14:00:00;;;30.6;0.5;320.1865625;6.0;899.028125
30622;2017-05-24 00:00:00;11:00;2017-05-24 11:00:00;;;21.7;5.4;320.1865625;6.0;899.028125
30622;2017-05-24 00:00:00;08:00;2017-05-24 08:00:00;;0.0;10.7;4.8;320.1865625;6.0;899.028125
30622;2017-05-24 00:00:00;05:00;2017-05-24 05:00:00;;;5.3;2.3;320.1865625;6.0;899.028125
30622;2017-05-24 00:00:00;02:00;2017-05-24 02:00:00;;;6.6;3.6;320.1865625;6.0;899.028125
30622;2017-05-23 00:00:00;23:00;2017-05-23 23:00:00;;;10.6;4.3;142.16125;5.0;578.8415625
30622;2017-05-23 00:00:00;20:00;2017-05-23 20:00:00;;0.0;20.3;3.3;142.16125;5.0;578.8415625
30622;2017-05-23 00:00:00;17:00;2017-05-23 17:00:00;;;21.7;2.1;142.16125;5.0;578.8415625
30622;2017-05-23 00:00:00;14:00;2017-05-23 14:00:00;;;19.0;4.8;142.16125;5.0;578.8415625
30622;2017-05-23 00:00:00;11:00;2017-05-23 11:00:00;;;15.4;3.9;142.16125;5.0;578.8415625
30622;2017-05-23 00:00:00;08:00;2017-05-23 08:00:00;;0.0;8.2;2.0;142.16125;5.0;578.8415625
30622;2017-05-23 00:00:00;05:00;2017-05-23 05:00:00;;;5.6;1.8;142.16125;5.0;578.8415625
30622;2017-05-23 00:00:00;02:00;2017-05-23 02:00:00;;;7.0;1.2;142.16125;5.0;578.8415625
30622;2017-05-22 00:00:00;23:00;2017-05-22 23:00:00;;;10.4;-1.8;121.27781249999998;4.0;436.6803125
30622;2017-05-22 00:00:00;20:00;2017-05-22 20:00:00;;0.0;14.5;-3.2;121.27781249999998;4.0;436.6803125
30622;2017-05-22 00:00:00;17:00;2017-05-22 17:00:00;;;16.5;-5.3;121.27781249999998;4.0;436.6803125
30622;2017-05-22 00:00:00;14:00;2017-05-22 14:00:00;;;13.4;-5.1;121.27781249999998;4.0;436.6803125
30622;2017-05-22 00:00:00;11:00;2017-05-22 11:00:00;;;8.9;-4.6;121.27781249999998;4.0;436.6803125
30622;2017-05-22 00:00:00;08:00;2017-05-22 08:00:00;;1.0;5.6;-0.2;121.27781249999998;4.0;436.6803125
30622;2017-05-22 00:00:00;05:00;2017-05-22 05:00:00;;;4.6;0.7;121.27781249999998;4.0;436.6803125
30622;2017-05-22 00:00:00;02:00;2017-05-22 02:00:00;;;6.7;3.8;121.27781249999998;4.0;436.6803125
30622;2017-05-21 00:00:00;23:00;2017-05-21 23:00:00;;;14.2;0.3;188.95499999999998;3.0;315.40250000000003
30622;2017-05-21 00:00:00;20:00;2017-05-21 20:00:00;;0.0;18.3;-4.7;188.95499999999998;3.0;315.40250000000003
30622;2017-05-21 00:00:00;17:00;2017-05-21 17:00:00;;;20.7;-8.2;188.95499999999998;3.0;315.40250000000003
30622;2017-05-21 00:00:00;14:00;2017-05-21 14:00:00;;;20.5;-8.1;188.95499999999998;3.0;315.40250000000003
30622;2017-05-21 00:00:00;11:00;2017-05-21 11:00:00;;;16.5;-3.3;188.95499999999998;3.0;315.40250000000003
30622;2017-05-21 00:00:00;08:00;2017-05-21 08:00:00;;0.0;3.9;-3.5;188.95499999999998;3.0;315.40250000000003
30622;2017-05-21 00:00:00;05:00;2017-05-21 05:00:00;;;-2.0;-4.4;188.95499999999998;3.0;315.40250000000003
30622;2017-05-21 00:00:00;02:00;2017-05-21 02:00:00;;;1.5;-3.7;188.95499999999998;3.0;315.40250000000003
30622;2017-05-20 00:00:00;23:00;2017-05-20 23:00:00;;;4.7;-4.9;72.95562500000001;2.0;126.44750000000002
30622;2017-05-20 00:00:00;20:00;2017-05-20 20:00:00;;0.0;15.1;-8.7;72.95562500000001;2.0;126.44750000000002
30622;2017-05-20 00:00:00;17:00;2017-05-20 17:00:00;;;16.5;-7.8;72.95562500000001;2.0;126.44750000000002
30622;2017-05-20 00:00:00;14:00;2017-05-20 14:00:00;;;12.7;-7.7;72.95562500000001;2.0;126.44750000000002
30622;2017-05-20 00:00:00;11:00;2017-05-20 11:00:00;;;9.1;-7.1;72.95562500000001;2.0;126.44750000000002
30622;2017-05-20 00:00:00;08:00;2017-05-20 08:00:00;;0.0;-0.9;-6.6;72.95562500000001;2.0;126.44750000000002
30622;2017-05-20 00:00:00;05:00;2017-05-20 05:00:00;;;-7.1;-8.3;72.95562500000001;2.0;126.44750000000002
30622;2017-05-20 00:00:00;02:00;2017-05-20 02:00:00;;;-4.9;-7.0;72.95562500000001;2.0;126.44750000000002
30622;2017-05-19 00:00:00;23:00;2017-05-19 23:00:00;;;-1.1;-6.0;31.927500000000006;1.0;53.49187500000001
30622;2017-05-19 00:00:00;20:00;2017-05-19 20:00:00;;0.0;6.9;-9.2;31.927500000000006;1.0;53.49187500000001
30622;2017-05-19 00:00:00;17:00;2017-05-19 17:00:00;;;7.9;-9.0;31.927500000000006;1.0;53.49187500000001
30622;2017-05-19 00:00:00;14:00;2017-05-19 14:00:00;;;8.3;-8.5;31.927500000000006;1.0;53.49187500000001
30622;2017-05-19 00:00:00;11:00;2017-05-19 11:00:00;;;6.0;-6.9;31.927500000000006;1.0;53.49187500000001
30622;2017-05-19 00:00:00;08:00;2017-05-19 08:00:00;;0.0;1.6;-3.6;31.927500000000006;1.0;53.49187500000001
30622;2017-05-19 00:00:00;05:00;2017-05-19 05:00:00;;;-1.6;-4.0;31.927500000000006;1.0;53.49187500000001
30622;2017-05-19 00:00:00;02:00;2017-05-19 02:00:00;;;-1.6;-3.8;31.927500000000006;1.0;53.49187500000001
30622;2017-05-18 00:00:00;23:00;2017-05-18 23:00:00;;;0.9;-2.8;21.564375000000002;0.0;21.564375000000002
30622;2017-05-18 00:00:00;20:00;2017-05-18 20:00:00;;2.0;4.5;-3.1;21.564375000000002;0.0;21.564375000000002
30622;2017-05-18 00:00:00;17:00;2017-05-18 17:00:00;;;6.0;-2.7;21.564375000000002;0.0;21.564375000000002
30622;2017-05-18 00:00:00;14:00;2017-05-18 14:00:00;;;5.0;0.0;21.564375000000002;0.0;21.564375000000002
30622;2017-05-18 00:00:00;11:00;2017-05-18 11:00:00;;;2.8;0.5;21.564375000000002;0.0;21.564375000000002
30622;2017-05-18 00:00:00;08:00;2017-05-18 08:00:00;;5.0;4.4;2.4;21.564375000000002;0.0;21.564375000000002
30622;2017-05-18 00:00:00;05:00;2017-05-18 05:00:00;;;6.3;4.0;21.564375000000002;0.0;21.564375000000002
30622;2017-05-18 00:00:00;02:00;2017-05-18 02:00:00;;;7.3;1.8;21.564375000000002;0.0;21.564375000000002
30622;2017-05-17 00:00:00;23:00;2017-05-17 23:00:00;;;9.6;-0.1;140.23687500000003;10.0;990.7384375000001
30622;2017-05-17 00:00:00;20:00;2017-05-17 20:00:00;;0.0;13.0;-1.3;140.23687500000003;10.0;990.7384375000001
30622;2017-05-17 00:00:00;17:00;2017-05-17 17:00:00;;;14.6;-3.7;140.23687500000003;10.0;990.7384375000001
30622;2017-05-17 00:00:00;14:00;2017-05-17 14:00:00;;;13.7;-4.5;140.23687500000003;10.0;990.7384375000001
30622;2017-05-17 00:00:00;11:00;2017-05-17 11:00:00;;;12.4;-4.4;140.23687500000003;10.0;990.7384375000001
30622;2017-05-17 00:00:00;08:00;2017-05-17 08:00:00;;0.0;9.7;2.3;140.23687500000003;10.0;990.7384375000001
30622;2017-05-17 00:00:00;05:00;2017-05-17 05:00:00;;;8.2;2.8;140.23687500000003;10.0;990.7384375000001
30622;2017-05-17 00:00:00;02:00;2017-05-17 02:00:00;;;12.0;5.8;140.23687500000003;10.0;990.7384375000001
30622;2017-05-16 00:00:00;23:00;2017-05-16 23:00:00;;;13.6;8.9;163.01437499999997;9.0;850.5015625000001
30622;2017-05-16 00:00:00;20:00;2017-05-16 20:00:00;;0.0;15.3;10.6;163.01437499999997;9.0;850.5015625000001
30622;2017-05-16 00:00:00;17:00;2017-05-16 17:00:00;;;29.6;5.7;163.01437499999997;9.0;850.5015625000001
30622;2017-05-16 00:00:00;14:00;2017-05-16 14:00:00;;;29.2;5.7;163.01437499999997;9.0;850.5015625000001
30622;2017-05-16 00:00:00;11:00;2017-05-16 11:00:00;;;21.7;9.5;163.01437499999997;9.0;850.5015625000001
30622;2017-05-16 00:00:00;08:00;2017-05-16 08:00:00;;0.0;11.9;8.1;163.01437499999997;9.0;850.5015625000001
30622;2017-05-16 00:00:00;05:00;2017-05-16 05:00:00;;;6.8;5.1;163.01437499999997;9.0;850.5015625000001
30622;2017-05-16 00:00:00;02:00;2017-05-16 02:00:00;;;8.1;6.0;163.01437499999997;9.0;850.5015625000001
30622;2017-05-15 00:00:00;23:00;2017-05-15 23:00:00;;;10.8;7.0;111.31062500000002;8.0;687.4871875000001
30622;2017-05-15 00:00:00;20:00;2017-05-15 20:00:00;;0.0;20.9;7.7;111.31062500000002;8.0;687.4871875000001
30622;2017-05-15 00:00:00;17:00;2017-05-15 17:00:00;;;21.7;7.7;111.31062500000002;8.0;687.4871875000001
30622;2017-05-15 00:00:00;14:00;2017-05-15 14:00:00;;;20.4;10.2;111.31062500000002;8.0;687.4871875000001
30622;2017-05-15 00:00:00;11:00;2017-05-15 11:00:00;;;17.8;9.8;111.31062500000002;8.0;687.4871875000001
30622;2017-05-15 00:00:00;08:00;2017-05-15 08:00:00;;0.0;12.8;9.4;111.31062500000002;8.0;687.4871875000001
30622;2017-05-15 00:00:00;05:00;2017-05-15 05:00:00;;;10.9;8.2;111.31062500000002;8.0;687.4871875000001
30622;2017-05-15 00:00:00;02:00;2017-05-15 02:00:00;;;9.9;8.3;111.31062500000002;8.0;687.4871875000001
30622;2017-05-14 00:00:00;23:00;2017-05-14 23:00:00;;;14.9;9.1;132.40062500000002;7.0;576.1765625
30622;2017-05-14 00:00:00;20:00;2017-05-14 20:00:00;;0.0;17.2;8.9;132.40062500000002;7.0;576.1765625
30622;2017-05-14 00:00:00;17:00;2017-05-14 17:00:00;;;22.6;6.1;132.40062500000002;7.0;576.1765625
30622;2017-05-14 00:00:00;14:00;2017-05-14 14:00:00;;;23.4;6.2;132.40062500000002;7.0;576.1765625
30622;2017-05-14 00:00:00;11:00;2017-05-14 11:00:00;;;18.7;6.2;132.40062500000002;7.0;576.1765625
30622;2017-05-14 00:00:00;08:00;2017-05-14 08:00:00;;0.0;9.2;2.3;132.40062500000002;7.0;576.1765625
30622;2017-05-14 00:00:00;05:00;2017-05-14 05:00:00;;;2.0;0.0;132.40062500000002;7.0;576.1765625
30622;2017-05-14 00:00:00;02:00;2017-05-14 02:00:00;;;6.2;1.2;132.40062500000002;7.0;576.1765625
30622;2017-05-13 00:00:00;23:00;2017-05-13 23:00:00;;;9.9;0.7;171.26953125;6.0;443.77593750000005
30622;2017-05-13 00:00:00;20:00;2017-05-13 20:00:00;;0.0;20.5;1.7;171.26953125;6.0;443.77593750000005
30622;2017-05-13 00:00:00;17:00;2017-05-13 17:00:00;;;23.7;-5.5;171.26953125;6.0;443.77593750000005
30622;2017-05-13 00:00:00;14:00;2017-05-13 14:00:00;;;21.4;-5.9;171.26953125;6.0;443.77593750000005
30622;2017-05-13 00:00:00;11:00;2017-05-13 11:00:00;;;13.8;-4.3;171.26953125;6.0;443.77593750000005
30622;2017-05-13 00:00:00;08:00;2017-05-13 08:00:00;;0.0;4.6;-4.4;171.26953125;6.0;443.77593750000005
30622;2017-05-13 00:00:00;05:00;2017-05-13 05:00:00;;;-1.9;-4.7;171.26953125;6.0;443.77593750000005
30622;2017-05-13 00:00:00;02:00;2017-05-13 02:00:00;;;0.5;-3.6;171.26953125;6.0;443.77593750000005
30622;2017-12-05 00:00:00;23:00;2017-12-05 23:00:00;;;2.9;-2.6;79.6125;35.0;-1502.2457812500002
30622;2017-12-05 00:00:00;20:00;2017-12-05 20:00:00;;0.0;13.1;-5.6;79.6125;35.0;-1502.2457812500002
30622;2017-12-05 00:00:00;17:00;2017-12-05 17:00:00;;;15.6;-5.8;79.6125;35.0;-1502.2457812500002
30622;2017-12-05 00:00:00;14:00;2017-12-05 14:00:00;;;14.1;-5.6;79.6125;35.0;-1502.2457812500002
30622;2017-12-05 00:00:00;11:00;2017-12-05 11:00:00;;;10.0;-5.3;79.6125;35.0;-1502.2457812500002
30622;2017-12-05 00:00:00;08:00;2017-12-05 08:00:00;;0.0;1.3;-5.5;79.6125;35.0;-1502.2457812500002
30622;2017-12-05 00:00:00;05:00;2017-12-05 05:00:00;;;-4.1;-6.7;79.6125;35.0;-1502.2457812500002
30622;2017-12-05 00:00:00;02:00;2017-12-05 02:00:00;;;-0.1;-6.6;79.6125;35.0;-1502.2457812500002
30622;2017-11-05 00:00:00;23:00;2017-11-05 23:00:00;;;1.4;-6.5;44.084062499999995;5.0;-366.11171875
30622;2017-11-05 00:00:00;20:00;2017-11-05 20:00:00;;0.0;7.6;-8.0;44.084062499999995;5.0;-366.11171875
30622;2017-11-05 00:00:00;17:00;2017-11-05 17:00:00;;;8.6;-7.6;44.084062499999995;5.0;-366.11171875
30622;2017-11-05 00:00:00;14:00;2017-11-05 14:00:00;;;7.4;-6.7;44.084062499999995;5.0;-366.11171875
30622;2017-11-05 00:00:00;11:00;2017-11-05 11:00:00;;;4.6;-5.4;44.084062499999995;5.0;-366.11171875
30622;2017-11-05 00:00:00;08:00;2017-11-05 08:00:00;;0.0;3.2;-4.1;44.084062499999995;5.0;-366.11171875
30622;2017-11-05 00:00:00;05:00;2017-11-05 05:00:00;;;0.7;-3.2;44.084062499999995;5.0;-366.11171875
30622;2017-11-05 00:00:00;02:00;2017-11-05 02:00:00;;;1.9;-2.8;44.084062499999995;5.0;-366.11171875
30622;2017-10-05 00:00:00;23:00;2017-10-05 23:00:00;;;3.3;-3.5;18.646875;0.0;18.646875
30622;2017-10-05 00:00:00;20:00;2017-10-05 20:00:00;;0.3;2.9;-2.0;18.646875;0.0;18.646875
30622;2017-10-05 00:00:00;17:00;2017-10-05 17:00:00;;;5.1;-3.3;18.646875;0.0;18.646875
30622;2017-10-05 00:00:00;14:00;2017-10-05 14:00:00;;;5.1;-1.3;18.646875;0.0;18.646875
30622;2017-10-05 00:00:00;11:00;2017-10-05 11:00:00;;;3.5;-0.2;18.646875;0.0;18.646875
30622;2017-10-05 00:00:00;08:00;2017-10-05 08:00:00;;6.0;3.6;1.3;18.646875;0.0;18.646875
30622;2017-10-05 00:00:00;05:00;2017-10-05 05:00:00;;;4.9;3.3;18.646875;0.0;18.646875
30622;2017-10-05 00:00:00;02:00;2017-10-05 02:00:00;;;5.6;4.6;18.646875;0.0;18.646875
30622;2017-09-05 00:00:00;23:00;2017-09-05 23:00:00;;;7.8;3.8;106.11999999999999;20.0;958.3135937499999
30622;2017-09-05 00:00:00;20:00;2017-09-05 20:00:00;;0.0;11.6;4.0;106.11999999999999;20.0;958.3135937499999
30622;2017-09-05 00:00:00;17:00;2017-09-05 17:00:00;;;21.8;-4.0;106.11999999999999;20.0;958.3135937499999
30622;2017-09-05 00:00:00;14:00;2017-09-05 14:00:00;;;20.4;-3.7;106.11999999999999;20.0;958.3135937499999
30622;2017-09-05 00:00:00;11:00;2017-09-05 11:00:00;;;17.1;0.2;106.11999999999999;20.0;958.3135937499999
30622;2017-09-05 00:00:00;08:00;2017-09-05 08:00:00;;0.0;2.2;-3.7;106.11999999999999;20.0;958.3135937499999
30622;2017-09-05 00:00:00;05:00;2017-09-05 05:00:00;;;-3.4;-5.3;106.11999999999999;20.0;958.3135937499999
30622;2017-09-05 00:00:00;02:00;2017-09-05 02:00:00;;;-1.7;-5.1;106.11999999999999;20.0;958.3135937499999
30622;2017-08-05 00:00:00;23:00;2017-08-05 23:00:00;;;3.0;-3.7;164.0578125;8.0;300.81062499999996
30622;2017-08-05 00:00:00;20:00;2017-08-05 20:00:00;;0.0;14.0;-8.2;164.0578125;8.0;300.81062499999996
30622;2017-08-05 00:00:00;17:00;2017-08-05 17:00:00;;;15.4;-7.8;164.0578125;8.0;300.81062499999996
30622;2017-08-05 00:00:00;14:00;2017-08-05 14:00:00;;;14.0;-5.3;164.0578125;8.0;300.81062499999996
30622;2017-08-05 00:00:00;11:00;2017-08-05 11:00:00;;;10.9;-1.3;164.0578125;8.0;300.81062499999996
30622;2017-08-05 00:00:00;08:00;2017-08-05 08:00:00;;0.3;8.8;3.3;164.0578125;8.0;300.81062499999996
30622;2017-08-05 00:00:00;05:00;2017-08-05 05:00:00;;;14.7;0.4;164.0578125;8.0;300.81062499999996
30622;2017-08-05 00:00:00;02:00;2017-08-05 02:00:00;;;12.2;2.7;164.0578125;8.0;300.81062499999996
30622;2017-07-05 00:00:00;23:00;2017-07-05 23:00:00;;;18.9;-1.0;206.96015625;17.0;3277.4090625000003
30622;2017-07-05 00:00:00;20:00;2017-07-05 20:00:00;;0.0;22.0;-5.9;206.96015625;17.0;3277.4090625000003
30622;2017-07-05 00:00:00;17:00;2017-07-05 17:00:00;;;27.8;-5.4;206.96015625;17.0;3277.4090625000003
30622;2017-07-05 00:00:00;14:00;2017-07-05 14:00:00;;;26.4;-0.4;206.96015625;17.0;3277.4090625000003
30622;2017-07-05 00:00:00;11:00;2017-07-05 11:00:00;;;11.9;8.1;206.96015625;17.0;3277.4090625000003
30622;2017-07-05 00:00:00;08:00;2017-07-05 08:00:00;;0.0;3.2;2.7;206.96015625;17.0;3277.4090625000003
30622;2017-07-05 00:00:00;05:00;2017-07-05 05:00:00;;;2.9;2.4;206.96015625;17.0;3277.4090625000003
30622;2017-07-05 00:00:00;02:00;2017-07-05 02:00:00;;;3.6;2.7;206.96015625;17.0;3277.4090625000003
30622;2017-06-05 00:00:00;23:00;2017-06-05 23:00:00;;;7.3;6.2;22.581562499999997;0.0;22.581562499999997
30622;2017-06-05 00:00:00;20:00;2017-06-05 20:00:00;;6.0;10.5;8.6;22.581562499999997;0.0;22.581562499999997
30622;2017-06-05 00:00:00;17:00;2017-06-05 17:00:00;;;14.5;4.4;22.581562499999997;0.0;22.581562499999997
30622;2017-06-05 00:00:00;14:00;2017-06-05 14:00:00;;;15.7;7.3;22.581562499999997;0.0;22.581562499999997
30622;2017-06-05 00:00:00;11:00;2017-06-05 11:00:00;;;5.7;4.1;22.581562499999997;0.0;22.581562499999997
30622;2017-06-05 00:00:00;08:00;2017-06-05 08:00:00;;2.0;1.1;0.3;22.581562499999997;0.0;22.581562499999997
30622;2017-06-05 00:00:00;05:00;2017-06-05 05:00:00;;;0.7;-0.4;22.581562499999997;0.0;22.581562499999997
30622;2017-06-05 00:00:00;02:00;2017-06-05 02:00:00;;;0.3;-0.6;22.581562499999997;0.0;22.581562499999997
30622;2017-05-05 00:00:00;23:00;2017-05-05 23:00:00;;;2.6;-2.9;14.7546875;17.0;759.09578125
30622;2017-05-05 00:00:00;20:00;2017-05-05 20:00:00;;1.0;5.8;-8.2;14.7546875;17.0;759.09578125
30622;2017-05-05 00:00:00;17:00;2017-05-05 17:00:00;;;6.4;-9.2;14.7546875;17.0;759.09578125
30622;2017-05-05 00:00:00;14:00;2017-05-05 14:00:00;;;4.9;-3.8;14.7546875;17.0;759.09578125
30622;2017-05-05 00:00:00;11:00;2017-05-05 11:00:00;;;0.7;-2.9;14.7546875;17.0;759.09578125
30622;2017-05-05 00:00:00;08:00;2017-05-05 08:00:00;;0.0;-0.9;-7.1;14.7546875;17.0;759.09578125
30622;2017-05-05 00:00:00;05:00;2017-05-05 05:00:00;;;-2.0;-8.2;14.7546875;17.0;759.09578125
30622;2017-05-05 00:00:00;02:00;2017-05-05 02:00:00;;;-3.3;-10.0;14.7546875;17.0;759.09578125
30622;2017-04-05 00:00:00;23:00;2017-04-05 23:00:00;;;-3.5;-10.4;27.387343749999996;27.0;-1009.9012499999998
30622;2017-04-05 00:00:00;20:00;2017-04-05 20:00:00;;0.0;5.1;-15.4;27.387343749999996;27.0;-1009.9012499999998
30622;2017-04-05 00:00:00;17:00;2017-04-05 17:00:00;;;6.2;-18.3;27.387343749999996;27.0;-1009.9012499999998
30622;2017-04-05 00:00:00;14:00;2017-04-05 14:00:00;;;6.8;-17.2;27.387343749999996;27.0;-1009.9012499999998
30622;2017-04-05 00:00:00;11:00;2017-04-05 11:00:00;;;3.8;-17.1;27.387343749999996;27.0;-1009.9012499999998
30622;2017-04-05 00:00:00;08:00;2017-04-05 08:00:00;;0.0;0.3;-13.6;27.387343749999996;27.0;-1009.9012499999998
30622;2017-04-05 00:00:00;05:00;2017-04-05 05:00:00;;;-2.8;-10.1;27.387343749999996;27.0;-1009.9012499999998
30622;2017-04-05 00:00:00;02:00;2017-04-05 02:00:00;;;-2.0;-10.1;27.387343749999996;27.0;-1009.9012499999998
30622;2017-03-05 00:00:00;23:00;2017-03-05 23:00:00;;;0.8;-10.0;30.656250000000004;26.0;-970.97046875
30622;2017-03-05 00:00:00;20:00;2017-03-05 20:00:00;;0.0;2.3;-5.6;30.656250000000004;26.0;-970.97046875
30622;2017-03-05 00:00:00;17:00;2017-03-05 17:00:00;;;6.9;-5.1;30.656250000000004;26.0;-970.97046875
30622;2017-03-05 00:00:00;14:00;2017-03-05 14:00:00;;;8.7;-3.3;30.656250000000004;26.0;-970.97046875
30622;2017-03-05 00:00:00;11:00;2017-03-05 11:00:00;;;7.0;-2.4;30.656250000000004;26.0;-970.97046875
30622;2017-03-05 00:00:00;08:00;2017-03-05 08:00:00;;0.0;2.6;-3.4;30.656250000000004;26.0;-970.97046875
30622;2017-03-05 00:00:00;05:00;2017-03-05 05:00:00;;;0.4;-3.4;30.656250000000004;26.0;-970.97046875
30622;2017-03-05 00:00:00;02:00;2017-03-05 02:00:00;;;1.3;-2.2;30.656250000000004;26.0;-970.97046875
30622;2017-02-05 00:00:00;23:00;2017-02-05 23:00:00;;;1.8;-1.2;20.294999999999995;30.0;-2170.9473437500005
30622;2017-02-05 00:00:00;20:00;2017-02-05 20:00:00;;0.0;6.8;-0.2;20.294999999999995;30.0;-2170.9473437500005
30622;2017-02-05 00:00:00;17:00;2017-02-05 17:00:00;;;7.9;0.1;20.294999999999995;30.0;-2170.9473437500005
30622;2017-02-05 00:00:00;14:00;2017-02-05 14:00:00;;;6.4;-0.6;20.294999999999995;30.0;-2170.9473437500005
30622;2017-02-05 00:00:00;11:00;2017-02-05 11:00:00;;;6.5;-1.5;20.294999999999995;30.0;-2170.9473437500005
30622;2017-02-05 00:00:00;08:00;2017-02-05 08:00:00;;0.0;2.6;-0.8;20.294999999999995;30.0;-2170.9473437500005
30622;2017-02-05 00:00:00;05:00;2017-02-05 05:00:00;;;0.2;-1.2;20.294999999999995;30.0;-2170.9473437500005
30622;2017-02-05 00:00:00;02:00;2017-02-05 02:00:00;;;0.6;-1.4;20.294999999999995;30.0;-2170.9473437500005
30622;2017-01-05 00:00:00;23:00;2017-01-05 23:00:00;;;2.7;-1.2;14.4765625;0.0;14.4765625
30622;2017-01-05 00:00:00;20:00;2017-01-05 20:00:00;;3.0;6.1;-0.1;14.4765625;0.0;14.4765625
30622;2017-01-05 00:00:00;17:00;2017-01-05 17:00:00;;;6.6;1.6;14.4765625;0.0;14.4765625
30622;2017-01-05 00:00:00;14:00;2017-01-05 14:00:00;;;5.1;3.0;14.4765625;0.0;14.4765625
30622;2017-01-05 00:00:00;11:00;2017-01-05 11:00:00;;;6.0;4.0;14.4765625;0.0;14.4765625
30622;2017-01-05 00:00:00;08:00;2017-01-05 08:00:00;;2.0;5.6;4.7;14.4765625;0.0;14.4765625
30622;2017-01-05 00:00:00;05:00;2017-01-05 05:00:00;;;4.3;3.6;14.4765625;0.0;14.4765625
30622;2017-01-05 00:00:00;02:00;2017-01-05 02:00:00;;;6.1;5.1;14.4765625;0.0;14.4765625
30622;2017-04-30 00:00:00;23:00;2017-04-30 23:00:00;;;8.1;5.7;81.489375;12.0;934.8901562499999
30622;2017-04-30 00:00:00;20:00;2017-04-30 20:00:00;;0.0;11.7;3.0;81.489375;12.0;934.8901562499999
30622;2017-04-30 00:00:00;17:00;2017-04-30 17:00:00;;;12.2;3.2;81.489375;12.0;934.8901562499999
30622;2017-04-30 00:00:00;14:00;2017-04-30 14:00:00;;;15.7;0.8;81.489375;12.0;934.8901562499999
30622;2017-04-30 00:00:00;11:00;2017-04-30 11:00:00;;;15.6;3.7;81.489375;12.0;934.8901562499999
30622;2017-04-30 00:00:00;08:00;2017-04-30 08:00:00;;0.0;9.3;4.6;81.489375;12.0;934.8901562499999
30622;2017-04-30 00:00:00;05:00;2017-04-30 05:00:00;;;7.5;3.7;81.489375;12.0;934.8901562499999
30622;2017-04-30 00:00:00;02:00;2017-04-30 02:00:00;;;7.7;3.7;81.489375;12.0;934.8901562499999
30622;2017-04-29 00:00:00;23:00;2017-04-29 23:00:00;;;8.0;2.9;166.49140624999998;11.0;853.4007812499999
30622;2017-04-29 00:00:00;20:00;2017-04-29 20:00:00;;0.0;12.2;1.8;166.49140624999998;11.0;853.4007812499999
30622;2017-04-29 00:00:00;17:00;2017-04-29 17:00:00;;;15.5;-3.8;166.49140624999998;11.0;853.4007812499999
30622;2017-04-29 00:00:00;14:00;2017-04-29 14:00:00;;;17.5;-9.6;166.49140624999998;11.0;853.4007812499999
30622;2017-04-29 00:00:00;11:00;2017-04-29 11:00:00;;;13.2;-9.6;166.49140624999998;11.0;853.4007812499999
30622;2017-04-29 00:00:00;08:00;2017-04-29 08:00:00;;0.0;6.7;-6.1;166.49140624999998;11.0;853.4007812499999
30622;2017-04-29 00:00:00;05:00;2017-04-29 05:00:00;;;5.7;-8.6;166.49140624999998;11.0;853.4007812499999
30622;2017-04-29 00:00:00;02:00;2017-04-29 02:00:00;;;5.7;-8.6;166.49140624999998;11.0;853.4007812499999
30622;2017-04-28 00:00:00;23:00;2017-04-28 23:00:00;;;15.4;-5.8;191.69296875;10.0;686.909375
30622;2017-04-28 00:00:00;20:00;2017-04-28 20:00:00;;0.0;19.1;2.3;191.69296875;10.0;686.909375
30622;2017-04-28 00:00:00;17:00;2017-04-28 17:00:00;;;24.5;-2.8;191.69296875;10.0;686.909375
30622;2017-04-28 00:00:00;14:00;2017-04-28 14:00:00;;;24.9;-5.1;191.69296875;10.0;686.909375
30622;2017-04-28 00:00:00;11:00;2017-04-28 11:00:00;;;15.7;-1.1;191.69296875;10.0;686.909375
30622;2017-04-28 00:00:00;08:00;2017-04-28 08:00:00;;0.0;-0.9;-4.4;191.69296875;10.0;686.909375
30622;2017-04-28 00:00:00;05:00;2017-04-28 05:00:00;;;-0.9;-4.4;191.69296875;10.0;686.909375
30622;2017-04-28 00:00:00;02:00;2017-04-28 02:00:00;;;1.7;-2.5;191.69296875;10.0;686.909375
30622;2017-04-27 00:00:00;23:00;2017-04-27 23:00:00;;;8.0;-2.7;175.885;9.0;495.21640625
30622;2017-04-27 00:00:00;20:00;2017-04-27 20:00:00;;0.0;17.7;-4.0;175.885;9.0;495.21640625
30622;2017-04-27 00:00:00;17:00;2017-04-27 17:00:00;;;21.7;-4.1;175.885;9.0;495.21640625
30622;2017-04-27 00:00:00;14:00;2017-04-27 14:00:00;;;20.5;-2.5;175.885;9.0;495.21640625
30622;2017-04-27 00:00:00;11:00;2017-04-27 11:00:00;;;15.7;-2.9;175.885;9.0;495.21640625
30622;2017-04-27 00:00:00;08:00;2017-04-27 08:00:00;;0.0;4.7;-3.6;175.885;9.0;495.21640625
30622;2017-04-27 00:00:00;05:00;2017-04-27 05:00:00;;;2.4;-4.6;175.885;9.0;495.21640625
30622;2017-04-27 00:00:00;02:00;2017-04-27 02:00:00;;;2.1;-4.1;175.885;9.0;495.21640625
30622;2017-04-26 00:00:00;23:00;2017-04-26 23:00:00;;;8.3;-5.4;135.56296875;8.0;319.33140625
30622;2017-04-26 00:00:00;20:00;2017-04-26 20:00:00;;0.0;17.9;-7.8;135.56296875;8.0;319.33140625
30622;2017-04-26 00:00:00;17:00;2017-04-26 17:00:00;;;20.2;-8.9;135.56296875;8.0;319.33140625
30622;2017-04-26 00:00:00;14:00;2017-04-26 14:00:00;;;19.8;-8.0;135.56296875;8.0;319.33140625
30622;2017-04-26 00:00:00;11:00;2017-04-26 11:00:00;;;9.4;-7.4;135.56296875;8.0;319.33140625
30622;2017-04-26 00:00:00;08:00;2017-04-26 08:00:00;;0.0;-1.3;-7.0;135.56296875;8.0;319.33140625
30622;2017-04-26 00:00:00;05:00;2017-04-26 05:00:00;;;-5.4;-9.2;135.56296875;8.0;319.33140625
30622;2017-04-26 00:00:00;02:00;2017-04-26 02:00:00;;;-1.8;-8.5;135.56296875;8.0;319.33140625
30622;2017-04-25 00:00:00;23:00;2017-04-25 23:00:00;;;2.2;-7.9;76.50499999999998;7.0;183.7684375
30622;2017-04-25 00:00:00;20:00;2017-04-25 20:00:00;;0.0;13.2;-9.4;76.50499999999998;7.0;183.7684375
30622;2017-04-25 00:00:00;17:00;2017-04-25 17:00:00;;;16.9;-11.6;76.50499999999998;7.0;183.7684375
30622;2017-04-25 00:00:00;14:00;2017-04-25 14:00:00;;;14.3;-11.3;76.50499999999998;7.0;183.7684375
30622;2017-04-25 00:00:00;11:00;2017-04-25 11:00:00;;;8.4;-10.0;76.50499999999998;7.0;183.7684375
30622;2017-04-25 00:00:00;08:00;2017-04-25 08:00:00;;0.0;-1.9;-7.5;76.50499999999998;7.0;183.7684375
30622;2017-04-25 00:00:00;05:00;2017-04-25 05:00:00;;;-6.9;-9.6;76.50499999999998;7.0;183.7684375
30622;2017-04-25 00:00:00;02:00;2017-04-25 02:00:00;;;-4.6;-8.8;76.50499999999998;7.0;183.7684375
30622;2017-04-24 00:00:00;23:00;2017-04-24 23:00:00;;;-1.6;-7.8;38.5721875;6.0;107.26343750000001
30622;2017-04-24 00:00:00;20:00;2017-04-24 20:00:00;;0.0;9.1;-9.4;38.5721875;6.0;107.26343750000001
30622;2017-04-24 00:00:00;17:00;2017-04-24 17:00:00;;;12.0;-11.4;38.5721875;6.0;107.26343750000001
30622;2017-04-24 00:00:00;14:00;2017-04-24 14:00:00;;;9.5;-11.3;38.5721875;6.0;107.26343750000001
30622;2017-04-24 00:00:00;11:00;2017-04-24 11:00:00;;;6.2;-11.6;38.5721875;6.0;107.26343750000001
30622;2017-04-24 00:00:00;08:00;2017-04-24 08:00:00;;0.0;-2.1;-11.1;38.5721875;6.0;107.26343750000001
30622;2017-04-24 00:00:00;05:00;2017-04-24 05:00:00;;;-4.6;-11.8;38.5721875;6.0;107.26343750000001
30622;2017-04-24 00:00:00;02:00;2017-04-24 02:00:00;;;-5.6;-10.5;38.5721875;6.0;107.26343750000001
30622;2017-04-23 00:00:00;23:00;2017-04-23 23:00:00;;;1.8;-13.5;24.525000000000002;5.0;68.69125000000001
30622;2017-04-23 00:00:00;20:00;2017-04-23 20:00:00;;0.0;5.8;-13.9;24.525000000000002;5.0;68.69125000000001
30622;2017-04-23 00:00:00;17:00;2017-04-23 17:00:00;;;7.5;-14.7;24.525000000000002;5.0;68.69125000000001
30622;2017-04-23 00:00:00;14:00;2017-04-23 14:00:00;;;6.9;-13.9;24.525000000000002;5.0;68.69125000000001
30622;2017-04-23 00:00:00;11:00;2017-04-23 11:00:00;;;4.5;-13.1;24.525000000000002;5.0;68.69125000000001
30622;2017-04-23 00:00:00;08:00;2017-04-23 08:00:00;;0.0;-3.6;-8.6;24.525000000000002;5.0;68.69125000000001
30622;2017-04-23 00:00:00;05:00;2017-04-23 05:00:00;;;-5.4;-9.0;24.525000000000002;5.0;68.69125000000001
30622;2017-04-23 00:00:00;02:00;2017-04-23 02:00:00;;;-3.1;-7.9;24.525000000000002;5.0;68.69125000000001
30622;2017-04-22 00:00:00;23:00;2017-04-22 23:00:00;;;-2.5;-7.1;-1.6707812499999999;4.0;44.166250000000005
30622;2017-04-22 00:00:00;20:00;2017-04-22 20:00:00;;0.0;1.5;-9.0;-1.6707812499999999;4.0;44.166250000000005
30622;2017-04-22 00:00:00;17:00;2017-04-22 17:00:00;;;3.7;-7.9;-1.6707812499999999;4.0;44.166250000000005
30622;2017-04-22 00:00:00;14:00;2017-04-22 14:00:00;;;3.6;-7.5;-1.6707812499999999;4.0;44.166250000000005
30622;2017-04-22 00:00:00;11:00;2017-04-22 11:00:00;;;1.8;-9.4;-1.6707812499999999;4.0;44.166250000000005
30622;2017-04-22 00:00:00;08:00;2017-04-22 08:00:00;;0.0;-1.5;-7.7;-1.6707812499999999;4.0;44.166250000000005
30622;2017-04-22 00:00:00;05:00;2017-04-22 05:00:00;;;-3.1;-8.4;-1.6707812499999999;4.0;44.166250000000005
30622;2017-04-22 00:00:00;02:00;2017-04-22 02:00:00;;;-5.2;-7.6;-1.6707812499999999;4.0;44.166250000000005
30622;2017-04-21 00:00:00;23:00;2017-04-21 23:00:00;;;-1.7;-7.6;3.65625;3.0;45.83703125
30622;2017-04-21 00:00:00;20:00;2017-04-21 20:00:00;;0.9;2.8;-9.2;3.65625;3.0;45.83703125
30622;2017-04-21 00:00:00;17:00;2017-04-21 17:00:00;;;4.5;-9.9;3.65625;3.0;45.83703125
30622;2017-04-21 00:00:00;14:00;2017-04-21 14:00:00;;;2.9;-5.7;3.65625;3.0;45.83703125
30622;2017-04-21 00:00:00;11:00;2017-04-21 11:00:00;;;1.3;-4.9;3.65625;3.0;45.83703125
30622;2017-04-21 00:00:00;08:00;2017-04-21 08:00:00;;0.0;-1.0;-2.9;3.65625;3.0;45.83703125
30622;2017-04-21 00:00:00;05:00;2017-04-21 05:00:00;;;-1.8;-3.9;3.65625;3.0;45.83703125
30622;2017-04-21 00:00:00;02:00;2017-04-21 02:00:00;;;-2.5;-3.4;3.65625;3.0;45.83703125
30622;2017-04-20 00:00:00;23:00;2017-04-20 23:00:00;;;0.7;-1.3;30.357031250000002;2.0;42.18078125
30622;2017-04-20 00:00:00;20:00;2017-04-20 20:00:00;;2.0;3.3;1.5;30.357031250000002;2.0;42.18078125
30622;2017-04-20 00:00:00;17:00;2017-04-20 17:00:00;;;10.3;-6.8;30.357031250000002;2.0;42.18078125
30622;2017-04-20 00:00:00;14:00;2017-04-20 14:00:00;;;13.6;-6.1;30.357031250000002;2.0;42.18078125
30622;2017-04-20 00:00:00;11:00;2017-04-20 11:00:00;;;5.9;-4.5;30.357031250000002;2.0;42.18078125
30622;2017-04-20 00:00:00;08:00;2017-04-20 08:00:00;;0.0;0.3;-5.0;30.357031250000002;2.0;42.18078125
30622;2017-04-20 00:00:00;05:00;2017-04-20 05:00:00;;;-1.1;-5.0;30.357031250000002;2.0;42.18078125
30622;2017-04-20 00:00:00;02:00;2017-04-20 02:00:00;;;-2.5;-6.0;30.357031250000002;2.0;42.18078125
30622;2017-04-19 00:00:00;23:00;2017-04-19 23:00:00;;;-1.8;-5.2;9.004687500000001;1.0;11.82375
30622;2017-04-19 00:00:00;20:00;2017-04-19 20:00:00;;0.0;3.9;-5.9;9.004687500000001;1.0;11.82375
30622;2017-04-19 00:00:00;17:00;2017-04-19 17:00:00;;;5.4;-6.3;9.004687500000001;1.0;11.82375
30622;2017-04-19 00:00:00;14:00;2017-04-19 14:00:00;;;5.2;-5.9;9.004687500000001;1.0;11.82375
30622;2017-04-19 00:00:00;11:00;2017-04-19 11:00:00;;;5.1;-5.3;9.004687500000001;1.0;11.82375
30622;2017-04-19 00:00:00;08:00;2017-04-19 08:00:00;;0.0;-0.9;-3.3;9.004687500000001;1.0;11.82375
30622;2017-04-19 00:00:00;05:00;2017-04-19 05:00:00;;;-3.0;-4.3;9.004687500000001;1.0;11.82375
30622;2017-04-19 00:00:00;02:00;2017-04-19 02:00:00;;;-2.6;-3.5;9.004687500000001;1.0;11.82375
30622;2017-04-18 00:00:00;23:00;2017-04-18 23:00:00;;;-1.6;-2.6;2.8190624999999994;0.0;2.8190624999999994
30622;2017-04-18 00:00:00;20:00;2017-04-18 20:00:00;;3.0;3.3;-1.8;2.8190624999999994;0.0;2.8190624999999994
30622;2017-04-18 00:00:00;17:00;2017-04-18 17:00:00;;;2.3;-0.7;2.8190624999999994;0.0;2.8190624999999994
30622;2017-04-18 00:00:00;14:00;2017-04-18 14:00:00;;;0.3;-1.4;2.8190624999999994;0.0;2.8190624999999994
30622;2017-04-18 00:00:00;11:00;2017-04-18 11:00:00;;;1.6;0.2;2.8190624999999994;0.0;2.8190624999999994
30622;2017-04-18 00:00:00;08:00;2017-04-18 08:00:00;;0.0;0.3;-4.3;2.8190624999999994;0.0;2.8190624999999994
30622;2017-04-18 00:00:00;05:00;2017-04-18 05:00:00;;;-1.6;-5.2;2.8190624999999994;0.0;2.8190624999999994
30622;2017-04-18 00:00:00;02:00;2017-04-18 02:00:00;;;1.6;-7.1;2.8190624999999994;0.0;2.8190624999999994
30622;2017-04-17 00:00:00;23:00;2017-04-17 23:00:00;;;5.8;-5.4;29.96953125;1.0;37.88828125
30622;2017-04-17 00:00:00;20:00;2017-04-17 20:00:00;;0.0;7.7;-3.9;29.96953125;1.0;37.88828125
30622;2017-04-17 00:00:00;17:00;2017-04-17 17:00:00;;;10.5;-4.7;29.96953125;1.0;37.88828125
30622;2017-04-17 00:00:00;14:00;2017-04-17 14:00:00;;;7.7;-5.0;29.96953125;1.0;37.88828125
30622;2017-04-17 00:00:00;11:00;2017-04-17 11:00:00;;;4.5;-3.3;29.96953125;1.0;37.88828125
30622;2017-04-17 00:00:00;08:00;2017-04-17 08:00:00;;0.0;-2.3;-5.6;29.96953125;1.0;37.88828125
30622;2017-04-17 00:00:00;05:00;2017-04-17 05:00:00;;;-4.1;-6.2;29.96953125;1.0;37.88828125
30622;2017-04-17 00:00:00;02:00;2017-04-17 02:00:00;;;-1.3;-4.7;29.96953125;1.0;37.88828125
30622;2017-04-16 00:00:00;23:00;2017-04-16 23:00:00;;;0.3;-3.1;7.918750000000001;0.0;7.918750000000001
30622;2017-04-16 00:00:00;20:00;2017-04-16 20:00:00;;0.3;1.6;-2.5;7.918750000000001;0.0;7.918750000000001
30622;2017-04-16 00:00:00;17:00;2017-04-16 17:00:00;;;2.3;-1.1;7.918750000000001;0.0;7.918750000000001
30622;2017-04-16 00:00:00;14:00;2017-04-16 14:00:00;;;5.6;-3.3;7.918750000000001;0.0;7.918750000000001
30622;2017-04-16 00:00:00;11:00;2017-04-16 11:00:00;;;4.3;-2.3;7.918750000000001;0.0;7.918750000000001
30622;2017-04-16 00:00:00;08:00;2017-04-16 08:00:00;;7.0;0.7;0.3;7.918750000000001;0.0;7.918750000000001
30622;2017-04-16 00:00:00;05:00;2017-04-16 05:00:00;;;1.3;0.6;7.918750000000001;0.0;7.918750000000001
30622;2017-04-16 00:00:00;02:00;2017-04-16 02:00:00;;;2.0;1.5;7.918750000000001;0.0;7.918750000000001
30622;2017-04-15 00:00:00;23:00;2017-04-15 23:00:00;;;4.2;2.7;32.66624999999999;3.0;164.14281249999996
30622;2017-04-15 00:00:00;20:00;2017-04-15 20:00:00;;0.0;7.3;2.5;32.66624999999999;3.0;164.14281249999996
30622;2017-04-15 00:00:00;17:00;2017-04-15 17:00:00;;;11.0;-2.0;32.66624999999999;3.0;164.14281249999996
30622;2017-04-15 00:00:00;14:00;2017-04-15 14:00:00;;;12.2;-2.9;32.66624999999999;3.0;164.14281249999996
30622;2017-04-15 00:00:00;11:00;2017-04-15 11:00:00;;;5.3;-3.7;32.66624999999999;3.0;164.14281249999996
30622;2017-04-15 00:00:00;08:00;2017-04-15 08:00:00;;0.0;-0.7;-4.2;32.66624999999999;3.0;164.14281249999996
30622;2017-04-15 00:00:00;05:00;2017-04-15 05:00:00;;;-1.9;-5.6;32.66624999999999;3.0;164.14281249999996
30622;2017-04-15 00:00:00;02:00;2017-04-15 02:00:00;;;-0.2;-5.8;32.66624999999999;3.0;164.14281249999996
30622;2017-04-14 00:00:00;23:00;2017-04-14 23:00:00;;;5.3;-5.7;78.76328125;2.0;131.47656249999997
30622;2017-04-14 00:00:00;20:00;2017-04-14 20:00:00;;0.0;7.5;-2.2;78.76328125;2.0;131.47656249999997
30622;2017-04-14 00:00:00;17:00;2017-04-14 17:00:00;;;12.0;-4.4;78.76328125;2.0;131.47656249999997
30622;2017-04-14 00:00:00;14:00;2017-04-14 14:00:00;;;13.3;-4.9;78.76328125;2.0;131.47656249999997
30622;2017-04-14 00:00:00;11:00;2017-04-14 11:00:00;;;12.3;-4.2;78.76328125;2.0;131.47656249999997
30622;2017-04-14 00:00:00;08:00;2017-04-14 08:00:00;;0.0;5.5;-2.8;78.76328125;2.0;131.47656249999997
30622;2017-04-14 00:00:00;05:00;2017-04-14 05:00:00;;;-1.3;-5.3;78.76328125;2.0;131.47656249999997
30622;2017-04-14 00:00:00;02:00;2017-04-14 02:00:00;;;1.1;-5.3;78.76328125;2.0;131.47656249999997
30622;2017-04-13 00:00:00;23:00;2017-04-13 23:00:00;;;7.7;-6.9;90.02812499999999;1.0;52.713281249999966
30622;2017-04-13 00:00:00;20:00;2017-04-13 20:00:00;;0.0;12.1;-5.1;90.02812499999999;1.0;52.713281249999966
30622;2017-04-13 00:00:00;17:00;2017-04-13 17:00:00;;;13.7;-5.6;90.02812499999999;1.0;52.713281249999966
30622;2017-04-13 00:00:00;14:00;2017-04-13 14:00:00;;;12.6;-4.8;90.02812499999999;1.0;52.713281249999966
30622;2017-04-13 00:00:00;11:00;2017-04-13 11:00:00;;;11.9;-3.9;90.02812499999999;1.0;52.713281249999966
30622;2017-04-13 00:00:00;08:00;2017-04-13 08:00:00;;0.0;3.5;-3.1;90.02812499999999;1.0;52.713281249999966
30622;2017-04-13 00:00:00;05:00;2017-04-13 05:00:00;;;-1.5;-5.4;90.02812499999999;1.0;52.713281249999966
30622;2017-04-13 00:00:00;02:00;2017-04-13 02:00:00;;;-1.8;-6.0;90.02812499999999;1.0;52.713281249999966
30622;2017-12-04 00:00:00;23:00;2017-12-04 23:00:00;;;6.5;-6.9;87.5146875;34.0;-1581.8582812500001
30622;2017-12-04 00:00:00;20:00;2017-12-04 20:00:00;;0.0;11.6;-7.1;87.5146875;34.0;-1581.8582812500001
30622;2017-12-04 00:00:00;17:00;2017-12-04 17:00:00;;;15.1;-9.2;87.5146875;34.0;-1581.8582812500001
30622;2017-12-04 00:00:00;14:00;2017-12-04 14:00:00;;;14.8;-6.1;87.5146875;34.0;-1581.8582812500001
30622;2017-12-04 00:00:00;11:00;2017-12-04 11:00:00;;;9.7;-3.1;87.5146875;34.0;-1581.8582812500001
30622;2017-12-04 00:00:00;08:00;2017-12-04 08:00:00;;0.0;0.6;-4.1;87.5146875;34.0;-1581.8582812500001
30622;2017-12-04 00:00:00;05:00;2017-12-04 05:00:00;;;-0.5;-4.5;87.5146875;34.0;-1581.8582812500001
30622;2017-12-04 00:00:00;02:00;2017-12-04 02:00:00;;;-2.4;-4.7;87.5146875;34.0;-1581.8582812500001
30622;2017-11-04 00:00:00;23:00;2017-11-04 23:00:00;;;-0.8;-5.9;-19.923750000000002;4.0;-410.19578125000004
30622;2017-11-04 00:00:00;20:00;2017-11-04 20:00:00;;0.0;2.1;-6.1;-19.923750000000002;4.0;-410.19578125000004
30622;2017-11-04 00:00:00;17:00;2017-11-04 17:00:00;;;3.5;-8.0;-19.923750000000002;4.0;-410.19578125000004
30622;2017-11-04 00:00:00;14:00;2017-11-04 14:00:00;;;2.7;-11.8;-19.923750000000002;4.0;-410.19578125000004
30622;2017-11-04 00:00:00;11:00;2017-11-04 11:00:00;;;-0.7;-15.3;-19.923750000000002;4.0;-410.19578125000004
30622;2017-11-04 00:00:00;08:00;2017-11-04 08:00:00;;0.0;-7.9;-12.2;-19.923750000000002;4.0;-410.19578125000004
30622;2017-11-04 00:00:00;05:00;2017-11-04 05:00:00;;;-9.7;-12.5;-19.923750000000002;4.0;-410.19578125000004
30622;2017-11-04 00:00:00;02:00;2017-11-04 02:00:00;;;-9.0;-12.4;-19.923750000000002;4.0;-410.19578125000004
30622;2017-10-04 00:00:00;23:00;2017-10-04 23:00:00;;;-8.1;-12.5;-41.35218750000001;9.0;-359.82015624999997
30622;2017-10-04 00:00:00;20:00;2017-10-04 20:00:00;;0.0;-1.6;-18.6;-41.35218750000001;9.0;-359.82015624999997
30622;2017-10-04 00:00:00;17:00;2017-10-04 17:00:00;;;0.5;-18.2;-41.35218750000001;9.0;-359.82015624999997
30622;2017-10-04 00:00:00;14:00;2017-10-04 14:00:00;;;-0.3;-18.0;-41.35218750000001;9.0;-359.82015624999997
30622;2017-10-04 00:00:00;11:00;2017-10-04 11:00:00;;;-2.5;-16.2;-41.35218750000001;9.0;-359.82015624999997
30622;2017-10-04 00:00:00;08:00;2017-10-04 08:00:00;;0.0;-5.0;-13.2;-41.35218750000001;9.0;-359.82015624999997
30622;2017-10-04 00:00:00;05:00;2017-10-04 05:00:00;;;-5.6;-15.2;-41.35218750000001;9.0;-359.82015624999997
30622;2017-10-04 00:00:00;02:00;2017-10-04 02:00:00;;;-3.5;-15.6;-41.35218750000001;9.0;-359.82015624999997
30622;2017-09-04 00:00:00;23:00;2017-09-04 23:00:00;;;-2.9;-16.3;21.474375;19.0;852.1935937499999
30622;2017-09-04 00:00:00;20:00;2017-09-04 20:00:00;;0.0;-0.1;-19.4;21.474375;19.0;852.1935937499999
30622;2017-09-04 00:00:00;17:00;2017-09-04 17:00:00;;;4.6;-13.0;21.474375;19.0;852.1935937499999
30622;2017-09-04 00:00:00;14:00;2017-09-04 14:00:00;;;5.9;-8.7;21.474375;19.0;852.1935937499999
30622;2017-09-04 00:00:00;11:00;2017-09-04 11:00:00;;;5.2;-2.8;21.474375;19.0;852.1935937499999
30622;2017-09-04 00:00:00;08:00;2017-09-04 08:00:00;;0.0;3.2;-2.5;21.474375;19.0;852.1935937499999
30622;2017-09-04 00:00:00;05:00;2017-09-04 05:00:00;;;-1.7;-4.4;21.474375;19.0;852.1935937499999
30622;2017-09-04 00:00:00;02:00;2017-09-04 02:00:00;;;1.4;-5.4;21.474375;19.0;852.1935937499999
30622;2017-08-04 00:00:00;23:00;2017-08-04 23:00:00;;;0.7;-5.2;15.647968749999999;7.0;136.75281249999998
30622;2017-08-04 00:00:00;20:00;2017-08-04 20:00:00;;0.0;5.1;-6.7;15.647968749999999;7.0;136.75281249999998
30622;2017-08-04 00:00:00;17:00;2017-08-04 17:00:00;;;9.0;-7.2;15.647968749999999;7.0;136.75281249999998
30622;2017-08-04 00:00:00;14:00;2017-08-04 14:00:00;;;8.6;-7.7;15.647968749999999;7.0;136.75281249999998
30622;2017-08-04 00:00:00;11:00;2017-08-04 11:00:00;;;4.1;-7.9;15.647968749999999;7.0;136.75281249999998
30622;2017-08-04 00:00:00;08:00;2017-08-04 08:00:00;;0.0;-3.3;-8.6;15.647968749999999;7.0;136.75281249999998
30622;2017-08-04 00:00:00;05:00;2017-08-04 05:00:00;;;-6.2;-8.7;15.647968749999999;7.0;136.75281249999998
30622;2017-08-04 00:00:00;02:00;2017-08-04 02:00:00;;;-4.3;-7.4;15.647968749999999;7.0;136.75281249999998
30622;2017-07-04 00:00:00;23:00;2017-07-04 23:00:00;;;-4.0;-8.5;-9.1640625;16.0;3070.44890625
30622;2017-07-04 00:00:00;20:00;2017-07-04 20:00:00;;0.0;2.5;-12.4;-9.1640625;16.0;3070.44890625
30622;2017-07-04 00:00:00;17:00;2017-07-04 17:00:00;;;4.4;-13.0;-9.1640625;16.0;3070.44890625
30622;2017-07-04 00:00:00;14:00;2017-07-04 14:00:00;;;3.1;-12.4;-9.1640625;16.0;3070.44890625
30622;2017-07-04 00:00:00;11:00;2017-07-04 11:00:00;;;0.6;-11.2;-9.1640625;16.0;3070.44890625
30622;2017-07-04 00:00:00;08:00;2017-07-04 08:00:00;;0.0;-4.9;-8.7;-9.1640625;16.0;3070.44890625
30622;2017-07-04 00:00:00;05:00;2017-07-04 05:00:00;;;-6.9;-10.7;-9.1640625;16.0;3070.44890625
30622;2017-07-04 00:00:00;02:00;2017-07-04 02:00:00;;;-2.3;-8.8;-9.1640625;16.0;3070.44890625
30622;2017-06-04 00:00:00;23:00;2017-06-04 23:00:00;;;-2.9;-4.4;-6.21875;17.0;2016.3035937499994
30622;2017-06-04 00:00:00;20:00;2017-06-04 20:00:00;;0.3;-1.1;-2.9;-6.21875;17.0;2016.3035937499994
30622;2017-06-04 00:00:00;17:00;2017-06-04 17:00:00;;;2.2;-6.4;-6.21875;17.0;2016.3035937499994
30622;2017-06-04 00:00:00;14:00;2017-06-04 14:00:00;;;2.5;-9.4;-6.21875;17.0;2016.3035937499994
30622;2017-06-04 00:00:00;11:00;2017-06-04 11:00:00;;;0.3;-7.1;-6.21875;17.0;2016.3035937499994
30622;2017-06-04 00:00:00;08:00;2017-06-04 08:00:00;Менее 0.5;0.3;-2.9;-4.3;-6.21875;17.0;2016.3035937499994
30622;2017-06-04 00:00:00;05:00;2017-06-04 05:00:00;;;-3.2;-7.6;-6.21875;17.0;2016.3035937499994
30622;2017-06-04 00:00:00;02:00;2017-06-04 02:00:00;;;-4.9;-7.7;-6.21875;17.0;2016.3035937499994
30622;2017-05-04 00:00:00;23:00;2017-05-04 23:00:00;;;-3.6;-8.5;-10.673437499999999;16.0;744.3410937499999
30622;2017-05-04 00:00:00;20:00;2017-05-04 20:00:00;;0.0;2.6;-13.3;-10.673437499999999;16.0;744.3410937499999
30622;2017-05-04 00:00:00;17:00;2017-05-04 17:00:00;;;6.6;-11.6;-10.673437499999999;16.0;744.3410937499999
30622;2017-05-04 00:00:00;14:00;2017-05-04 14:00:00;;;3.0;-6.1;-10.673437499999999;16.0;744.3410937499999
30622;2017-05-04 00:00:00;11:00;2017-05-04 11:00:00;;;-1.0;-7.5;-10.673437499999999;16.0;744.3410937499999
30622;2017-05-04 00:00:00;08:00;2017-05-04 08:00:00;;0.0;-6.7;-9.9;-10.673437499999999;16.0;744.3410937499999
30622;2017-05-04 00:00:00;05:00;2017-05-04 05:00:00;;;-6.4;-8.3;-10.673437499999999;16.0;744.3410937499999
30622;2017-05-04 00:00:00;02:00;2017-05-04 02:00:00;;;-5.5;-7.9;-10.673437499999999;16.0;744.3410937499999
30622;2017-04-04 00:00:00;23:00;2017-04-04 23:00:00;;;-4.6;-8.1;-4.01015625;26.0;-1037.2885937499998
30622;2017-04-04 00:00:00;20:00;2017-04-04 20:00:00;;0.0;-0.4;-9.0;-4.01015625;26.0;-1037.2885937499998
30622;2017-04-04 00:00:00;17:00;2017-04-04 17:00:00;;;4.1;-12.9;-4.01015625;26.0;-1037.2885937499998
30622;2017-04-04 00:00:00;14:00;2017-04-04 14:00:00;;;3.7;-12.9;-4.01015625;26.0;-1037.2885937499998
30622;2017-04-04 00:00:00;11:00;2017-04-04 11:00:00;;;0.7;-14.0;-4.01015625;26.0;-1037.2885937499998
30622;2017-04-04 00:00:00;08:00;2017-04-04 08:00:00;;0.0;-2.2;-13.5;-4.01015625;26.0;-1037.2885937499998
30622;2017-04-04 00:00:00;05:00;2017-04-04 05:00:00;;;-1.9;-12.0;-4.01015625;26.0;-1037.2885937499998
30622;2017-04-04 00:00:00;02:00;2017-04-04 02:00:00;;;-2.3;-9.0;-4.01015625;26.0;-1037.2885937499998
30622;2017-03-04 00:00:00;23:00;2017-03-04 23:00:00;;;-1.4;-8.5;4.756875000000001;25.0;-1001.62671875
30622;2017-03-04 00:00:00;20:00;2017-03-04 20:00:00;;0.0;0.6;-8.9;4.756875000000001;25.0;-1001.62671875
30622;2017-03-04 00:00:00;17:00;2017-03-04 17:00:00;;;1.6;-7.8;4.756875000000001;25.0;-1001.62671875
30622;2017-03-04 00:00:00;14:00;2017-03-04 14:00:00;;;1.6;-7.1;4.756875000000001;25.0;-1001.62671875
30622;2017-03-04 00:00:00;11:00;2017-03-04 11:00:00;;;-0.3;-4.5;4.756875000000001;25.0;-1001.62671875
30622;2017-03-04 00:00:00;08:00;2017-03-04 08:00:00;;0.0;0.3;-10.5;4.756875000000001;25.0;-1001.62671875
30622;2017-03-04 00:00:00;05:00;2017-03-04 05:00:00;;;0.3;-9.8;4.756875000000001;25.0;-1001.62671875
30622;2017-03-04 00:00:00;02:00;2017-03-04 02:00:00;;;1.6;-9.4;4.756875000000001;25.0;-1001.62671875
30622;2017-02-04 00:00:00;23:00;2017-02-04 23:00:00;;;1.2;-6.1;24.7265625;29.0;-2191.2423437500006
30622;2017-02-04 00:00:00;20:00;2017-02-04 20:00:00;;0.0;3.1;-5.9;24.7265625;29.0;-2191.2423437500006
30622;2017-02-04 00:00:00;17:00;2017-02-04 17:00:00;;;8.1;-4.6;24.7265625;29.0;-2191.2423437500006
30622;2017-02-04 00:00:00;14:00;2017-02-04 14:00:00;;;10.8;-4.9;24.7265625;29.0;-2191.2423437500006
30622;2017-02-04 00:00:00;11:00;2017-02-04 11:00:00;;;7.0;-3.5;24.7265625;29.0;-2191.2423437500006
30622;2017-02-04 00:00:00;08:00;2017-02-04 08:00:00;;0.0;-1.3;-4.5;24.7265625;29.0;-2191.2423437500006
30622;2017-02-04 00:00:00;05:00;2017-02-04 05:00:00;;;-2.4;-4.3;24.7265625;29.0;-2191.2423437500006
30622;2017-02-04 00:00:00;02:00;2017-02-04 02:00:00;;;-1.5;-4.5;24.7265625;29.0;-2191.2423437500006
30622;2017-01-04 00:00:00;23:00;2017-01-04 23:00:00;;;-0.9;-4.0;38.6425;0.0;0.0
30622;2017-01-04 00:00:00;20:00;2017-01-04 20:00:00;;0.0;5.9;-3.9;38.6425;0.0;0.0
30622;2017-01-04 00:00:00;17:00;2017-01-04 17:00:00;;;11.6;-5.4;38.6425;0.0;0.0
30622;2017-01-04 00:00:00;14:00;2017-01-04 14:00:00;;;10.5;-8.1;38.6425;0.0;0.0
30622;2017-01-04 00:00:00;11:00;2017-01-04 11:00:00;;;5.9;-5.3;38.6425;0.0;0.0
30622;2017-01-04 00:00:00;08:00;2017-01-04 08:00:00;;0.0;-1.7;-5.2;38.6425;0.0;0.0
30622;2017-01-04 00:00:00;05:00;2017-01-04 05:00:00;;;-2.5;-4.8;38.6425;0.0;0.0
30622;2017-01-04 00:00:00;02:00;2017-01-04 02:00:00;;;4.0;-5.9;38.6425;0.0;0.0
30622;2017-03-31 00:00:00;23:00;2017-03-31 23:00:00;;;7.2;-3.8;30.359375;22.0;-822.5582812499999
30622;2017-03-31 00:00:00;20:00;2017-03-31 20:00:00;;0.0;8.2;-3.2;30.359375;22.0;-822.5582812499999
30622;2017-03-31 00:00:00;17:00;2017-03-31 17:00:00;;;12.8;-3.7;30.359375;22.0;-822.5582812499999
30622;2017-03-31 00:00:00;14:00;2017-03-31 14:00:00;;;12.0;-2.7;30.359375;22.0;-822.5582812499999
30622;2017-03-31 00:00:00;11:00;2017-03-31 11:00:00;;;2.2;-4.6;30.359375;22.0;-822.5582812499999
30622;2017-03-31 00:00:00;08:00;2017-03-31 08:00:00;1.0;0.0;-3.7;-6.7;30.359375;22.0;-822.5582812499999
30622;2017-03-31 00:00:00;05:00;2017-03-31 05:00:00;;;-6.0;-7.5;30.359375;22.0;-822.5582812499999
30622;2017-03-31 00:00:00;02:00;2017-03-31 02:00:00;;;-3.7;-5.8;30.359375;22.0;-822.5582812499999
30622;2017-03-30 00:00:00;23:00;2017-03-30 23:00:00;;;-0.7;-4.7;-0.3399999999999988;21.0;-852.9176562499999
30622;2017-03-30 00:00:00;20:00;2017-03-30 20:00:00;;0.0;5.5;-5.0;-0.3399999999999988;21.0;-852.9176562499999
30622;2017-03-30 00:00:00;17:00;2017-03-30 17:00:00;;;10.6;-5.9;-0.3399999999999988;21.0;-852.9176562499999
30622;2017-03-30 00:00:00;14:00;2017-03-30 14:00:00;;;7.3;-5.4;-0.3399999999999988;21.0;-852.9176562499999
30622;2017-03-30 00:00:00;11:00;2017-03-30 11:00:00;;;-1.5;-7.8;-0.3399999999999988;21.0;-852.9176562499999
30622;2017-03-30 00:00:00;08:00;2017-03-30 08:00:00;4.0;0.0;-7.3;-9.0;-0.3399999999999988;21.0;-852.9176562499999
30622;2017-03-30 00:00:00;05:00;2017-03-30 05:00:00;;;-8.2;-9.3;-0.3399999999999988;21.0;-852.9176562499999
30622;2017-03-30 00:00:00;02:00;2017-03-30 02:00:00;;;-6.1;-7.7;-0.3399999999999988;21.0;-852.9176562499999
30622;2017-03-29 00:00:00;23:00;2017-03-29 23:00:00;;;-3.6;-6.7;-21.888749999999995;20.0;-852.5776562499999
30622;2017-03-29 00:00:00;20:00;2017-03-29 20:00:00;;0.0;1.2;-6.2;-21.888749999999995;20.0;-852.5776562499999
30622;2017-03-29 00:00:00;17:00;2017-03-29 17:00:00;;;7.2;-6.9;-21.888749999999995;20.0;-852.5776562499999
30622;2017-03-29 00:00:00;14:00;2017-03-29 14:00:00;;;1.1;-7.2;-21.888749999999995;20.0;-852.5776562499999
30622;2017-03-29 00:00:00;11:00;2017-03-29 11:00:00;;;-5.6;-11.2;-21.888749999999995;20.0;-852.5776562499999
30622;2017-03-29 00:00:00;08:00;2017-03-29 08:00:00;11.0;0.0;-11.7;-13.7;-21.888749999999995;20.0;-852.5776562499999
30622;2017-03-29 00:00:00;05:00;2017-03-29 05:00:00;;;-11.3;-13.2;-21.888749999999995;20.0;-852.5776562499999
30622;2017-03-29 00:00:00;02:00;2017-03-29 02:00:00;;;-8.5;-11.0;-21.888749999999995;20.0;-852.5776562499999
30622;2017-03-28 00:00:00;23:00;2017-03-28 23:00:00;;;-6.2;-9.1;-19.997812500000002;19.0;-830.68890625
30622;2017-03-28 00:00:00;20:00;2017-03-28 20:00:00;;0.0;-0.1;-8.1;-19.997812500000002;19.0;-830.68890625
30622;2017-03-28 00:00:00;17:00;2017-03-28 17:00:00;;;5.6;-10.4;-19.997812500000002;19.0;-830.68890625
30622;2017-03-28 00:00:00;14:00;2017-03-28 14:00:00;;;3.3;-7.1;-19.997812500000002;19.0;-830.68890625
30622;2017-03-28 00:00:00;11:00;2017-03-28 11:00:00;;;-3.0;-8.4;-19.997812500000002;19.0;-830.68890625
30622;2017-03-28 00:00:00;08:00;2017-03-28 08:00:00;14.0;0.0;-9.8;-11.9;-19.997812500000002;19.0;-830.68890625
30622;2017-03-28 00:00:00;05:00;2017-03-28 05:00:00;;;-9.1;-11.0;-19.997812500000002;19.0;-830.68890625
30622;2017-03-28 00:00:00;02:00;2017-03-28 02:00:00;;;-6.4;-9.5;-19.997812500000002;19.0;-830.68890625
30622;2017-03-27 00:00:00;23:00;2017-03-27 23:00:00;;;-4.9;-8.0;-4.956250000000001;18.0;-810.6910937499999
30622;2017-03-27 00:00:00;20:00;2017-03-27 20:00:00;;0.0;0.4;-6.6;-4.956250000000001;18.0;-810.6910937499999
30622;2017-03-27 00:00:00;17:00;2017-03-27 17:00:00;;;6.6;-7.1;-4.956250000000001;18.0;-810.6910937499999
30622;2017-03-27 00:00:00;14:00;2017-03-27 14:00:00;;;4.5;-5.6;-4.956250000000001;18.0;-810.6910937499999
30622;2017-03-27 00:00:00;11:00;2017-03-27 11:00:00;;;2.3;-5.8;-4.956250000000001;18.0;-810.6910937499999
30622;2017-03-27 00:00:00;08:00;2017-03-27 08:00:00;18.0;0.0;-2.7;-7.0;-4.956250000000001;18.0;-810.6910937499999
30622;2017-03-27 00:00:00;05:00;2017-03-27 05:00:00;;;-8.3;-9.8;-4.956250000000001;18.0;-810.6910937499999
30622;2017-03-27 00:00:00;02:00;2017-03-27 02:00:00;;;-4.0;-8.2;-4.956250000000001;18.0;-810.6910937499999
30622;2017-03-26 00:00:00;23:00;2017-03-26 23:00:00;;;-3.6;-8.4;-32.69;17.0;-805.73484375
30622;2017-03-26 00:00:00;20:00;2017-03-26 20:00:00;;0.0;1.1;-8.2;-32.69;17.0;-805.73484375
30622;2017-03-26 00:00:00;17:00;2017-03-26 17:00:00;;;6.4;-9.9;-32.69;17.0;-805.73484375
30622;2017-03-26 00:00:00;14:00;2017-03-26 14:00:00;;;-0.3;-7.2;-32.69;17.0;-805.73484375
30622;2017-03-26 00:00:00;11:00;2017-03-26 11:00:00;;;-7.7;-12.5;-32.69;17.0;-805.73484375
30622;2017-03-26 00:00:00;08:00;2017-03-26 08:00:00;20.0;0.0;-15.0;-16.6;-32.69;17.0;-805.73484375
30622;2017-03-26 00:00:00;05:00;2017-03-26 05:00:00;;;-14.2;-15.6;-32.69;17.0;-805.73484375
30622;2017-03-26 00:00:00;02:00;2017-03-26 02:00:00;;;-11.5;-13.1;-32.69;17.0;-805.73484375
30622;2017-03-25 00:00:00;23:00;2017-03-25 23:00:00;;;-7.2;-10.2;-33.05484375;16.0;-773.04484375
30622;2017-03-25 00:00:00;20:00;2017-03-25 20:00:00;;0.0;-1.2;-8.0;-33.05484375;16.0;-773.04484375
30622;2017-03-25 00:00:00;17:00;2017-03-25 17:00:00;;;5.7;-8.0;-33.05484375;16.0;-773.04484375
30622;2017-03-25 00:00:00;14:00;2017-03-25 14:00:00;;;0.9;-7.9;-33.05484375;16.0;-773.04484375
30622;2017-03-25 00:00:00;11:00;2017-03-25 11:00:00;;;-5.8;-12.6;-33.05484375;16.0;-773.04484375
30622;2017-03-25 00:00:00;08:00;2017-03-25 08:00:00;22.0;0.0;-15.4;-17.4;-33.05484375;16.0;-773.04484375
30622;2017-03-25 00:00:00;05:00;2017-03-25 05:00:00;;;-13.6;-15.9;-33.05484375;16.0;-773.04484375
30622;2017-03-25 00:00:00;02:00;2017-03-25 02:00:00;;;-8.7;-12.0;-33.05484375;16.0;-773.04484375
30622;2017-03-24 00:00:00;23:00;2017-03-24 23:00:00;;;-2.1;-9.8;-40.06953125;15.0;-739.99
30622;2017-03-24 00:00:00;20:00;2017-03-24 20:00:00;;0.0;1.8;-10.5;-40.06953125;15.0;-739.99
30622;2017-03-24 00:00:00;17:00;2017-03-24 17:00:00;;;4.8;-13.2;-40.06953125;15.0;-739.99
30622;2017-03-24 00:00:00;14:00;2017-03-24 14:00:00;;;-1.0;-8.5;-40.06953125;15.0;-739.99
30622;2017-03-24 00:00:00;11:00;2017-03-24 11:00:00;;;-5.0;-11.6;-40.06953125;15.0;-739.99
30622;2017-03-24 00:00:00;08:00;2017-03-24 08:00:00;24.0;0.0;-15.9;-17.4;-40.06953125;15.0;-739.99
30622;2017-03-24 00:00:00;05:00;2017-03-24 05:00:00;;;-15.8;-17.7;-40.06953125;15.0;-739.99
30622;2017-03-24 00:00:00;02:00;2017-03-24 02:00:00;;;-9.9;-13.9;-40.06953125;15.0;-739.99
30622;2017-03-23 00:00:00;23:00;2017-03-23 23:00:00;;;-5.0;-9.8;-39.92625000000001;14.0;-699.92046875
30622;2017-03-23 00:00:00;20:00;2017-03-23 20:00:00;;0.0;-1.9;-7.8;-39.92625000000001;14.0;-699.92046875
30622;2017-03-23 00:00:00;17:00;2017-03-23 17:00:00;;;1.0;-7.0;-39.92625000000001;14.0;-699.92046875
30622;2017-03-23 00:00:00;14:00;2017-03-23 14:00:00;;;-4.5;-11.5;-39.92625000000001;14.0;-699.92046875
30622;2017-03-23 00:00:00;11:00;2017-03-23 11:00:00;;;-11.2;-15.5;-39.92625000000001;14.0;-699.92046875
30622;2017-03-23 00:00:00;08:00;2017-03-23 08:00:00;24.0;0.0;-18.7;-20.6;-39.92625000000001;14.0;-699.92046875
30622;2017-03-23 00:00:00;05:00;2017-03-23 05:00:00;;;-17.4;-19.0;-39.92625000000001;14.0;-699.92046875
30622;2017-03-23 00:00:00;02:00;2017-03-23 02:00:00;;;-15.1;-16.7;-39.92625000000001;14.0;-699.92046875
30622;2017-03-22 00:00:00;23:00;2017-03-22 23:00:00;;;-11.0;-12.4;-46.952343750000004;13.0;-659.9942187500001
30622;2017-03-22 00:00:00;20:00;2017-03-22 20:00:00;;0.0;-5.9;-9.5;-46.952343750000004;13.0;-659.9942187500001
30622;2017-03-22 00:00:00;17:00;2017-03-22 17:00:00;;;-0.9;-11.1;-46.952343750000004;13.0;-659.9942187500001
30622;2017-03-22 00:00:00;14:00;2017-03-22 14:00:00;;;-4.0;-12.0;-46.952343750000004;13.0;-659.9942187500001
30622;2017-03-22 00:00:00;11:00;2017-03-22 11:00:00;;;-12.1;-16.6;-46.952343750000004;13.0;-659.9942187500001
30622;2017-03-22 00:00:00;08:00;2017-03-22 08:00:00;24.0;0.0;-21.3;-23.7;-46.952343750000004;13.0;-659.9942187500001
30622;2017-03-22 00:00:00;05:00;2017-03-22 05:00:00;;;-19.1;-21.0;-46.952343750000004;13.0;-659.9942187500001
30622;2017-03-22 00:00:00;02:00;2017-03-22 02:00:00;;;-15.4;-16.9;-46.952343750000004;13.0;-659.9942187500001
30622;2017-03-21 00:00:00;23:00;2017-03-21 23:00:00;;;-13.1;-14.9;-55.257500000000014;12.0;-613.0418750000001
30622;2017-03-21 00:00:00;20:00;2017-03-21 20:00:00;;0.0;-7.3;-11.5;-55.257500000000014;12.0;-613.0418750000001
30622;2017-03-21 00:00:00;17:00;2017-03-21 17:00:00;;;0.7;-10.4;-55.257500000000014;12.0;-613.0418750000001
30622;2017-03-21 00:00:00;14:00;2017-03-21 14:00:00;;;-5.6;-14.9;-55.257500000000014;12.0;-613.0418750000001
30622;2017-03-21 00:00:00;11:00;2017-03-21 11:00:00;;;-13.8;-18.3;-55.257500000000014;12.0;-613.0418750000001
30622;2017-03-21 00:00:00;08:00;2017-03-21 08:00:00;25.0;0.0;-20.1;-22.1;-55.257500000000014;12.0;-613.0418750000001
30622;2017-03-21 00:00:00;05:00;2017-03-21 05:00:00;;;-19.2;-21.3;-55.257500000000014;12.0;-613.0418750000001
30622;2017-03-21 00:00:00;02:00;2017-03-21 02:00:00;;;-17.7;-19.5;-55.257500000000014;12.0;-613.0418750000001
30622;2017-03-20 00:00:00;23:00;2017-03-20 23:00:00;;;-13.6;-16.5;-69.88625000000003;11.0;-557.7843750000001
30622;2017-03-20 00:00:00;20:00;2017-03-20 20:00:00;;0.0;-8.1;-12.8;-69.88625000000003;11.0;-557.7843750000001
30622;2017-03-20 00:00:00;17:00;2017-03-20 17:00:00;;;-2.4;-13.9;-69.88625000000003;11.0;-557.7843750000001
30622;2017-03-20 00:00:00;14:00;2017-03-20 14:00:00;;;-7.6;-15.5;-69.88625000000003;11.0;-557.7843750000001
30622;2017-03-20 00:00:00;11:00;2017-03-20 11:00:00;;;-15.5;-20.6;-69.88625000000003;11.0;-557.7843750000001
30622;2017-03-20 00:00:00;08:00;2017-03-20 08:00:00;25.0;0.0;-24.5;-27.1;-69.88625000000003;11.0;-557.7843750000001
30622;2017-03-20 00:00:00;05:00;2017-03-20 05:00:00;;;-22.2;-24.4;-69.88625000000003;11.0;-557.7843750000001
30622;2017-03-20 00:00:00;02:00;2017-03-20 02:00:00;;;-20.2;-22.5;-69.88625000000003;11.0;-557.7843750000001
30622;2017-03-19 00:00:00;23:00;2017-03-19 23:00:00;;;-15.8;-18.1;-68.39015625000002;10.0;-487.898125
30622;2017-03-19 00:00:00;20:00;2017-03-19 20:00:00;;0.0;-10.2;-13.7;-68.39015625000002;10.0;-487.898125
30622;2017-03-19 00:00:00;17:00;2017-03-19 17:00:00;;;-4.1;-15.2;-68.39015625000002;10.0;-487.898125
30622;2017-03-19 00:00:00;14:00;2017-03-19 14:00:00;;;-9.7;-16.3;-68.39015625000002;10.0;-487.898125
30622;2017-03-19 00:00:00;11:00;2017-03-19 11:00:00;;;-17.2;-21.9;-68.39015625000002;10.0;-487.898125
30622;2017-03-19 00:00:00;08:00;2017-03-19 08:00:00;25.0;0.0;-25.0;-27.5;-68.39015625000002;10.0;-487.898125
30622;2017-03-19 00:00:00;05:00;2017-03-19 05:00:00;;;-22.1;-24.4;-68.39015625000002;10.0;-487.898125
30622;2017-03-19 00:00:00;02:00;2017-03-19 02:00:00;;;-20.6;-22.7;-68.39015625000002;10.0;-487.898125
30622;2017-03-18 00:00:00;23:00;2017-03-18 23:00:00;;;-16.1;-18.8;-74.25796874999999;9.0;-419.50796875
30622;2017-03-18 00:00:00;20:00;2017-03-18 20:00:00;;0.0;-9.7;-14.2;-74.25796874999999;9.0;-419.50796875
30622;2017-03-18 00:00:00;17:00;2017-03-18 17:00:00;;;-4.6;-14.7;-74.25796874999999;9.0;-419.50796875
30622;2017-03-18 00:00:00;14:00;2017-03-18 14:00:00;;;-11.0;-17.5;-74.25796874999999;9.0;-419.50796875
30622;2017-03-18 00:00:00;11:00;2017-03-18 11:00:00;;;-17.6;-22.9;-74.25796874999999;9.0;-419.50796875
30622;2017-03-18 00:00:00;08:00;2017-03-18 08:00:00;25.0;0.0;-24.5;-27.1;-74.25796874999999;9.0;-419.50796875
30622;2017-03-18 00:00:00;05:00;2017-03-18 05:00:00;;;-24.2;-26.6;-74.25796874999999;9.0;-419.50796875
30622;2017-03-18 00:00:00;02:00;2017-03-18 02:00:00;;;-20.4;-23.4;-74.25796874999999;9.0;-419.50796875
30622;2017-03-17 00:00:00;23:00;2017-03-17 23:00:00;;;-16.2;-19.6;-76.7975;8.0;-345.25
30622;2017-03-17 00:00:00;20:00;2017-03-17 20:00:00;;0.0;-10.6;-16.6;-76.7975;8.0;-345.25
30622;2017-03-17 00:00:00;17:00;2017-03-17 17:00:00;;;-3.1;-17.9;-76.7975;8.0;-345.25
30622;2017-03-17 00:00:00;14:00;2017-03-17 14:00:00;;;-4.9;-16.4;-76.7975;8.0;-345.25
30622;2017-03-17 00:00:00;11:00;2017-03-17 11:00:00;;;-8.7;-16.4;-76.7975;8.0;-345.25
30622;2017-03-17 00:00:00;08:00;2017-03-17 08:00:00;25.0;0.0;-15.0;-18.7;-76.7975;8.0;-345.25
30622;2017-03-17 00:00:00;05:00;2017-03-17 05:00:00;;;-16.5;-19.9;-76.7975;8.0;-345.25
30622;2017-03-17 00:00:00;02:00;2017-03-17 02:00:00;;;-13.4;-18.5;-76.7975;8.0;-345.25
30622;2017-03-16 00:00:00;23:00;2017-03-16 23:00:00;;;-5.8;-15.7;-43.48500000000001;7.0;-268.4525
30622;2017-03-16 00:00:00;20:00;2017-03-16 20:00:00;;0.0;-2.5;-13.8;-43.48500000000001;7.0;-268.4525
30622;2017-03-16 00:00:00;17:00;2017-03-16 17:00:00;;;0.9;-13.0;-43.48500000000001;7.0;-268.4525
30622;2017-03-16 00:00:00;14:00;2017-03-16 14:00:00;;;1.7;-11.4;-43.48500000000001;7.0;-268.4525
30622;2017-03-16 00:00:00;11:00;2017-03-16 11:00:00;;;-0.4;-9.9;-43.48500000000001;7.0;-268.4525
30622;2017-03-16 00:00:00;08:00;2017-03-16 08:00:00;25.0;0.0;-6.2;-12.3;-43.48500000000001;7.0;-268.4525
30622;2017-03-16 00:00:00;05:00;2017-03-16 05:00:00;;;-14.8;-16.2;-43.48500000000001;7.0;-268.4525
30622;2017-03-16 00:00:00;02:00;2017-03-16 02:00:00;;;-14.5;-16.2;-43.48500000000001;7.0;-268.4525
30622;2017-03-15 00:00:00;23:00;2017-03-15 23:00:00;;;-14.2;-16.2;-50.48437500000001;6.0;-224.96749999999997
30622;2017-03-15 00:00:00;20:00;2017-03-15 20:00:00;;0.0;-7.1;-10.7;-50.48437500000001;6.0;-224.96749999999997
30622;2017-03-15 00:00:00;17:00;2017-03-15 17:00:00;;;1.2;-10.3;-50.48437500000001;6.0;-224.96749999999997
30622;2017-03-15 00:00:00;14:00;2017-03-15 14:00:00;;;-2.8;-11.1;-50.48437500000001;6.0;-224.96749999999997
30622;2017-03-15 00:00:00;11:00;2017-03-15 11:00:00;;;-12.6;-17.5;-50.48437500000001;6.0;-224.96749999999997
30622;2017-03-15 00:00:00;08:00;2017-03-15 08:00:00;26.0;0.0;-19.6;-21.5;-50.48437500000001;6.0;-224.96749999999997
30622;2017-03-15 00:00:00;05:00;2017-03-15 05:00:00;;;-19.6;-21.5;-50.48437500000001;6.0;-224.96749999999997
30622;2017-03-15 00:00:00;02:00;2017-03-15 02:00:00;;;-15.3;-17.1;-50.48437500000001;6.0;-224.96749999999997
30622;2017-03-14 00:00:00;23:00;2017-03-14 23:00:00;;;-11.9;-14.1;-54.861562500000005;5.0;-174.48312499999997
30622;2017-03-14 00:00:00;20:00;2017-03-14 20:00:00;;0.0;-5.9;-10.2;-54.861562500000005;5.0;-174.48312499999997
30622;2017-03-14 00:00:00;17:00;2017-03-14 17:00:00;;;4.0;-9.6;-54.861562500000005;5.0;-174.48312499999997
30622;2017-03-14 00:00:00;14:00;2017-03-14 14:00:00;;;-2.2;-13.0;-54.861562500000005;5.0;-174.48312499999997
30622;2017-03-14 00:00:00;11:00;2017-03-14 11:00:00;;;-12.1;-17.1;-54.861562500000005;5.0;-174.48312499999997
30622;2017-03-14 00:00:00;08:00;2017-03-14 08:00:00;27.0;0.0;-19.8;-21.9;-54.861562500000005;5.0;-174.48312499999997
30622;2017-03-14 00:00:00;05:00;2017-03-14 05:00:00;;;-19.3;-21.3;-54.861562500000005;5.0;-174.48312499999997
30622;2017-03-14 00:00:00;02:00;2017-03-14 02:00:00;;;-17.0;-18.7;-54.861562500000005;5.0;-174.48312499999997
30622;2017-03-13 00:00:00;23:00;2017-03-13 23:00:00;;;-12.7;-14.7;-38.204843749999995;4.0;-119.62156249999997
30622;2017-03-13 00:00:00;20:00;2017-03-13 20:00:00;;0.0;-7.4;-11.1;-38.204843749999995;4.0;-119.62156249999997
30622;2017-03-13 00:00:00;17:00;2017-03-13 17:00:00;;;-1.2;-8.4;-38.204843749999995;4.0;-119.62156249999997
30622;2017-03-13 00:00:00;14:00;2017-03-13 14:00:00;;;-3.2;-10.6;-38.204843749999995;4.0;-119.62156249999997
30622;2017-03-13 00:00:00;11:00;2017-03-13 11:00:00;;;-9.6;-15.4;-38.204843749999995;4.0;-119.62156249999997
30622;2017-03-13 00:00:00;08:00;2017-03-13 08:00:00;28.0;0.0;-17.5;-19.3;-38.204843749999995;4.0;-119.62156249999997
30622;2017-03-13 00:00:00;05:00;2017-03-13 05:00:00;;;-14.4;-15.9;-38.204843749999995;4.0;-119.62156249999997
30622;2017-03-13 00:00:00;02:00;2017-03-13 02:00:00;;;-9.7;-12.6;-38.204843749999995;4.0;-119.62156249999997
30622;2017-12-03 00:00:00;23:00;2017-12-03 23:00:00;;;-6.7;-10.4;-48.8596875;33.0;-1669.3729687500002
30622;2017-12-03 00:00:00;20:00;2017-12-03 20:00:00;;0.0;-5.6;-10.1;-48.8596875;33.0;-1669.3729687500002
30622;2017-12-03 00:00:00;17:00;2017-12-03 17:00:00;;;0.3;-8.4;-48.8596875;33.0;-1669.3729687500002
30622;2017-12-03 00:00:00;14:00;2017-12-03 14:00:00;;;-4.4;-12.8;-48.8596875;33.0;-1669.3729687500002
30622;2017-12-03 00:00:00;11:00;2017-12-03 11:00:00;;;-9.4;-16.7;-48.8596875;33.0;-1669.3729687500002
30622;2017-12-03 00:00:00;08:00;2017-12-03 08:00:00;28.0;0.0;-14.7;-18.1;-48.8596875;33.0;-1669.3729687500002
30622;2017-12-03 00:00:00;05:00;2017-12-03 05:00:00;;;-15.6;-18.5;-48.8596875;33.0;-1669.3729687500002
30622;2017-12-03 00:00:00;02:00;2017-12-03 02:00:00;;;-18.0;-21.3;-48.8596875;33.0;-1669.3729687500002
30622;2017-11-03 00:00:00;23:00;2017-11-03 23:00:00;;;-13.4;-18.1;-79.67093750000001;3.0;-390.27203125000005
30622;2017-11-03 00:00:00;20:00;2017-11-03 20:00:00;;0.0;-9.5;-16.2;-79.67093750000001;3.0;-390.27203125000005
30622;2017-11-03 00:00:00;17:00;2017-11-03 17:00:00;;;-1.4;-14.3;-79.67093750000001;3.0;-390.27203125000005
30622;2017-11-03 00:00:00;14:00;2017-11-03 14:00:00;;;-6.5;-16.3;-79.67093750000001;3.0;-390.27203125000005
30622;2017-11-03 00:00:00;11:00;2017-11-03 11:00:00;;;-11.4;-19.6;-79.67093750000001;3.0;-390.27203125000005
30622;2017-11-03 00:00:00;08:00;2017-11-03 08:00:00;28.0;0.0;-16.3;-20.7;-79.67093750000001;3.0;-390.27203125000005
30622;2017-11-03 00:00:00;05:00;2017-11-03 05:00:00;;;-17.0;-20.5;-79.67093750000001;3.0;-390.27203125000005
30622;2017-11-03 00:00:00;02:00;2017-11-03 02:00:00;;;-19.1;-22.8;-79.67093750000001;3.0;-390.27203125000005
30622;2017-10-03 00:00:00;23:00;2017-10-03 23:00:00;;;-19.6;-24.0;-68.5584375;8.0;-318.46796874999995
30622;2017-10-03 00:00:00;20:00;2017-10-03 20:00:00;;0.0;-12.5;-20.0;-68.5584375;8.0;-318.46796874999995
30622;2017-10-03 00:00:00;17:00;2017-10-03 17:00:00;;;-4.6;-19.2;-68.5584375;8.0;-318.46796874999995
30622;2017-10-03 00:00:00;14:00;2017-10-03 14:00:00;;;-5.2;-19.7;-68.5584375;8.0;-318.46796874999995
30622;2017-10-03 00:00:00;11:00;2017-10-03 11:00:00;;;-7.3;-17.0;-68.5584375;8.0;-318.46796874999995
30622;2017-10-03 00:00:00;08:00;2017-10-03 08:00:00;28.0;0.2;-7.5;-12.5;-68.5584375;8.0;-318.46796874999995
30622;2017-10-03 00:00:00;05:00;2017-10-03 05:00:00;;;-5.5;-10.2;-68.5584375;8.0;-318.46796874999995
30622;2017-10-03 00:00:00;02:00;2017-10-03 02:00:00;;;-2.9;-9.9;-68.5584375;8.0;-318.46796874999995
30622;2017-09-03 00:00:00;23:00;2017-09-03 23:00:00;;;-1.4;-4.0;-40.48;18.0;830.7192187499999
30622;2017-09-03 00:00:00;20:00;2017-09-03 20:00:00;;0.0;-5.5;-8.7;-40.48;18.0;830.7192187499999
30622;2017-09-03 00:00:00;17:00;2017-09-03 17:00:00;;;-6.5;-11.1;-40.48;18.0;830.7192187499999
30622;2017-09-03 00:00:00;14:00;2017-09-03 14:00:00;;;-8.3;-13.9;-40.48;18.0;830.7192187499999
30622;2017-09-03 00:00:00;11:00;2017-09-03 11:00:00;;;-15.7;-18.0;-40.48;18.0;830.7192187499999
30622;2017-09-03 00:00:00;08:00;2017-09-03 08:00:00;28.0;0.0;-23.1;-25.7;-40.48;18.0;830.7192187499999
30622;2017-09-03 00:00:00;05:00;2017-09-03 05:00:00;;;-21.8;-24.2;-40.48;18.0;830.7192187499999
30622;2017-09-03 00:00:00;02:00;2017-09-03 02:00:00;;;-20.1;-22.1;-40.48;18.0;830.7192187499999
30622;2017-08-03 00:00:00;23:00;2017-08-03 23:00:00;;;-18.8;-20.8;-51.916562499999976;6.0;121.10484374999999
30622;2017-08-03 00:00:00;20:00;2017-08-03 20:00:00;;0.0;-13.7;-16.2;-51.916562499999976;6.0;121.10484374999999
30622;2017-08-03 00:00:00;17:00;2017-08-03 17:00:00;;;-7.1;-12.6;-51.916562499999976;6.0;121.10484374999999
30622;2017-08-03 00:00:00;14:00;2017-08-03 14:00:00;;;-11.3;-16.2;-51.916562499999976;6.0;121.10484374999999
30622;2017-08-03 00:00:00;11:00;2017-08-03 11:00:00;;;-18.0;-20.2;-51.916562499999976;6.0;121.10484374999999
30622;2017-08-03 00:00:00;08:00;2017-08-03 08:00:00;29.0;0.0;-23.2;-25.8;-51.916562499999976;6.0;121.10484374999999
30622;2017-08-03 00:00:00;05:00;2017-08-03 05:00:00;;;-23.0;-25.2;-51.916562499999976;6.0;121.10484374999999
30622;2017-08-03 00:00:00;02:00;2017-08-03 02:00:00;;;-22.2;-24.5;-51.916562499999976;6.0;121.10484374999999
30622;2017-07-03 00:00:00;23:00;2017-07-03 23:00:00;;;-20.2;-22.3;-51.19828125000001;15.0;3079.61296875
30622;2017-07-03 00:00:00;20:00;2017-07-03 20:00:00;;0.0;-14.9;-17.9;-51.19828125000001;15.0;3079.61296875
30622;2017-07-03 00:00:00;17:00;2017-07-03 17:00:00;;;-7.9;-14.7;-51.19828125000001;15.0;3079.61296875
30622;2017-07-03 00:00:00;14:00;2017-07-03 14:00:00;;;-12.7;-15.9;-51.19828125000001;15.0;3079.61296875
30622;2017-07-03 00:00:00;11:00;2017-07-03 11:00:00;;;-16.3;-18.4;-51.19828125000001;15.0;3079.61296875
30622;2017-07-03 00:00:00;08:00;2017-07-03 08:00:00;30.0;0.0;-21.2;-23.6;-51.19828125000001;15.0;3079.61296875
30622;2017-07-03 00:00:00;05:00;2017-07-03 05:00:00;;;-24.2;-26.6;-51.19828125000001;15.0;3079.61296875
30622;2017-07-03 00:00:00;02:00;2017-07-03 02:00:00;;;-19.7;-21.6;-51.19828125000001;15.0;3079.61296875
30622;2017-06-03 00:00:00;23:00;2017-06-03 23:00:00;;;-15.6;-17.4;-38.8125;16.0;2022.5223437499994
30622;2017-06-03 00:00:00;20:00;2017-06-03 20:00:00;;0.2;-7.2;-10.5;-38.8125;16.0;2022.5223437499994
30622;2017-06-03 00:00:00;17:00;2017-06-03 17:00:00;;;-3.1;-9.7;-38.8125;16.0;2022.5223437499994
30622;2017-06-03 00:00:00;14:00;2017-06-03 14:00:00;;;-6.5;-11.7;-38.8125;16.0;2022.5223437499994
30622;2017-06-03 00:00:00;11:00;2017-06-03 11:00:00;;;-13.2;-18.1;-38.8125;16.0;2022.5223437499994
30622;2017-06-03 00:00:00;08:00;2017-06-03 08:00:00;30.0;0.0;-15.6;-17.4;-38.8125;16.0;2022.5223437499994
30622;2017-06-03 00:00:00;05:00;2017-06-03 05:00:00;;;-14.2;-15.9;-38.8125;16.0;2022.5223437499994
30622;2017-06-03 00:00:00;02:00;2017-06-03 02:00:00;;;-16.6;-18.3;-38.8125;16.0;2022.5223437499994
30622;2017-05-03 00:00:00;23:00;2017-05-03 23:00:00;;;-8.4;-10.1;-17.320625000000003;15.0;755.0145312499999
30622;2017-05-03 00:00:00;20:00;2017-05-03 20:00:00;;0.5;-8.0;-10.2;-17.320625000000003;15.0;755.0145312499999
30622;2017-05-03 00:00:00;17:00;2017-05-03 17:00:00;;;-1.5;-8.0;-17.320625000000003;15.0;755.0145312499999
30622;2017-05-03 00:00:00;14:00;2017-05-03 14:00:00;;;-1.6;-5.2;-17.320625000000003;15.0;755.0145312499999
30622;2017-05-03 00:00:00;11:00;2017-05-03 11:00:00;;;-5.4;-8.3;-17.320625000000003;15.0;755.0145312499999
30622;2017-05-03 00:00:00;08:00;2017-05-03 08:00:00;28.0;1.0;-8.0;-9.4;-17.320625000000003;15.0;755.0145312499999
30622;2017-05-03 00:00:00;05:00;2017-05-03 05:00:00;;;-8.8;-10.2;-17.320625000000003;15.0;755.0145312499999
30622;2017-05-03 00:00:00;02:00;2017-05-03 02:00:00;;;-10.1;-11.8;-17.320625000000003;15.0;755.0145312499999
30622;2017-04-03 00:00:00;23:00;2017-04-03 23:00:00;;;-9.9;-12.6;-42.25;25.0;-1033.2784374999999
30622;2017-04-03 00:00:00;20:00;2017-04-03 20:00:00;;;-8.4;-12.0;-42.25;25.0;-1033.2784374999999
30622;2017-04-03 00:00:00;17:00;2017-04-03 17:00:00;;;-3.3;-10.9;-42.25;25.0;-1033.2784374999999
30622;2017-04-03 00:00:00;14:00;2017-04-03 14:00:00;;;-3.3;-11.5;-42.25;25.0;-1033.2784374999999
30622;2017-04-03 00:00:00;11:00;2017-04-03 11:00:00;;;-9.8;-14.6;-42.25;25.0;-1033.2784374999999
30622;2017-04-03 00:00:00;08:00;2017-04-03 08:00:00;27.0;;-15.1;-17.0;-42.25;25.0;-1033.2784374999999
30622;2017-04-03 00:00:00;05:00;2017-04-03 05:00:00;;;-16.9;-18.8;-42.25;25.0;-1033.2784374999999
30622;2017-04-03 00:00:00;02:00;2017-04-03 02:00:00;;;-16.5;-18.3;-42.25;25.0;-1033.2784374999999
30622;2017-03-03 00:00:00;23:00;2017-03-03 23:00:00;;;-13.9;-15.3;-31.76718749999999;24.0;-1006.38359375
30622;2017-03-03 00:00:00;20:00;2017-03-03 20:00:00;;0.2;-5.9;-8.1;-31.76718749999999;24.0;-1006.38359375
30622;2017-03-03 00:00:00;17:00;2017-03-03 17:00:00;;;-2.9;-9.8;-31.76718749999999;24.0;-1006.38359375
30622;2017-03-03 00:00:00;14:00;2017-03-03 14:00:00;;;-6.6;-11.1;-31.76718749999999;24.0;-1006.38359375
30622;2017-03-03 00:00:00;11:00;2017-03-03 11:00:00;;;-9.8;-13.2;-31.76718749999999;24.0;-1006.38359375
30622;2017-03-03 00:00:00;08:00;2017-03-03 08:00:00;26.0;0.3;-13.3;-15.2;-31.76718749999999;24.0;-1006.38359375
30622;2017-03-03 00:00:00;05:00;2017-03-03 05:00:00;;;-14.5;-16.8;-31.76718749999999;24.0;-1006.38359375
30622;2017-03-03 00:00:00;02:00;2017-03-03 02:00:00;;;-14.1;-16.6;-31.76718749999999;24.0;-1006.38359375
30622;2017-02-03 00:00:00;23:00;2017-02-03 23:00:00;;;-14.6;-17.2;-43.3125;28.0;-2215.9689062500006
30622;2017-02-03 00:00:00;20:00;2017-02-03 20:00:00;;;-14.2;-16.4;-43.3125;28.0;-2215.9689062500006
30622;2017-02-03 00:00:00;17:00;2017-02-03 17:00:00;;;-7.1;-13.4;-43.3125;28.0;-2215.9689062500006
30622;2017-02-03 00:00:00;14:00;2017-02-03 14:00:00;;;-11.2;-15.6;-43.3125;28.0;-2215.9689062500006
30622;2017-02-03 00:00:00;11:00;2017-02-03 11:00:00;;;-16.5;-18.9;-43.3125;28.0;-2215.9689062500006
30622;2017-02-03 00:00:00;08:00;2017-02-03 08:00:00;26.0;;-20.6;-22.8;-43.3125;28.0;-2215.9689062500006
30622;2017-02-03 00:00:00;05:00;2017-02-03 05:00:00;;;-17.2;-19.1;-43.3125;28.0;-2215.9689062500006
30622;2017-02-03 00:00:00;02:00;2017-02-03 02:00:00;;;-14.1;-16.1;-43.3125;28.0;-2215.9689062500006
30622;2017-01-03 00:00:00;23:00;2017-01-03 23:00:00;;;-12.1;-13.5;-37.518749999999976;0.0;0.0
30622;2017-01-03 00:00:00;20:00;2017-01-03 20:00:00;;0.7;-11.8;-13.4;-37.518749999999976;0.0;0.0
30622;2017-01-03 00:00:00;17:00;2017-01-03 17:00:00;;;-8.3;-10.9;-37.518749999999976;0.0;0.0
30622;2017-01-03 00:00:00;14:00;2017-01-03 14:00:00;;;-9.7;-13.2;-37.518749999999976;0.0;0.0
30622;2017-01-03 00:00:00;11:00;2017-01-03 11:00:00;;;-12.9;-16.7;-37.518749999999976;0.0;0.0
30622;2017-01-03 00:00:00;08:00;2017-01-03 08:00:00;26.0;0.2;-15.9;-18.4;-37.518749999999976;0.0;0.0
30622;2017-01-03 00:00:00;05:00;2017-01-03 05:00:00;;;-16.1;-19.9;-37.518749999999976;0.0;0.0
30622;2017-01-03 00:00:00;02:00;2017-01-03 02:00:00;;;-17.6;-21.4;-37.518749999999976;0.0;0.0
30622;2017-02-28 00:00:00;23:00;2017-02-28 23:00:00;;;-19.6;-22.8;-102.22453124999994;21.0;-811.7912500000001
30622;2017-02-28 00:00:00;20:00;2017-02-28 20:00:00;;0.0;-18.0;-22.5;-102.22453124999994;21.0;-811.7912500000001
30622;2017-02-28 00:00:00;17:00;2017-02-28 17:00:00;;;-13.4;-22.4;-102.22453124999994;21.0;-811.7912500000001
30622;2017-02-28 00:00:00;14:00;2017-02-28 14:00:00;;;-18.1;-24.9;-102.22453124999994;21.0;-811.7912500000001
30622;2017-02-28 00:00:00;11:00;2017-02-28 11:00:00;;;-25.5;-30.4;-102.22453124999994;21.0;-811.7912500000001
30622;2017-02-28 00:00:00;08:00;2017-02-28 08:00:00;27.0;0.0;-30.2;-33.2;-102.22453124999994;21.0;-811.7912500000001
30622;2017-02-28 00:00:00;05:00;2017-02-28 05:00:00;;;-28.7;-31.7;-102.22453124999994;21.0;-811.7912500000001
30622;2017-02-28 00:00:00;02:00;2017-02-28 02:00:00;;;-23.8;-26.3;-102.22453124999994;21.0;-811.7912500000001
30622;2017-02-27 00:00:00;23:00;2017-02-27 23:00:00;;;-18.6;-23.8;-68.33500000000001;20.0;-709.5667187500002
30622;2017-02-27 00:00:00;20:00;2017-02-27 20:00:00;;0.0;-11.9;-21.1;-68.33500000000001;20.0;-709.5667187500002
30622;2017-02-27 00:00:00;17:00;2017-02-27 17:00:00;;;-5.7;-20.6;-68.33500000000001;20.0;-709.5667187500002
30622;2017-02-27 00:00:00;14:00;2017-02-27 14:00:00;;;-6.6;-17.5;-68.33500000000001;20.0;-709.5667187500002
30622;2017-02-27 00:00:00;11:00;2017-02-27 11:00:00;;;-8.2;-16.9;-68.33500000000001;20.0;-709.5667187500002
30622;2017-02-27 00:00:00;08:00;2017-02-27 08:00:00;27.0;0.2;-8.8;-15.8;-68.33500000000001;20.0;-709.5667187500002
30622;2017-02-27 00:00:00;05:00;2017-02-27 05:00:00;;;-5.8;-7.9;-68.33500000000001;20.0;-709.5667187500002
30622;2017-02-27 00:00:00;02:00;2017-02-27 02:00:00;;;-3.6;-8.8;-68.33500000000001;20.0;-709.5667187500002
30622;2017-02-26 00:00:00;23:00;2017-02-26 23:00:00;;;-7.0;-11.0;-32.64656250000001;19.0;-641.2317187500001
30622;2017-02-26 00:00:00;20:00;2017-02-26 20:00:00;;0.0;-3.1;-10.5;-32.64656250000001;19.0;-641.2317187500001
30622;2017-02-26 00:00:00;17:00;2017-02-26 17:00:00;;;1.2;-10.3;-32.64656250000001;19.0;-641.2317187500001
30622;2017-02-26 00:00:00;14:00;2017-02-26 14:00:00;;;-0.4;-7.7;-32.64656250000001;19.0;-641.2317187500001
30622;2017-02-26 00:00:00;11:00;2017-02-26 11:00:00;;;-8.5;-9.9;-32.64656250000001;19.0;-641.2317187500001
30622;2017-02-26 00:00:00;08:00;2017-02-26 08:00:00;28.0;0.0;-13.4;-14.9;-32.64656250000001;19.0;-641.2317187500001
30622;2017-02-26 00:00:00;05:00;2017-02-26 05:00:00;;;-14.2;-15.8;-32.64656250000001;19.0;-641.2317187500001
30622;2017-02-26 00:00:00;02:00;2017-02-26 02:00:00;;;-12.8;-14.0;-32.64656250000001;19.0;-641.2317187500001
30622;2017-02-25 00:00:00;23:00;2017-02-25 23:00:00;;;-11.5;-13.3;-14.568125000000002;18.0;-608.5851562500002
30622;2017-02-25 00:00:00;20:00;2017-02-25 20:00:00;;0.0;-8.1;-10.2;-14.568125000000002;18.0;-608.5851562500002
30622;2017-02-25 00:00:00;17:00;2017-02-25 17:00:00;;;1.1;-6.0;-14.568125000000002;18.0;-608.5851562500002
30622;2017-02-25 00:00:00;14:00;2017-02-25 14:00:00;;;0.9;-5.8;-14.568125000000002;18.0;-608.5851562500002
30622;2017-02-25 00:00:00;11:00;2017-02-25 11:00:00;;;-1.8;-5.9;-14.568125000000002;18.0;-608.5851562500002
30622;2017-02-25 00:00:00;08:00;2017-02-25 08:00:00;28.0;0.0;-5.0;-6.9;-14.568125000000002;18.0;-608.5851562500002
30622;2017-02-25 00:00:00;05:00;2017-02-25 05:00:00;;;-4.7;-7.0;-14.568125000000002;18.0;-608.5851562500002
30622;2017-02-25 00:00:00;02:00;2017-02-25 02:00:00;;;-3.5;-6.1;-14.568125000000002;18.0;-608.5851562500002
30622;2017-02-24 00:00:00;23:00;2017-02-24 23:00:00;;;-3.5;-5.9;-6.989374999999999;17.0;-594.0170312500002
30622;2017-02-24 00:00:00;20:00;2017-02-24 20:00:00;;0.2;-2.2;-5.3;-6.989374999999999;17.0;-594.0170312500002
30622;2017-02-24 00:00:00;17:00;2017-02-24 17:00:00;;;0.0;-5.0;-6.989374999999999;17.0;-594.0170312500002
30622;2017-02-24 00:00:00;14:00;2017-02-24 14:00:00;;;0.4;-4.8;-6.989374999999999;17.0;-594.0170312500002
30622;2017-02-24 00:00:00;11:00;2017-02-24 11:00:00;;;-1.8;-4.1;-6.989374999999999;17.0;-594.0170312500002
30622;2017-02-24 00:00:00;08:00;2017-02-24 08:00:00;30.0;2.0;-3.2;-4.3;-6.989374999999999;17.0;-594.0170312500002
30622;2017-02-24 00:00:00;05:00;2017-02-24 05:00:00;;;-5.0;-6.0;-6.989374999999999;17.0;-594.0170312500002
30622;2017-02-24 00:00:00;02:00;2017-02-24 02:00:00;;;-5.8;-6.9;-6.989374999999999;17.0;-594.0170312500002
30622;2017-02-23 00:00:00;23:00;2017-02-23 23:00:00;;;-6.5;-7.7;-16.15749999999999;16.0;-587.0276562500002
30622;2017-02-23 00:00:00;20:00;2017-02-23 20:00:00;;0.4;-4.2;-6.2;-16.15749999999999;16.0;-587.0276562500002
30622;2017-02-23 00:00:00;17:00;2017-02-23 17:00:00;;;-1.5;-4.3;-16.15749999999999;16.0;-587.0276562500002
30622;2017-02-23 00:00:00;14:00;2017-02-23 14:00:00;;;-0.9;-4.4;-16.15749999999999;16.0;-587.0276562500002
30622;2017-02-23 00:00:00;11:00;2017-02-23 11:00:00;;;-6.3;-9.7;-16.15749999999999;16.0;-587.0276562500002
30622;2017-02-23 00:00:00;08:00;2017-02-23 08:00:00;26.0;0.5;-11.9;-13.5;-16.15749999999999;16.0;-587.0276562500002
30622;2017-02-23 00:00:00;05:00;2017-02-23 05:00:00;;;-12.2;-14.0;-16.15749999999999;16.0;-587.0276562500002
30622;2017-02-23 00:00:00;02:00;2017-02-23 02:00:00;;;-12.7;-14.8;-16.15749999999999;16.0;-587.0276562500002
30622;2017-02-22 00:00:00;23:00;2017-02-22 23:00:00;;;-13.4;-15.9;-69.09703125000001;15.0;-570.8701562500002
30622;2017-02-22 00:00:00;20:00;2017-02-22 20:00:00;;0.0;-13.8;-17.6;-69.09703125000001;15.0;-570.8701562500002
30622;2017-02-22 00:00:00;17:00;2017-02-22 17:00:00;;;-12.6;-17.6;-69.09703125000001;15.0;-570.8701562500002
30622;2017-02-22 00:00:00;14:00;2017-02-22 14:00:00;;;-14.4;-20.3;-69.09703125000001;15.0;-570.8701562500002
30622;2017-02-22 00:00:00;11:00;2017-02-22 11:00:00;;;-19.7;-23.8;-69.09703125000001;15.0;-570.8701562500002
30622;2017-02-22 00:00:00;08:00;2017-02-22 08:00:00;25.0;0.3;-22.5;-25.2;-69.09703125000001;15.0;-570.8701562500002
30622;2017-02-22 00:00:00;05:00;2017-02-22 05:00:00;;;-24.5;-27.3;-69.09703125000001;15.0;-570.8701562500002
30622;2017-02-22 00:00:00;02:00;2017-02-22 02:00:00;;;-27.0;-30.1;-69.09703125000001;15.0;-570.8701562500002
30622;2017-02-21 00:00:00;23:00;2017-02-21 23:00:00;;;-25.4;-28.2;-82.06125000000004;14.0;-501.77312500000016
30622;2017-02-21 00:00:00;20:00;2017-02-21 20:00:00;;0.0;-21.5;-24.4;-82.06125000000004;14.0;-501.77312500000016
30622;2017-02-21 00:00:00;17:00;2017-02-21 17:00:00;;;-16.4;-20.6;-82.06125000000004;14.0;-501.77312500000016
30622;2017-02-21 00:00:00;14:00;2017-02-21 14:00:00;;;-18.5;-23.1;-82.06125000000004;14.0;-501.77312500000016
30622;2017-02-21 00:00:00;11:00;2017-02-21 11:00:00;;;-21.2;-24.7;-82.06125000000004;14.0;-501.77312500000016
30622;2017-02-21 00:00:00;08:00;2017-02-21 08:00:00;25.0;0.0;-28.9;-32.1;-82.06125000000004;14.0;-501.77312500000016
30622;2017-02-21 00:00:00;05:00;2017-02-21 05:00:00;;;-28.8;-32.1;-82.06125000000004;14.0;-501.77312500000016
30622;2017-02-21 00:00:00;02:00;2017-02-21 02:00:00;;;-28.9;-32.1;-82.06125000000004;14.0;-501.77312500000016
30622;2017-02-20 00:00:00;23:00;2017-02-20 23:00:00;;;-25.7;-28.6;-91.56937500000005;13.0;-419.71187500000013
30622;2017-02-20 00:00:00;20:00;2017-02-20 20:00:00;;0.0;-22.0;-25.4;-91.56937500000005;13.0;-419.71187500000013
30622;2017-02-20 00:00:00;17:00;2017-02-20 17:00:00;;;-17.3;-22.8;-91.56937500000005;13.0;-419.71187500000013
30622;2017-02-20 00:00:00;14:00;2017-02-20 14:00:00;;;-20.2;-24.5;-91.56937500000005;13.0;-419.71187500000013
30622;2017-02-20 00:00:00;11:00;2017-02-20 11:00:00;;;-26.8;-30.1;-91.56937500000005;13.0;-419.71187500000013
30622;2017-02-20 00:00:00;08:00;2017-02-20 08:00:00;25.0;0.0;-31.7;-35.2;-91.56937500000005;13.0;-419.71187500000013
30622;2017-02-20 00:00:00;05:00;2017-02-20 05:00:00;;;-29.9;-33.2;-91.56937500000005;13.0;-419.71187500000013
30622;2017-02-20 00:00:00;02:00;2017-02-20 02:00:00;;;-27.1;-30.1;-91.56937500000005;13.0;-419.71187500000013
30622;2017-02-19 00:00:00;23:00;2017-02-19 23:00:00;;;-24.1;-26.7;-67.48984374999998;12.0;-328.1425000000001
30622;2017-02-19 00:00:00;20:00;2017-02-19 20:00:00;;0.0;-17.3;-20.9;-67.48984374999998;12.0;-328.1425000000001
30622;2017-02-19 00:00:00;17:00;2017-02-19 17:00:00;;;-10.5;-17.3;-67.48984374999998;12.0;-328.1425000000001
30622;2017-02-19 00:00:00;14:00;2017-02-19 14:00:00;;;-12.2;-17.7;-67.48984374999998;12.0;-328.1425000000001
30622;2017-02-19 00:00:00;11:00;2017-02-19 11:00:00;;;-19.6;-22.2;-67.48984374999998;12.0;-328.1425000000001
30622;2017-02-19 00:00:00;08:00;2017-02-19 08:00:00;26.0;0.0;-24.1;-26.8;-67.48984374999998;12.0;-328.1425000000001
30622;2017-02-19 00:00:00;05:00;2017-02-19 05:00:00;;;-23.1;-25.6;-67.48984374999998;12.0;-328.1425000000001
30622;2017-02-19 00:00:00;02:00;2017-02-19 02:00:00;;;-19.6;-22.0;-67.48984374999998;12.0;-328.1425000000001
30622;2017-02-18 00:00:00;23:00;2017-02-18 23:00:00;;;-13.2;-16.6;-73.68375000000002;11.0;-260.6526562500001
30622;2017-02-18 00:00:00;20:00;2017-02-18 20:00:00;;0.2;-11.8;-15.4;-73.68375000000002;11.0;-260.6526562500001
30622;2017-02-18 00:00:00;17:00;2017-02-18 17:00:00;;;-10.7;-15.4;-73.68375000000002;11.0;-260.6526562500001
30622;2017-02-18 00:00:00;14:00;2017-02-18 14:00:00;;;-18.5;-23.2;-73.68375000000002;11.0;-260.6526562500001
30622;2017-02-18 00:00:00;11:00;2017-02-18 11:00:00;;;-22.5;-25.6;-73.68375000000002;11.0;-260.6526562500001
30622;2017-02-18 00:00:00;08:00;2017-02-18 08:00:00;26.0;0.0;-25.8;-28.9;-73.68375000000002;11.0;-260.6526562500001
30622;2017-02-18 00:00:00;05:00;2017-02-18 05:00:00;;;-27.6;-30.9;-73.68375000000002;11.0;-260.6526562500001
30622;2017-02-18 00:00:00;02:00;2017-02-18 02:00:00;;;-30.3;-33.8;-73.68375000000002;11.0;-260.6526562500001
30622;2017-02-17 00:00:00;23:00;2017-02-17 23:00:00;;;-30.4;-33.8;-117.87890625;10.0;-186.96890625000012
30622;2017-02-17 00:00:00;20:00;2017-02-17 20:00:00;;0.0;-28.6;-32.0;-117.87890625;10.0;-186.96890625000012
30622;2017-02-17 00:00:00;17:00;2017-02-17 17:00:00;;;-23.2;-28.8;-117.87890625;10.0;-186.96890625000012
30622;2017-02-17 00:00:00;14:00;2017-02-17 14:00:00;;;-25.4;-29.2;-117.87890625;10.0;-186.96890625000012
30622;2017-02-17 00:00:00;11:00;2017-02-17 11:00:00;;;-31.3;-35.2;-117.87890625;10.0;-186.96890625000012
30622;2017-02-17 00:00:00;08:00;2017-02-17 08:00:00;26.0;0.0;-34.8;-38.8;-117.87890625;10.0;-186.96890625000012
30622;2017-02-17 00:00:00;05:00;2017-02-17 05:00:00;;;-34.0;-37.9;-117.87890625;10.0;-186.96890625000012
30622;2017-02-17 00:00:00;02:00;2017-02-17 02:00:00;;;-31.8;-35.3;-117.87890625;10.0;-186.96890625000012
30622;2017-02-16 00:00:00;23:00;2017-02-16 23:00:00;;;-28.8;-32.1;-99.71437500000005;9.0;-69.09000000000012
30622;2017-02-16 00:00:00;20:00;2017-02-16 20:00:00;;0.0;-23.5;-26.4;-99.71437500000005;9.0;-69.09000000000012
30622;2017-02-16 00:00:00;17:00;2017-02-16 17:00:00;;;-13.9;-22.1;-99.71437500000005;9.0;-69.09000000000012
30622;2017-02-16 00:00:00;14:00;2017-02-16 14:00:00;;;-16.2;-23.5;-99.71437500000005;9.0;-69.09000000000012
30622;2017-02-16 00:00:00;11:00;2017-02-16 11:00:00;;;-22.4;-25.3;-99.71437500000005;9.0;-69.09000000000012
30622;2017-02-16 00:00:00;08:00;2017-02-16 08:00:00;26.0;0.0;-30.4;-33.9;-99.71437500000005;9.0;-69.09000000000012
30622;2017-02-16 00:00:00;05:00;2017-02-16 05:00:00;;;-26.4;-29.5;-99.71437500000005;9.0;-69.09000000000012
30622;2017-02-16 00:00:00;02:00;2017-02-16 02:00:00;;;-25.0;-28.0;-99.71437500000005;9.0;-69.09000000000012
30622;2017-02-15 00:00:00;23:00;2017-02-15 23:00:00;;;-26.2;-29.2;-103.4140625;8.0;30.62437499999993
30622;2017-02-15 00:00:00;20:00;2017-02-15 20:00:00;;0.0;-24.6;-27.3;-103.4140625;8.0;30.62437499999993
30622;2017-02-15 00:00:00;17:00;2017-02-15 17:00:00;;;-16.8;-23.1;-103.4140625;8.0;30.62437499999993
30622;2017-02-15 00:00:00;14:00;2017-02-15 14:00:00;;;-22.2;-27.0;-103.4140625;8.0;30.62437499999993
30622;2017-02-15 00:00:00;11:00;2017-02-15 11:00:00;;;-28.2;-31.8;-103.4140625;8.0;30.62437499999993
30622;2017-02-15 00:00:00;08:00;2017-02-15 08:00:00;26.0;0.0;-33.9;-37.7;-103.4140625;8.0;30.62437499999993
30622;2017-02-15 00:00:00;05:00;2017-02-15 05:00:00;;;-31.1;-34.6;-103.4140625;8.0;30.62437499999993
30622;2017-02-15 00:00:00;02:00;2017-02-15 02:00:00;;;-30.5;-33.8;-103.4140625;8.0;30.62437499999993
30622;2017-02-14 00:00:00;23:00;2017-02-14 23:00:00;;;-27.7;-30.8;-78.4609375;7.0;134.03843749999993
30622;2017-02-14 00:00:00;20:00;2017-02-14 20:00:00;;0.2;-23.4;-26.2;-78.4609375;7.0;134.03843749999993
30622;2017-02-14 00:00:00;17:00;2017-02-14 17:00:00;;;-17.6;-22.2;-78.4609375;7.0;134.03843749999993
30622;2017-02-14 00:00:00;14:00;2017-02-14 14:00:00;;;-17.7;-22.8;-78.4609375;7.0;134.03843749999993
30622;2017-02-14 00:00:00;11:00;2017-02-14 11:00:00;;;-21.6;-24.8;-78.4609375;7.0;134.03843749999993
30622;2017-02-14 00:00:00;08:00;2017-02-14 08:00:00;26.0;0.2;-24.4;-27.3;-78.4609375;7.0;134.03843749999993
30622;2017-02-14 00:00:00;05:00;2017-02-14 05:00:00;;;-25.9;-28.9;-78.4609375;7.0;134.03843749999993
30622;2017-02-14 00:00:00;02:00;2017-02-14 02:00:00;;;-24.3;-27.1;-78.4609375;7.0;134.03843749999993
30622;2017-02-13 00:00:00;23:00;2017-02-13 23:00:00;;;-24.2;-26.9;-77.92656249999999;6.0;212.49937499999993
30622;2017-02-13 00:00:00;20:00;2017-02-13 20:00:00;;0.0;-23.0;-26.0;-77.92656249999999;6.0;212.49937499999993
30622;2017-02-13 00:00:00;17:00;2017-02-13 17:00:00;;;-16.8;-21.2;-77.92656249999999;6.0;212.49937499999993
30622;2017-02-13 00:00:00;14:00;2017-02-13 14:00:00;;;-19.3;-23.5;-77.92656249999999;6.0;212.49937499999993
30622;2017-02-13 00:00:00;11:00;2017-02-13 11:00:00;;;-24.1;-27.1;-77.92656249999999;6.0;212.49937499999993
30622;2017-02-13 00:00:00;08:00;2017-02-13 08:00:00;26.0;0.0;-27.8;-31.0;-77.92656249999999;6.0;212.49937499999993
30622;2017-02-13 00:00:00;05:00;2017-02-13 05:00:00;;;-27.3;-30.3;-77.92656249999999;6.0;212.49937499999993
30622;2017-02-13 00:00:00;02:00;2017-02-13 02:00:00;;;-25.7;-28.7;-77.92656249999999;6.0;212.49937499999993
30622;2017-12-02 00:00:00;23:00;2017-12-02 23:00:00;;;-22.0;-24.9;-93.84375;32.0;-1620.51328125
30622;2017-12-02 00:00:00;20:00;2017-12-02 20:00:00;;0.0;-21.1;-24.3;-93.84375;32.0;-1620.51328125
30622;2017-12-02 00:00:00;17:00;2017-12-02 17:00:00;;;-19.0;-23.8;-93.84375;32.0;-1620.51328125
30622;2017-12-02 00:00:00;14:00;2017-12-02 14:00:00;;;-21.2;-26.6;-93.84375;32.0;-1620.51328125
30622;2017-12-02 00:00:00;11:00;2017-12-02 11:00:00;;;-25.5;-28.7;-93.84375;32.0;-1620.51328125
30622;2017-12-02 00:00:00;08:00;2017-12-02 08:00:00;26.0;0.0;-31.3;-34.9;-93.84375;32.0;-1620.51328125
30622;2017-12-02 00:00:00;05:00;2017-12-02 05:00:00;;;-31.4;-35.1;-93.84375;32.0;-1620.51328125
30622;2017-12-02 00:00:00;02:00;2017-12-02 02:00:00;;;-28.7;-31.9;-93.84375;32.0;-1620.51328125
30622;2017-11-02 00:00:00;23:00;2017-11-02 23:00:00;;;-27.0;-30.2;-103.86531250000002;2.0;-310.60109375
30622;2017-11-02 00:00:00;20:00;2017-11-02 20:00:00;;0.0;-24.5;-28.2;-103.86531250000002;2.0;-310.60109375
30622;2017-11-02 00:00:00;17:00;2017-11-02 17:00:00;;;-19.2;-24.3;-103.86531250000002;2.0;-310.60109375
30622;2017-11-02 00:00:00;14:00;2017-11-02 14:00:00;;;-21.6;-26.7;-103.86531250000002;2.0;-310.60109375
30622;2017-11-02 00:00:00;11:00;2017-11-02 11:00:00;;;-27.6;-31.4;-103.86531250000002;2.0;-310.60109375
30622;2017-11-02 00:00:00;08:00;2017-11-02 08:00:00;26.0;0.0;-31.9;-35.6;-103.86531250000002;2.0;-310.60109375
30622;2017-11-02 00:00:00;05:00;2017-11-02 05:00:00;;;-30.3;-33.8;-103.86531250000002;2.0;-310.60109375
30622;2017-11-02 00:00:00;02:00;2017-11-02 02:00:00;;;-29.6;-32.9;-103.86531250000002;2.0;-310.60109375
30622;2017-10-02 00:00:00;23:00;2017-10-02 23:00:00;;;-27.4;-30.5;-112.03499999999998;7.0;-249.90953125
30622;2017-10-02 00:00:00;20:00;2017-10-02 20:00:00;;0.0;-24.8;-28.4;-112.03499999999998;7.0;-249.90953125
30622;2017-10-02 00:00:00;17:00;2017-10-02 17:00:00;;;-19.3;-25.4;-112.03499999999998;7.0;-249.90953125
30622;2017-10-02 00:00:00;14:00;2017-10-02 14:00:00;;;-21.1;-27.1;-112.03499999999998;7.0;-249.90953125
30622;2017-10-02 00:00:00;11:00;2017-10-02 11:00:00;;;-27.5;-32.1;-112.03499999999998;7.0;-249.90953125
30622;2017-10-02 00:00:00;08:00;2017-10-02 08:00:00;26.0;0.0;-32.0;-35.5;-112.03499999999998;7.0;-249.90953125
30622;2017-10-02 00:00:00;05:00;2017-10-02 05:00:00;;;-30.8;-34.2;-112.03499999999998;7.0;-249.90953125
30622;2017-10-02 00:00:00;02:00;2017-10-02 02:00:00;;;-30.5;-33.8;-112.03499999999998;7.0;-249.90953125
30622;2017-09-02 00:00:00;23:00;2017-09-02 23:00:00;;;-28.4;-31.7;-124.51828125000007;17.0;871.1992187499999
30622;2017-09-02 00:00:00;20:00;2017-09-02 20:00:00;;0.0;-26.5;-30.2;-124.51828125000007;17.0;871.1992187499999
30622;2017-09-02 00:00:00;17:00;2017-09-02 17:00:00;;;-22.4;-28.0;-124.51828125000007;17.0;871.1992187499999
30622;2017-09-02 00:00:00;14:00;2017-09-02 14:00:00;;;-24.4;-30.2;-124.51828125000007;17.0;871.1992187499999
30622;2017-09-02 00:00:00;11:00;2017-09-02 11:00:00;;;-30.7;-35.0;-124.51828125000007;17.0;871.1992187499999
30622;2017-09-02 00:00:00;08:00;2017-09-02 08:00:00;26.0;0.0;-35.0;-38.9;-124.51828125000007;17.0;871.1992187499999
30622;2017-09-02 00:00:00;05:00;2017-09-02 05:00:00;;;-33.8;-37.6;-124.51828125000007;17.0;871.1992187499999
30622;2017-09-02 00:00:00;02:00;2017-09-02 02:00:00;;;-32.5;-36.2;-124.51828125000007;17.0;871.1992187499999
30622;2017-08-02 00:00:00;23:00;2017-08-02 23:00:00;;;-32.2;-35.7;-131.11406249999996;5.0;173.02140624999996
30622;2017-08-02 00:00:00;20:00;2017-08-02 20:00:00;;0.0;-30.0;-33.3;-131.11406249999996;5.0;173.02140624999996
30622;2017-08-02 00:00:00;17:00;2017-08-02 17:00:00;;;-24.4;-30.4;-131.11406249999996;5.0;173.02140624999996
30622;2017-08-02 00:00:00;14:00;2017-08-02 14:00:00;;;-26.1;-31.3;-131.11406249999996;5.0;173.02140624999996
30622;2017-08-02 00:00:00;11:00;2017-08-02 11:00:00;;;-32.0;-36.1;-131.11406249999996;5.0;173.02140624999996
30622;2017-08-02 00:00:00;08:00;2017-08-02 08:00:00;26.0;0.0;-36.9;-41.1;-131.11406249999996;5.0;173.02140624999996
30622;2017-08-02 00:00:00;05:00;2017-08-02 05:00:00;;;-34.8;-38.6;-131.11406249999996;5.0;173.02140624999996
30622;2017-08-02 00:00:00;02:00;2017-08-02 02:00:00;;;-32.6;-36.2;-131.11406249999996;5.0;173.02140624999996
30622;2017-07-02 00:00:00;23:00;2017-07-02 23:00:00;;;-32.5;-36.1;-107.81203124999993;14.0;3130.81125
30622;2017-07-02 00:00:00;20:00;2017-07-02 20:00:00;;0.0;-29.1;-32.5;-107.81203124999993;14.0;3130.81125
30622;2017-07-02 00:00:00;17:00;2017-07-02 17:00:00;;;-22.1;-27.9;-107.81203124999993;14.0;3130.81125
30622;2017-07-02 00:00:00;14:00;2017-07-02 14:00:00;;;-23.5;-28.3;-107.81203124999993;14.0;3130.81125
30622;2017-07-02 00:00:00;11:00;2017-07-02 11:00:00;;;-26.4;-29.7;-107.81203124999993;14.0;3130.81125
30622;2017-07-02 00:00:00;08:00;2017-07-02 08:00:00;26.0;0.0;-31.1;-34.6;-107.81203124999993;14.0;3130.81125
30622;2017-07-02 00:00:00;05:00;2017-07-02 05:00:00;;;-29.8;-33.2;-107.81203124999993;14.0;3130.81125
30622;2017-07-02 00:00:00;02:00;2017-07-02 02:00:00;;;-28.8;-31.9;-107.81203124999993;14.0;3130.81125
30622;2017-06-02 00:00:00;23:00;2017-06-02 23:00:00;;;-24.3;-26.6;-68.48312500000004;15.0;2061.3348437499994
30622;2017-06-02 00:00:00;20:00;2017-06-02 20:00:00;;0.0;-14.5;-17.7;-68.48312500000004;15.0;2061.3348437499994
30622;2017-06-02 00:00:00;17:00;2017-06-02 17:00:00;;;-8.6;-15.5;-68.48312500000004;15.0;2061.3348437499994
30622;2017-06-02 00:00:00;14:00;2017-06-02 14:00:00;;;-13.4;-18.5;-68.48312500000004;15.0;2061.3348437499994
30622;2017-06-02 00:00:00;11:00;2017-06-02 11:00:00;;;-20.3;-24.2;-68.48312500000004;15.0;2061.3348437499994
30622;2017-06-02 00:00:00;08:00;2017-06-02 08:00:00;26.0;0.7;-24.3;-26.8;-68.48312500000004;15.0;2061.3348437499994
30622;2017-06-02 00:00:00;05:00;2017-06-02 05:00:00;;;-22.2;-24.8;-68.48312500000004;15.0;2061.3348437499994
30622;2017-06-02 00:00:00;02:00;2017-06-02 02:00:00;;;-22.5;-25.2;-68.48312500000004;15.0;2061.3348437499994
30622;2017-05-02 00:00:00;23:00;2017-05-02 23:00:00;;;-20.7;-23.6;-99.74250000000005;14.0;772.3351562499998
30622;2017-05-02 00:00:00;20:00;2017-05-02 20:00:00;;0.0;-22.8;-26.8;-99.74250000000005;14.0;772.3351562499998
30622;2017-05-02 00:00:00;17:00;2017-05-02 17:00:00;;;-22.1;-26.6;-99.74250000000005;14.0;772.3351562499998
30622;2017-05-02 00:00:00;14:00;2017-05-02 14:00:00;;;-22.5;-28.5;-99.74250000000005;14.0;772.3351562499998
30622;2017-05-02 00:00:00;11:00;2017-05-02 11:00:00;;;-27.1;-30.9;-99.74250000000005;14.0;772.3351562499998
30622;2017-05-02 00:00:00;08:00;2017-05-02 08:00:00;25.0;0.0;-30.3;-33.7;-99.74250000000005;14.0;772.3351562499998
30622;2017-05-02 00:00:00;05:00;2017-05-02 05:00:00;;;-29.0;-32.3;-99.74250000000005;14.0;772.3351562499998
30622;2017-05-02 00:00:00;02:00;2017-05-02 02:00:00;;;-30.1;-33.4;-99.74250000000005;14.0;772.3351562499998
30622;2017-04-02 00:00:00;23:00;2017-04-02 23:00:00;;;-28.1;-31.2;-89.3296875;24.0;-991.0284374999999
30622;2017-04-02 00:00:00;20:00;2017-04-02 20:00:00;;0.2;-25.5;-28.3;-89.3296875;24.0;-991.0284374999999
30622;2017-04-02 00:00:00;17:00;2017-04-02 17:00:00;;;-17.7;-23.6;-89.3296875;24.0;-991.0284374999999
30622;2017-04-02 00:00:00;14:00;2017-04-02 14:00:00;;;-19.7;-24.4;-89.3296875;24.0;-991.0284374999999
30622;2017-04-02 00:00:00;11:00;2017-04-02 11:00:00;;;-22.7;-26.6;-89.3296875;24.0;-991.0284374999999
30622;2017-04-02 00:00:00;08:00;2017-04-02 08:00:00;25.0;0.0;-26.0;-29.1;-89.3296875;24.0;-991.0284374999999
30622;2017-04-02 00:00:00;05:00;2017-04-02 05:00:00;;;-28.3;-31.5;-89.3296875;24.0;-991.0284374999999
30622;2017-04-02 00:00:00;02:00;2017-04-02 02:00:00;;;-25.8;-28.6;-89.3296875;24.0;-991.0284374999999
30622;2017-03-02 00:00:00;23:00;2017-03-02 23:00:00;;;-24.3;-27.1;-83.43515624999998;23.0;-974.6164062500001
30622;2017-03-02 00:00:00;20:00;2017-03-02 20:00:00;;0.2;-22.8;-26.0;-83.43515624999998;23.0;-974.6164062500001
30622;2017-03-02 00:00:00;17:00;2017-03-02 17:00:00;;;-18.5;-23.2;-83.43515624999998;23.0;-974.6164062500001
30622;2017-03-02 00:00:00;14:00;2017-03-02 14:00:00;;;-19.1;-24.1;-83.43515624999998;23.0;-974.6164062500001
30622;2017-03-02 00:00:00;11:00;2017-03-02 11:00:00;;;-21.4;-25.6;-83.43515624999998;23.0;-974.6164062500001
30622;2017-03-02 00:00:00;08:00;2017-03-02 08:00:00;25.0;0.2;-25.8;-28.7;-83.43515624999998;23.0;-974.6164062500001
30622;2017-03-02 00:00:00;05:00;2017-03-02 05:00:00;;;-27.6;-30.7;-83.43515624999998;23.0;-974.6164062500001
30622;2017-03-02 00:00:00;02:00;2017-03-02 02:00:00;;;-24.0;-27.2;-83.43515624999998;23.0;-974.6164062500001
30622;2017-02-02 00:00:00;23:00;2017-02-02 23:00:00;;;-24.8;-28.1;-105.87500000000004;27.0;-2172.6564062500006
30622;2017-02-02 00:00:00;20:00;2017-02-02 20:00:00;;0.0;-25.2;-28.4;-105.87500000000004;27.0;-2172.6564062500006
30622;2017-02-02 00:00:00;17:00;2017-02-02 17:00:00;;;-22.4;-27.3;-105.87500000000004;27.0;-2172.6564062500006
30622;2017-02-02 00:00:00;14:00;2017-02-02 14:00:00;;;-23.7;-28.7;-105.87500000000004;27.0;-2172.6564062500006
30622;2017-02-02 00:00:00;11:00;2017-02-02 11:00:00;;;-29.3;-33.1;-105.87500000000004;27.0;-2172.6564062500006
30622;2017-02-02 00:00:00;08:00;2017-02-02 08:00:00;25.0;0.0;-32.6;-36.3;-105.87500000000004;27.0;-2172.6564062500006
30622;2017-02-02 00:00:00;05:00;2017-02-02 05:00:00;;;-32.4;-36.0;-105.87500000000004;27.0;-2172.6564062500006
30622;2017-02-02 00:00:00;02:00;2017-02-02 02:00:00;;;-29.6;-32.9;-105.87500000000004;27.0;-2172.6564062500006
30622;2017-01-02 00:00:00;23:00;2017-01-02 23:00:00;;;-27.9;-31.0;-99.23062500000002;0.0;0.0
30622;2017-01-02 00:00:00;20:00;2017-01-02 20:00:00;;0.0;-25.7;-29.0;-99.23062500000002;0.0;0.0
30622;2017-01-02 00:00:00;17:00;2017-01-02 17:00:00;;;-20.8;-25.7;-99.23062500000002;0.0;0.0
30622;2017-01-02 00:00:00;14:00;2017-01-02 14:00:00;;;-22.5;-27.3;-99.23062500000002;0.0;0.0
30622;2017-01-02 00:00:00;11:00;2017-01-02 11:00:00;;;-27.0;-31.0;-99.23062500000002;0.0;0.0
30622;2017-01-02 00:00:00;08:00;2017-01-02 08:00:00;25.0;0.0;-31.4;-34.8;-99.23062500000002;0.0;0.0
30622;2017-01-02 00:00:00;05:00;2017-01-02 05:00:00;;;-29.7;-32.9;-99.23062500000002;0.0;0.0
30622;2017-01-02 00:00:00;02:00;2017-01-02 02:00:00;;;-27.4;-30.6;-99.23062500000002;0.0;0.0
30622;2017-01-31 00:00:00;23:00;2017-01-31 23:00:00;;;-23.7;-27.3;-111.63687499999997;25.0;-1967.3901562500005
30622;2017-01-31 00:00:00;20:00;2017-01-31 20:00:00;;0.0;-24.2;-27.8;-111.63687499999997;25.0;-1967.3901562500005
30622;2017-01-31 00:00:00;17:00;2017-01-31 17:00:00;;;-25.3;-29.7;-111.63687499999997;25.0;-1967.3901562500005
30622;2017-01-31 00:00:00;14:00;2017-01-31 14:00:00;;;-25.9;-31.3;-111.63687499999997;25.0;-1967.3901562500005
30622;2017-01-31 00:00:00;11:00;2017-01-31 11:00:00;;;-31.0;-35.0;-111.63687499999997;25.0;-1967.3901562500005
30622;2017-01-31 00:00:00;08:00;2017-01-31 08:00:00;25.0;0.0;-33.5;-37.3;-111.63687499999997;25.0;-1967.3901562500005
30622;2017-01-31 00:00:00;05:00;2017-01-31 05:00:00;;;-31.8;-35.3;-111.63687499999997;25.0;-1967.3901562500005
30622;2017-01-31 00:00:00;02:00;2017-01-31 02:00:00;;;-30.7;-34.0;-111.63687499999997;25.0;-1967.3901562500005
30622;2017-01-30 00:00:00;23:00;2017-01-30 23:00:00;;;-28.4;-32.2;-138.71796875000004;24.0;-1855.7532812500006
30622;2017-01-30 00:00:00;20:00;2017-01-30 20:00:00;;0.2;-28.8;-32.3;-138.71796875000004;24.0;-1855.7532812500006
30622;2017-01-30 00:00:00;17:00;2017-01-30 17:00:00;;;-24.4;-29.9;-138.71796875000004;24.0;-1855.7532812500006
30622;2017-01-30 00:00:00;14:00;2017-01-30 14:00:00;;;-24.7;-30.1;-138.71796875000004;24.0;-1855.7532812500006
30622;2017-01-30 00:00:00;11:00;2017-01-30 11:00:00;;;-31.3;-35.1;-138.71796875000004;24.0;-1855.7532812500006
30622;2017-01-30 00:00:00;08:00;2017-01-30 08:00:00;25.0;0.0;-34.2;-38.2;-138.71796875000004;24.0;-1855.7532812500006
30622;2017-01-30 00:00:00;05:00;2017-01-30 05:00:00;;;-39.3;-43.9;-138.71796875000004;24.0;-1855.7532812500006
30622;2017-01-30 00:00:00;02:00;2017-01-30 02:00:00;;;-40.4;-45.1;-138.71796875000004;24.0;-1855.7532812500006
30622;2017-01-29 00:00:00;23:00;2017-01-29 23:00:00;;;-38.7;-43.2;-176.76703125000006;23.0;-1717.0353125000006
30622;2017-01-29 00:00:00;20:00;2017-01-29 20:00:00;;0.0;-37.9;-42.3;-176.76703125000006;23.0;-1717.0353125000006
30622;2017-01-29 00:00:00;17:00;2017-01-29 17:00:00;;;-33.3;-38.3;-176.76703125000006;23.0;-1717.0353125000006
30622;2017-01-29 00:00:00;14:00;2017-01-29 14:00:00;;;-33.4;-38.2;-176.76703125000006;23.0;-1717.0353125000006
30622;2017-01-29 00:00:00;11:00;2017-01-29 11:00:00;;;-39.2;-43.9;-176.76703125000006;23.0;-1717.0353125000006
30622;2017-01-29 00:00:00;08:00;2017-01-29 08:00:00;25.0;0.0;-41.5;-46.3;-176.76703125000006;23.0;-1717.0353125000006
30622;2017-01-29 00:00:00;05:00;2017-01-29 05:00:00;;;-39.8;-44.3;-176.76703125000006;23.0;-1717.0353125000006
30622;2017-01-29 00:00:00;02:00;2017-01-29 02:00:00;;;-39.5;-44.1;-176.76703125000006;23.0;-1717.0353125000006
30622;2017-01-28 00:00:00;23:00;2017-01-28 23:00:00;;;-36.4;-40.4;-117.97218749999995;22.0;-1540.2682812500007
30622;2017-01-28 00:00:00;20:00;2017-01-28 20:00:00;;0.0;-32.5;-36.0;-117.97218749999995;22.0;-1540.2682812500007
30622;2017-01-28 00:00:00;17:00;2017-01-28 17:00:00;;;-25.2;-30.5;-117.97218749999995;22.0;-1540.2682812500007
30622;2017-01-28 00:00:00;14:00;2017-01-28 14:00:00;;;-24.3;-29.9;-117.97218749999995;22.0;-1540.2682812500007
30622;2017-01-28 00:00:00;11:00;2017-01-28 11:00:00;;;-25.6;-30.3;-117.97218749999995;22.0;-1540.2682812500007
30622;2017-01-28 00:00:00;08:00;2017-01-28 08:00:00;25.0;0.0;-25.3;-28.7;-117.97218749999995;22.0;-1540.2682812500007
30622;2017-01-28 00:00:00;05:00;2017-01-28 05:00:00;;;-21.7;-26.2;-117.97218749999995;22.0;-1540.2682812500007
30622;2017-01-28 00:00:00;02:00;2017-01-28 02:00:00;;;-19.9;-24.7;-117.97218749999995;22.0;-1540.2682812500007
30622;2017-01-27 00:00:00;23:00;2017-01-27 23:00:00;;;-18.7;-22.7;-77.8621875;21.0;-1422.2960937500006
30622;2017-01-27 00:00:00;20:00;2017-01-27 20:00:00;;0.0;-20.6;-25.1;-77.8621875;21.0;-1422.2960937500006
30622;2017-01-27 00:00:00;17:00;2017-01-27 17:00:00;;;-14.9;-21.8;-77.8621875;21.0;-1422.2960937500006
30622;2017-01-27 00:00:00;14:00;2017-01-27 14:00:00;;;-13.5;-18.8;-77.8621875;21.0;-1422.2960937500006
30622;2017-01-27 00:00:00;11:00;2017-01-27 11:00:00;;;-23.1;-25.8;-77.8621875;21.0;-1422.2960937500006
30622;2017-01-27 00:00:00;08:00;2017-01-27 08:00:00;25.0;0.2;-19.7;-22.3;-77.8621875;21.0;-1422.2960937500006
30622;2017-01-27 00:00:00;05:00;2017-01-27 05:00:00;;;-23.9;-26.5;-77.8621875;21.0;-1422.2960937500006
30622;2017-01-27 00:00:00;02:00;2017-01-27 02:00:00;;;-24.3;-27.1;-77.8621875;21.0;-1422.2960937500006
30622;2017-01-26 00:00:00;23:00;2017-01-26 23:00:00;;;-25.9;-28.9;-94.05000000000003;20.0;-1344.4339062500007
30622;2017-01-26 00:00:00;20:00;2017-01-26 20:00:00;;0.0;-27.0;-30.1;-94.05000000000003;20.0;-1344.4339062500007
30622;2017-01-26 00:00:00;17:00;2017-01-26 17:00:00;;;-23.9;-27.1;-94.05000000000003;20.0;-1344.4339062500007
30622;2017-01-26 00:00:00;14:00;2017-01-26 14:00:00;;;-25.1;-28.2;-94.05000000000003;20.0;-1344.4339062500007
30622;2017-01-26 00:00:00;11:00;2017-01-26 11:00:00;;;-29.9;-33.2;-94.05000000000003;20.0;-1344.4339062500007
30622;2017-01-26 00:00:00;08:00;2017-01-26 08:00:00;25.0;0.0;-33.6;-37.4;-94.05000000000003;20.0;-1344.4339062500007
30622;2017-01-26 00:00:00;05:00;2017-01-26 05:00:00;;;-32.4;-36.0;-94.05000000000003;20.0;-1344.4339062500007
30622;2017-01-26 00:00:00;02:00;2017-01-26 02:00:00;;;-30.2;-33.5;-94.05000000000003;20.0;-1344.4339062500007
30622;2017-01-25 00:00:00;23:00;2017-01-25 23:00:00;;;-28.0;-31.0;-53.85656249999995;19.0;-1250.3839062500008
30622;2017-01-25 00:00:00;20:00;2017-01-25 20:00:00;;0.0;-22.1;-24.6;-53.85656249999995;19.0;-1250.3839062500008
30622;2017-01-25 00:00:00;17:00;2017-01-25 17:00:00;;;-15.2;-19.1;-53.85656249999995;19.0;-1250.3839062500008
30622;2017-01-25 00:00:00;14:00;2017-01-25 14:00:00;;;-13.8;-17.8;-53.85656249999995;19.0;-1250.3839062500008
30622;2017-01-25 00:00:00;11:00;2017-01-25 11:00:00;;;-15.8;-18.5;-53.85656249999995;19.0;-1250.3839062500008
30622;2017-01-25 00:00:00;08:00;2017-01-25 08:00:00;25.0;2.0;-16.7;-18.9;-53.85656249999995;19.0;-1250.3839062500008
30622;2017-01-25 00:00:00;05:00;2017-01-25 05:00:00;;;-15.9;-18.4;-53.85656249999995;19.0;-1250.3839062500008
30622;2017-01-25 00:00:00;02:00;2017-01-25 02:00:00;;;-19.8;-22.4;-53.85656249999995;19.0;-1250.3839062500008
30622;2017-01-24 00:00:00;23:00;2017-01-24 23:00:00;;;-21.6;-24.8;-125.1539062500001;18.0;-1196.527343750001
30622;2017-01-24 00:00:00;20:00;2017-01-24 20:00:00;;0.0;-23.8;-27.8;-125.1539062500001;18.0;-1196.527343750001
30622;2017-01-24 00:00:00;17:00;2017-01-24 17:00:00;;;-26.0;-30.5;-125.1539062500001;18.0;-1196.527343750001
30622;2017-01-24 00:00:00;14:00;2017-01-24 14:00:00;;;-29.0;-34.2;-125.1539062500001;18.0;-1196.527343750001
30622;2017-01-24 00:00:00;11:00;2017-01-24 11:00:00;;;-33.4;-37.7;-125.1539062500001;18.0;-1196.527343750001
30622;2017-01-24 00:00:00;08:00;2017-01-24 08:00:00;23.0;0.0;-35.8;-40.0;-125.1539062500001;18.0;-1196.527343750001
30622;2017-01-24 00:00:00;05:00;2017-01-24 05:00:00;;;-35.5;-39.6;-125.1539062500001;18.0;-1196.527343750001
30622;2017-01-24 00:00:00;02:00;2017-01-24 02:00:00;;;-34.0;-38.0;-125.1539062500001;18.0;-1196.527343750001
30622;2017-01-23 00:00:00;23:00;2017-01-23 23:00:00;;;-33.2;-37.0;-155.284375;17.0;-1071.3734375000008
30622;2017-01-23 00:00:00;20:00;2017-01-23 20:00:00;;0.0;-31.8;-35.7;-155.284375;17.0;-1071.3734375000008
30622;2017-01-23 00:00:00;17:00;2017-01-23 17:00:00;;;-28.6;-34.4;-155.284375;17.0;-1071.3734375000008
30622;2017-01-23 00:00:00;14:00;2017-01-23 14:00:00;;;-29.6;-35.2;-155.284375;17.0;-1071.3734375000008
30622;2017-01-23 00:00:00;11:00;2017-01-23 11:00:00;;;-33.6;-38.3;-155.284375;17.0;-1071.3734375000008
30622;2017-01-23 00:00:00;08:00;2017-01-23 08:00:00;23.0;0.0;-37.2;-41.6;-155.284375;17.0;-1071.3734375000008
30622;2017-01-23 00:00:00;05:00;2017-01-23 05:00:00;;;-37.0;-41.4;-155.284375;17.0;-1071.3734375000008
30622;2017-01-23 00:00:00;02:00;2017-01-23 02:00:00;;;-37.6;-42.0;-155.284375;17.0;-1071.3734375000008
30622;2017-01-22 00:00:00;23:00;2017-01-22 23:00:00;;;-37.0;-41.4;-170.4746875000002;16.0;-916.0890625000008
30622;2017-01-22 00:00:00;20:00;2017-01-22 20:00:00;;0.0;-35.0;-39.2;-170.4746875000002;16.0;-916.0890625000008
30622;2017-01-22 00:00:00;17:00;2017-01-22 17:00:00;;;-32.3;-37.8;-170.4746875000002;16.0;-916.0890625000008
30622;2017-01-22 00:00:00;14:00;2017-01-22 14:00:00;;;-32.6;-38.4;-170.4746875000002;16.0;-916.0890625000008
30622;2017-01-22 00:00:00;11:00;2017-01-22 11:00:00;;;-37.0;-41.4;-170.4746875000002;16.0;-916.0890625000008
30622;2017-01-22 00:00:00;08:00;2017-01-22 08:00:00;23.0;0.0;-39.0;-43.5;-170.4746875000002;16.0;-916.0890625000008
30622;2017-01-22 00:00:00;05:00;2017-01-22 05:00:00;;;-38.6;-43.1;-170.4746875000002;16.0;-916.0890625000008
30622;2017-01-22 00:00:00;02:00;2017-01-22 02:00:00;;;-37.9;-42.3;-170.4746875000002;16.0;-916.0890625000008
30622;2017-01-21 00:00:00;23:00;2017-01-21 23:00:00;;;-38.3;-42.7;-163.5506250000002;15.0;-745.6143750000006
30622;2017-01-21 00:00:00;20:00;2017-01-21 20:00:00;;0.0;-36.1;-40.2;-163.5506250000002;15.0;-745.6143750000006
30622;2017-01-21 00:00:00;17:00;2017-01-21 17:00:00;;;-33.2;-38.1;-163.5506250000002;15.0;-745.6143750000006
30622;2017-01-21 00:00:00;14:00;2017-01-21 14:00:00;;;-33.8;-38.7;-163.5506250000002;15.0;-745.6143750000006
30622;2017-01-21 00:00:00;11:00;2017-01-21 11:00:00;;;-37.2;-41.6;-163.5506250000002;15.0;-745.6143750000006
30622;2017-01-21 00:00:00;08:00;2017-01-21 08:00:00;23.0;0.0;-39.6;-44.1;-163.5506250000002;15.0;-745.6143750000006
30622;2017-01-21 00:00:00;05:00;2017-01-21 05:00:00;;;-38.2;-42.6;-163.5506250000002;15.0;-745.6143750000006
30622;2017-01-21 00:00:00;02:00;2017-01-21 02:00:00;;;-36.8;-40.9;-163.5506250000002;15.0;-745.6143750000006
30622;2017-01-20 00:00:00;23:00;2017-01-20 23:00:00;;;-35.7;-39.6;-123.34156250000004;14.0;-582.0637500000004
30622;2017-01-20 00:00:00;20:00;2017-01-20 20:00:00;;0.2;-32.7;-36.1;-123.34156250000004;14.0;-582.0637500000004
30622;2017-01-20 00:00:00;17:00;2017-01-20 17:00:00;;;-27.9;-32.1;-123.34156250000004;14.0;-582.0637500000004
30622;2017-01-20 00:00:00;14:00;2017-01-20 14:00:00;;;-27.0;-32.2;-123.34156250000004;14.0;-582.0637500000004
30622;2017-01-20 00:00:00;11:00;2017-01-20 11:00:00;;;-32.4;-36.3;-123.34156250000004;14.0;-582.0637500000004
30622;2017-01-20 00:00:00;08:00;2017-01-20 08:00:00;23.0;0.2;-34.5;-38.4;-123.34156250000004;14.0;-582.0637500000004
30622;2017-01-20 00:00:00;05:00;2017-01-20 05:00:00;;;-32.5;-35.9;-123.34156250000004;14.0;-582.0637500000004
30622;2017-01-20 00:00:00;02:00;2017-01-20 02:00:00;;;-29.5;-32.9;-123.34156250000004;14.0;-582.0637500000004
30622;2017-01-19 00:00:00;23:00;2017-01-19 23:00:00;;;-25.9;-29.5;-146.3779687500001;13.0;-458.7221875000003
30622;2017-01-19 00:00:00;20:00;2017-01-19 20:00:00;;0.2;-27.0;-30.9;-146.3779687500001;13.0;-458.7221875000003
30622;2017-01-19 00:00:00;17:00;2017-01-19 17:00:00;;;-28.5;-33.1;-146.3779687500001;13.0;-458.7221875000003
30622;2017-01-19 00:00:00;14:00;2017-01-19 14:00:00;;;-31.2;-36.0;-146.3779687500001;13.0;-458.7221875000003
30622;2017-01-19 00:00:00;11:00;2017-01-19 11:00:00;;;-35.3;-39.6;-146.3779687500001;13.0;-458.7221875000003
30622;2017-01-19 00:00:00;08:00;2017-01-19 08:00:00;23.0;0.0;-37.7;-42.1;-146.3779687500001;13.0;-458.7221875000003
30622;2017-01-19 00:00:00;05:00;2017-01-19 05:00:00;;;-40.5;-45.3;-146.3779687500001;13.0;-458.7221875000003
30622;2017-01-19 00:00:00;02:00;2017-01-19 02:00:00;;;-40.8;-45.5;-146.3779687500001;13.0;-458.7221875000003
30622;2017-01-18 00:00:00;23:00;2017-01-18 23:00:00;;;-38.7;-43.2;-166.6437499999999;12.0;-312.3442187500002
30622;2017-01-18 00:00:00;20:00;2017-01-18 20:00:00;;0.0;-37.6;-41.6;-166.6437499999999;12.0;-312.3442187500002
30622;2017-01-18 00:00:00;17:00;2017-01-18 17:00:00;;;-33.8;-38.8;-166.6437499999999;12.0;-312.3442187500002
30622;2017-01-18 00:00:00;14:00;2017-01-18 14:00:00;;;-33.7;-39.3;-166.6437499999999;12.0;-312.3442187500002
30622;2017-01-18 00:00:00;11:00;2017-01-18 11:00:00;;;-37.5;-41.9;-166.6437499999999;12.0;-312.3442187500002
30622;2017-01-18 00:00:00;08:00;2017-01-18 08:00:00;23.0;0.3;-38.8;-43.3;-166.6437499999999;12.0;-312.3442187500002
30622;2017-01-18 00:00:00;05:00;2017-01-18 05:00:00;;;-37.2;-41.5;-166.6437499999999;12.0;-312.3442187500002
30622;2017-01-18 00:00:00;02:00;2017-01-18 02:00:00;;;-35.7;-39.8;-166.6437499999999;12.0;-312.3442187500002
30622;2017-01-17 00:00:00;23:00;2017-01-17 23:00:00;;;-34.0;-37.7;-124.78812500000005;11.0;-145.7004687500003
30622;2017-01-17 00:00:00;20:00;2017-01-17 20:00:00;;0.2;-32.7;-36.3;-124.78812500000005;11.0;-145.7004687500003
30622;2017-01-17 00:00:00;17:00;2017-01-17 17:00:00;;;-29.5;-33.7;-124.78812500000005;11.0;-145.7004687500003
30622;2017-01-17 00:00:00;14:00;2017-01-17 14:00:00;;;-29.3;-33.2;-124.78812500000005;11.0;-145.7004687500003
30622;2017-01-17 00:00:00;11:00;2017-01-17 11:00:00;;;-31.7;-35.5;-124.78812500000005;11.0;-145.7004687500003
30622;2017-01-17 00:00:00;08:00;2017-01-17 08:00:00;22.0;0.0;-34.6;-38.5;-124.78812500000005;11.0;-145.7004687500003
30622;2017-01-17 00:00:00;05:00;2017-01-17 05:00:00;;;-33.7;-37.6;-124.78812500000005;11.0;-145.7004687500003
30622;2017-01-17 00:00:00;02:00;2017-01-17 02:00:00;;;-33.8;-37.6;-124.78812500000005;11.0;-145.7004687500003
30622;2017-01-16 00:00:00;23:00;2017-01-16 23:00:00;;;-31.3;-34.8;-78.84406250000006;10.0;-20.912343750000247
30622;2017-01-16 00:00:00;20:00;2017-01-16 20:00:00;;0.3;-29.3;-32.5;-78.84406250000006;10.0;-20.912343750000247
30622;2017-01-16 00:00:00;17:00;2017-01-16 17:00:00;;;-23.4;-27.0;-78.84406250000006;10.0;-20.912343750000247
30622;2017-01-16 00:00:00;14:00;2017-01-16 14:00:00;;;-19.3;-23.5;-78.84406250000006;10.0;-20.912343750000247
30622;2017-01-16 00:00:00;11:00;2017-01-16 11:00:00;;;-20.7;-24.4;-78.84406250000006;10.0;-20.912343750000247
30622;2017-01-16 00:00:00;08:00;2017-01-16 08:00:00;22.0;0.9;-21.6;-24.5;-78.84406250000006;10.0;-20.912343750000247
30622;2017-01-16 00:00:00;05:00;2017-01-16 05:00:00;;;-22.8;-25.5;-78.84406250000006;10.0;-20.912343750000247
30622;2017-01-16 00:00:00;02:00;2017-01-16 02:00:00;;;-21.3;-24.1;-78.84406250000006;10.0;-20.912343750000247
30622;2017-01-15 00:00:00;23:00;2017-01-15 23:00:00;;;-21.7;-24.5;-93.98890624999996;9.0;57.93171874999982
30622;2017-01-15 00:00:00;20:00;2017-01-15 20:00:00;;0.4;-22.1;-25.3;-93.98890624999996;9.0;57.93171874999982
30622;2017-01-15 00:00:00;17:00;2017-01-15 17:00:00;;;-23.1;-26.9;-93.98890624999996;9.0;57.93171874999982
30622;2017-01-15 00:00:00;14:00;2017-01-15 14:00:00;;;-24.4;-29.3;-93.98890624999996;9.0;57.93171874999982
30622;2017-01-15 00:00:00;11:00;2017-01-15 11:00:00;;;-26.8;-30.8;-93.98890624999996;9.0;57.93171874999982
30622;2017-01-15 00:00:00;08:00;2017-01-15 08:00:00;21.0;0.0;-29.3;-32.7;-93.98890624999996;9.0;57.93171874999982
30622;2017-01-15 00:00:00;05:00;2017-01-15 05:00:00;;;-28.7;-32.3;-93.98890624999996;9.0;57.93171874999982
30622;2017-01-15 00:00:00;02:00;2017-01-15 02:00:00;;;-29.2;-32.8;-93.98890624999996;9.0;57.93171874999982
30622;2017-01-14 00:00:00;23:00;2017-01-14 23:00:00;;;-30.0;-33.7;-138.1028125000001;8.0;151.92062499999977
30622;2017-01-14 00:00:00;20:00;2017-01-14 20:00:00;;0.0;-28.8;-32.9;-138.1028125000001;8.0;151.92062499999977
30622;2017-01-14 00:00:00;17:00;2017-01-14 17:00:00;;;-27.3;-32.4;-138.1028125000001;8.0;151.92062499999977
30622;2017-01-14 00:00:00;14:00;2017-01-14 14:00:00;;;-27.7;-33.5;-138.1028125000001;8.0;151.92062499999977
30622;2017-01-14 00:00:00;11:00;2017-01-14 11:00:00;;;-31.4;-36.1;-138.1028125000001;8.0;151.92062499999977
30622;2017-01-14 00:00:00;08:00;2017-01-14 08:00:00;21.0;0.0;-32.7;-36.9;-138.1028125000001;8.0;151.92062499999977
30622;2017-01-14 00:00:00;05:00;2017-01-14 05:00:00;;;-33.9;-38.1;-138.1028125000001;8.0;151.92062499999977
30622;2017-01-14 00:00:00;02:00;2017-01-14 02:00:00;;;-34.4;-38.5;-138.1028125000001;8.0;151.92062499999977
30622;2017-01-13 00:00:00;23:00;2017-01-13 23:00:00;;;-35.1;-39.2;-172.04906250000005;7.0;290.0234374999999
30622;2017-01-13 00:00:00;20:00;2017-01-13 20:00:00;;0.0;-34.3;-38.4;-172.04906250000005;7.0;290.0234374999999
30622;2017-01-13 00:00:00;17:00;2017-01-13 17:00:00;;;-33.3;-38.4;-172.04906250000005;7.0;290.0234374999999
30622;2017-01-13 00:00:00;14:00;2017-01-13 14:00:00;;;-32.6;-38.7;-172.04906250000005;7.0;290.0234374999999
30622;2017-01-13 00:00:00;11:00;2017-01-13 11:00:00;;;-37.4;-41.9;-172.04906250000005;7.0;290.0234374999999
30622;2017-01-13 00:00:00;08:00;2017-01-13 08:00:00;21.0;0.0;-39.5;-44.2;-172.04906250000005;7.0;290.0234374999999
30622;2017-01-13 00:00:00;05:00;2017-01-13 05:00:00;;;-39.8;-44.4;-172.04906250000005;7.0;290.0234374999999
30622;2017-01-13 00:00:00;02:00;2017-01-13 02:00:00;;;-39.3;-43.9;-172.04906250000005;7.0;290.0234374999999
30622;2017-12-01 00:00:00;23:00;2017-12-01 23:00:00;;;-37.6;-42.0;-182.49468749999994;31.0;-1526.66953125
30622;2017-12-01 00:00:00;20:00;2017-12-01 20:00:00;;0.0;-36.6;-40.9;-182.49468749999994;31.0;-1526.66953125
30622;2017-12-01 00:00:00;17:00;2017-12-01 17:00:00;;;-34.7;-40.1;-182.49468749999994;31.0;-1526.66953125
30622;2017-12-01 00:00:00;14:00;2017-12-01 14:00:00;;;-33.8;-39.8;-182.49468749999994;31.0;-1526.66953125
30622;2017-12-01 00:00:00;11:00;2017-12-01 11:00:00;;;-38.3;-42.8;-182.49468749999994;31.0;-1526.66953125
30622;2017-12-01 00:00:00;08:00;2017-12-01 08:00:00;21.0;0.0;-40.8;-45.6;-182.49468749999994;31.0;-1526.66953125
30622;2017-12-01 00:00:00;05:00;2017-12-01 05:00:00;;;-40.3;-45.0;-182.49468749999994;31.0;-1526.66953125
30622;2017-12-01 00:00:00;02:00;2017-12-01 02:00:00;;;-39.7;-44.3;-182.49468749999994;31.0;-1526.66953125
30622;2017-11-01 00:00:00;23:00;2017-11-01 23:00:00;;;-38.7;-43.2;-183.17578125;1.0;-206.73578125
30622;2017-11-01 00:00:00;20:00;2017-11-01 20:00:00;;0.0;-37.0;-41.2;-183.17578125;1.0;-206.73578125
30622;2017-11-01 00:00:00;17:00;2017-11-01 17:00:00;;;-34.7;-40.0;-183.17578125;1.0;-206.73578125
30622;2017-11-01 00:00:00;14:00;2017-11-01 14:00:00;;;-35.0;-40.7;-183.17578125;1.0;-206.73578125
30622;2017-11-01 00:00:00;11:00;2017-11-01 11:00:00;;;-37.5;-42.1;-183.17578125;1.0;-206.73578125
30622;2017-11-01 00:00:00;08:00;2017-11-01 08:00:00;21.0;0.0;-41.0;-45.8;-183.17578125;1.0;-206.73578125
30622;2017-11-01 00:00:00;05:00;2017-11-01 05:00:00;;;-40.4;-45.1;-183.17578125;1.0;-206.73578125
30622;2017-11-01 00:00:00;02:00;2017-11-01 02:00:00;;;-40.2;-44.9;-183.17578125;1.0;-206.73578125
30622;2017-10-01 00:00:00;23:00;2017-10-01 23:00:00;;;-39.3;-43.9;-179.334375;6.0;-137.87453125
30622;2017-10-01 00:00:00;20:00;2017-10-01 20:00:00;;0.0;-38.3;-42.8;-179.334375;6.0;-137.87453125
30622;2017-10-01 00:00:00;17:00;2017-10-01 17:00:00;;;-36.6;-41.3;-179.334375;6.0;-137.87453125
30622;2017-10-01 00:00:00;14:00;2017-10-01 14:00:00;;;-35.6;-40.4;-179.334375;6.0;-137.87453125
30622;2017-10-01 00:00:00;11:00;2017-10-01 11:00:00;;;-38.2;-42.6;-179.334375;6.0;-137.87453125
30622;2017-10-01 00:00:00;08:00;2017-10-01 08:00:00;21.0;0.0;-40.8;-45.5;-179.334375;6.0;-137.87453125
30622;2017-10-01 00:00:00;05:00;2017-10-01 05:00:00;;;-40.9;-45.6;-179.334375;6.0;-137.87453125
30622;2017-10-01 00:00:00;02:00;2017-10-01 02:00:00;;;-40.5;-45.1;-179.334375;6.0;-137.87453125
30622;2017-09-01 00:00:00;23:00;2017-09-01 23:00:00;;;-38.8;-43.2;-155.21593750000005;16.0;995.7175
30622;2017-09-01 00:00:00;20:00;2017-09-01 20:00:00;;0.0;-37.4;-41.7;-155.21593750000005;16.0;995.7175
30622;2017-09-01 00:00:00;17:00;2017-09-01 17:00:00;;;-35.3;-39.4;-155.21593750000005;16.0;995.7175
30622;2017-09-01 00:00:00;14:00;2017-09-01 14:00:00;;;-33.6;-37.8;-155.21593750000005;16.0;995.7175
30622;2017-09-01 00:00:00;11:00;2017-09-01 11:00:00;;;-37.0;-41.2;-155.21593750000005;16.0;995.7175
30622;2017-09-01 00:00:00;08:00;2017-09-01 08:00:00;21.0;0.0;-39.4;-43.9;-155.21593750000005;16.0;995.7175
30622;2017-09-01 00:00:00;05:00;2017-09-01 05:00:00;;;-37.5;-41.7;-155.21593750000005;16.0;995.7175
30622;2017-09-01 00:00:00;02:00;2017-09-01 02:00:00;;;-34.9;-38.8;-155.21593750000005;16.0;995.7175
30622;2017-08-01 00:00:00;23:00;2017-08-01 23:00:00;;;-31.8;-35.2;-91.58062500000004;4.0;304.1354687499999
30622;2017-08-01 00:00:00;20:00;2017-08-01 20:00:00;;0.0;-28.2;-31.4;-91.58062500000004;4.0;304.1354687499999
30622;2017-08-01 00:00:00;17:00;2017-08-01 17:00:00;;;-25.0;-28.6;-91.58062500000004;4.0;304.1354687499999
30622;2017-08-01 00:00:00;14:00;2017-08-01 14:00:00;;;-24.7;-28.5;-91.58062500000004;4.0;304.1354687499999
30622;2017-08-01 00:00:00;11:00;2017-08-01 11:00:00;;;-28.0;-31.3;-91.58062500000004;4.0;304.1354687499999
30622;2017-08-01 00:00:00;08:00;2017-08-01 08:00:00;21.0;0.0;-30.5;-33.6;-91.58062500000004;4.0;304.1354687499999
30622;2017-08-01 00:00:00;05:00;2017-08-01 05:00:00;;;-27.3;-30.4;-91.58062500000004;4.0;304.1354687499999
30622;2017-08-01 00:00:00;02:00;2017-08-01 02:00:00;;;-23.2;-26.5;-91.58062500000004;4.0;304.1354687499999
30622;2017-07-01 00:00:00;23:00;2017-07-01 23:00:00;;;-21.2;-24.0;-65.30749999999998;13.0;3238.62328125
30622;2017-07-01 00:00:00;20:00;2017-07-01 20:00:00;;0.2;-14.5;-21.5;-65.30749999999998;13.0;3238.62328125
30622;2017-07-01 00:00:00;17:00;2017-07-01 17:00:00;;;-11.0;-19.4;-65.30749999999998;13.0;3238.62328125
30622;2017-07-01 00:00:00;14:00;2017-07-01 14:00:00;;;-15.5;-19.0;-65.30749999999998;13.0;3238.62328125
30622;2017-07-01 00:00:00;11:00;2017-07-01 11:00:00;;;-18.2;-20.4;-65.30749999999998;13.0;3238.62328125
30622;2017-07-01 00:00:00;08:00;2017-07-01 08:00:00;21.0;0.0;-19.5;-21.8;-65.30749999999998;13.0;3238.62328125
30622;2017-07-01 00:00:00;05:00;2017-07-01 05:00:00;;;-20.1;-22.2;-65.30749999999998;13.0;3238.62328125
30622;2017-07-01 00:00:00;02:00;2017-07-01 02:00:00;;;-18.4;-20.3;-65.30749999999998;13.0;3238.62328125
30622;2017-06-01 00:00:00;23:00;2017-06-01 23:00:00;;;-15.7;-18.0;-44.533124999999984;14.0;2129.8179687499996
30622;2017-06-01 00:00:00;20:00;2017-06-01 20:00:00;;0.0;-14.0;-16.5;-44.533124999999984;14.0;2129.8179687499996
30622;2017-06-01 00:00:00;17:00;2017-06-01 17:00:00;;;-14.9;-17.9;-44.533124999999984;14.0;2129.8179687499996
30622;2017-06-01 00:00:00;14:00;2017-06-01 14:00:00;;;-13.0;-17.2;-44.533124999999984;14.0;2129.8179687499996
30622;2017-06-01 00:00:00;11:00;2017-06-01 11:00:00;;;-16.5;-19.9;-44.533124999999984;14.0;2129.8179687499996
30622;2017-06-01 00:00:00;08:00;2017-06-01 08:00:00;21.0;0.0;-15.8;-18.4;-44.533124999999984;14.0;2129.8179687499996
30622;2017-06-01 00:00:00;05:00;2017-06-01 05:00:00;;;-15.5;-18.1;-44.533124999999984;14.0;2129.8179687499996
30622;2017-06-01 00:00:00;02:00;2017-06-01 02:00:00;;;-16.4;-19.2;-44.533124999999984;14.0;2129.8179687499996
30622;2017-05-01 00:00:00;23:00;2017-05-01 23:00:00;;;-17.9;-20.3;-62.81250000000003;13.0;872.0776562499999
30622;2017-05-01 00:00:00;20:00;2017-05-01 20:00:00;;0.0;-19.5;-22.2;-62.81250000000003;13.0;872.0776562499999
30622;2017-05-01 00:00:00;17:00;2017-05-01 17:00:00;;;-17.6;-20.9;-62.81250000000003;13.0;872.0776562499999
30622;2017-05-01 00:00:00;14:00;2017-05-01 14:00:00;;;-15.0;-20.7;-62.81250000000003;13.0;872.0776562499999
30622;2017-05-01 00:00:00;11:00;2017-05-01 11:00:00;;;-19.3;-22.6;-62.81250000000003;13.0;872.0776562499999
30622;2017-05-01 00:00:00;08:00;2017-05-01 08:00:00;21.0;0.0;-19.7;-22.7;-62.81250000000003;13.0;872.0776562499999
30622;2017-05-01 00:00:00;05:00;2017-05-01 05:00:00;;;-20.6;-23.7;-62.81250000000003;13.0;872.0776562499999
30622;2017-05-01 00:00:00;02:00;2017-05-01 02:00:00;;;-20.4;-23.7;-62.81250000000003;13.0;872.0776562499999
30622;2017-04-01 00:00:00;23:00;2017-04-01 23:00:00;;;-20.5;-23.9;-79.14046874999997;23.0;-901.6987499999999
30622;2017-04-01 00:00:00;20:00;2017-04-01 20:00:00;;0.0;-23.3;-26.4;-79.14046874999997;23.0;-901.6987499999999
30622;2017-04-01 00:00:00;17:00;2017-04-01 17:00:00;;;-23.0;-26.4;-79.14046874999997;23.0;-901.6987499999999
30622;2017-04-01 00:00:00;14:00;2017-04-01 14:00:00;;;-20.3;-25.5;-79.14046874999997;23.0;-901.6987499999999
30622;2017-04-01 00:00:00;11:00;2017-04-01 11:00:00;;;-26.0;-29.2;-79.14046874999997;23.0;-901.6987499999999
30622;2017-04-01 00:00:00;08:00;2017-04-01 08:00:00;21.0;0.0;-27.4;-30.2;-79.14046874999997;23.0;-901.6987499999999
30622;2017-04-01 00:00:00;05:00;2017-04-01 05:00:00;;;-25.5;-28.4;-79.14046874999997;23.0;-901.6987499999999
30622;2017-04-01 00:00:00;02:00;2017-04-01 02:00:00;;;-23.7;-26.4;-79.14046874999997;23.0;-901.6987499999999
30622;2017-03-01 00:00:00;23:00;2017-03-01 23:00:00;;;-21.2;-24.2;-79.38999999999997;22.0;-891.1812500000001
30622;2017-03-01 00:00:00;20:00;2017-03-01 20:00:00;;0.0;-22.3;-25.5;-79.38999999999997;22.0;-891.1812500000001
30622;2017-03-01 00:00:00;17:00;2017-03-01 17:00:00;;;-21.0;-24.9;-79.38999999999997;22.0;-891.1812500000001
30622;2017-03-01 00:00:00;14:00;2017-03-01 14:00:00;;;-22.0;-26.0;-79.38999999999997;22.0;-891.1812500000001
30622;2017-03-01 00:00:00;11:00;2017-03-01 11:00:00;;;-25.2;-28.8;-79.38999999999997;22.0;-891.1812500000001
30622;2017-03-01 00:00:00;08:00;2017-03-01 08:00:00;21.0;0.0;-25.6;-28.5;-79.38999999999997;22.0;-891.1812500000001
30622;2017-03-01 00:00:00;05:00;2017-03-01 05:00:00;;;-26.3;-29.4;-79.38999999999997;22.0;-891.1812500000001
30622;2017-03-01 00:00:00;02:00;2017-03-01 02:00:00;;;-23.2;-26.7;-79.38999999999997;22.0;-891.1812500000001
30622;2017-02-01 00:00:00;23:00;2017-02-01 23:00:00;;;-23.9;-27.3;-99.39124999999999;26.0;-2066.7814062500006
30622;2017-02-01 00:00:00;20:00;2017-02-01 20:00:00;;0.0;-25.3;-28.8;-99.39124999999999;26.0;-2066.7814062500006
30622;2017-02-01 00:00:00;17:00;2017-02-01 17:00:00;;;-24.6;-28.6;-99.39124999999999;26.0;-2066.7814062500006
30622;2017-02-01 00:00:00;14:00;2017-02-01 14:00:00;;;-25.2;-30.2;-99.39124999999999;26.0;-2066.7814062500006
30622;2017-02-01 00:00:00;11:00;2017-02-01 11:00:00;;;-28.3;-31.8;-99.39124999999999;26.0;-2066.7814062500006
30622;2017-02-01 00:00:00;08:00;2017-02-01 08:00:00;21.0;0.0;-29.4;-32.8;-99.39124999999999;26.0;-2066.7814062500006
30622;2017-02-01 00:00:00;05:00;2017-02-01 05:00:00;;;-29.2;-32.7;-99.39124999999999;26.0;-2066.7814062500006
30622;2017-02-01 00:00:00;02:00;2017-02-01 02:00:00;;;-29.0;-32.3;-99.39124999999999;26.0;-2066.7814062500006
30622;2017-01-01 00:00:00;23:00;2017-01-01 23:00:00;;;-32.4;-35.8;-110.22640625000003;0.0;0.0
30622;2017-01-01 00:00:00;20:00;2017-01-01 20:00:00;;0.0;-29.8;-33.2;-110.22640625000003;0.0;0.0
30622;2017-01-01 00:00:00;17:00;2017-01-01 17:00:00;;;-28.6;-32.3;-110.22640625000003;0.0;0.0
30622;2017-01-01 00:00:00;14:00;2017-01-01 14:00:00;;;-26.4;-30.6;-110.22640625000003;0.0;0.0
30622;2017-01-01 00:00:00;11:00;2017-01-01 11:00:00;;;-29.4;-32.9;-110.22640625000003;0.0;0.0
30622;2017-01-01 00:00:00;08:00;2017-01-01 08:00:00;21.0;0.0;-32.4;-36.1;-110.22640625000003;0.0;0.0
30622;2017-01-01 00:00:00;05:00;2017-01-01 05:00:00;;;-33.0;-36.5;-110.22640625000003;0.0;0.0
30622;2017-01-01 00:00:00;02:00;2017-01-01 02:00:00;;;-32.1;-35.6;-110.22640625000003;0.0;0.0
